7450-529728
OS REV: 1.05 Sensor Cal: 1580916347
Time (sec),  BV (Volts),  T (deg C),  DO (mg/l),  Q ()
1680223740,+2.89,+20.214, +7.124,+0.951
1680223800,+2.89,+20.272, +7.082,+0.951
1680223860,+2.89,+20.281, +7.055,+0.950
1680223920,+2.89,+20.331, +7.069,+0.952
1680223980,+2.89,+20.381, +7.055,+0.951
1680224040,+2.89,+20.373, +6.113,+0.942
1680224100,+2.89,+16.262, +7.191,+0.944
1680224160,+2.90,+14.149, +7.853,+0.947
1680224220,+2.90,+12.918, +8.258,+0.948
1680224280,+2.90,+12.122, +8.465,+0.948
1680224340,+2.90,+11.659, +8.446,+0.950
1680224400,+2.90,+12.016, +8.487,+0.950
1680224460,+2.90,+12.317, +8.433,+0.949
1680224520,+2.90,+12.653, +7.948,+0.946
1680224580,+2.90,+11.766, +8.555,+0.948
1680224640,+2.90,+11.364, +8.696,+0.948
1680224700,+2.90,+11.094, +8.811,+0.949
1680224760,+2.90,+10.959, +8.843,+0.949
1680224820,+2.90,+10.815, +8.895,+0.949
1680224880,+2.90,+10.742, +8.913,+0.949
1680224940,+2.90,+10.688, +8.920,+0.948
1680225000,+2.90,+10.643, +8.949,+0.949
1680225060,+2.90,+10.606, +8.956,+0.949
1680225120,+2.90,+10.597, +8.958,+0.949
1680225180,+2.90,+10.570, +8.968,+0.949
1680225240,+2.90,+10.561, +8.964,+0.949
1680225300,+2.90,+10.552, +8.967,+0.949
1680225360,+2.90,+10.543, +8.960,+0.948
1680225420,+2.90,+10.543, +8.962,+0.949
1680225480,+2.90,+10.561, +8.953,+0.949
1680225540,+2.90,+10.525, +8.961,+0.948
1680225600,+2.90,+10.552, +8.968,+0.949
1680225660,+2.90,+10.543, +8.954,+0.949
1680225720,+2.90,+10.534, +8.957,+0.948
1680225780,+2.90,+10.516, +8.965,+0.949
1680225840,+2.90,+10.543, +8.950,+0.948
1680225900,+2.90,+10.552, +8.943,+0.948
1680225960,+2.90,+10.561, +8.938,+0.948
1680226020,+2.90,+10.561, +8.936,+0.948
1680226080,+2.90,+10.561, +8.945,+0.948
1680226140,+2.90,+10.561, +8.942,+0.948
1680226200,+2.90,+10.570, +8.943,+0.949
1680226260,+2.90,+10.579, +8.933,+0.948
1680226320,+2.90,+10.606, +8.916,+0.948
1680226380,+2.90,+10.615, +8.918,+0.948
1680226440,+2.90,+10.615, +8.913,+0.947
1680226500,+2.90,+10.606, +8.926,+0.948
1680226560,+2.90,+10.652, +8.899,+0.948
1680226620,+2.90,+10.643, +8.905,+0.948
1680226680,+2.90,+10.661, +8.915,+0.948
1680226740,+2.90,+10.670, +8.904,+0.948
1680226800,+2.90,+10.688, +8.896,+0.948
1680226860,+2.90,+10.688, +8.897,+0.948
1680226920,+2.90,+10.697, +8.885,+0.947
1680226980,+2.90,+10.715, +8.879,+0.947
1680227040,+2.90,+10.715, +8.885,+0.948
1680227100,+2.90,+10.742, +8.873,+0.948
1680227160,+2.90,+10.751, +8.867,+0.947
1680227220,+2.90,+10.769, +8.874,+0.948
1680227280,+2.90,+10.769, +8.866,+0.948
1680227340,+2.90,+10.760, +8.869,+0.947
1680227400,+2.90,+10.769, +8.863,+0.947
1680227460,+2.90,+10.806, +8.863,+0.948
1680227520,+2.90,+10.815, +8.839,+0.947
1680227580,+2.90,+10.806, +8.851,+0.948
1680227640,+2.90,+10.833, +8.843,+0.948
1680227700,+2.90,+10.833, +8.842,+0.948
1680227760,+2.90,+10.824, +8.850,+0.948
1680227820,+2.90,+10.851, +8.840,+0.948
1680227880,+2.90,+10.869, +8.825,+0.947
1680227940,+2.90,+10.860, +8.842,+0.948
1680228000,+2.90,+10.869, +8.825,+0.947
1680228060,+2.90,+10.878, +8.830,+0.947
1680228120,+2.90,+10.905, +8.819,+0.947
1680228180,+2.90,+10.923, +8.816,+0.947
1680228240,+2.90,+10.932, +8.811,+0.947
1680228300,+2.90,+10.941, +8.820,+0.948
1680228360,+2.90,+10.950, +8.810,+0.947
1680228420,+2.90,+10.968, +8.817,+0.948
1680228480,+2.90,+10.968, +8.819,+0.948
1680228540,+2.90,+10.986, +8.795,+0.947
1680228600,+2.90,+10.995, +8.793,+0.947
1680228660,+2.90,+11.013, +8.788,+0.947
1680228720,+2.90,+11.031, +8.794,+0.947
1680228780,+2.90,+11.031, +8.792,+0.947
1680228840,+2.90,+11.049, +8.778,+0.947
1680228900,+2.90,+11.058, +8.794,+0.948
1680228960,+2.90,+11.076, +8.781,+0.947
1680229020,+2.90,+11.094, +8.784,+0.948
1680229080,+2.90,+11.094, +8.767,+0.947
1680229140,+2.90,+11.103, +8.769,+0.947
1680229200,+2.90,+11.112, +8.772,+0.947
1680229260,+2.90,+11.130, +8.765,+0.947
1680229320,+2.90,+11.130, +8.771,+0.947
1680229380,+2.90,+11.148, +8.751,+0.947
1680229440,+2.90,+11.166, +8.759,+0.947
1680229500,+2.90,+11.175, +8.754,+0.947
1680229560,+2.90,+11.166, +8.756,+0.947
1680229620,+2.90,+11.193, +8.753,+0.947
1680229680,+2.90,+11.193, +8.748,+0.947
1680229740,+2.90,+11.202, +8.749,+0.948
1680229800,+2.90,+11.229, +8.739,+0.947
1680229860,+2.90,+11.229, +8.733,+0.947
1680229920,+2.90,+11.229, +8.742,+0.947
1680229980,+2.90,+11.256, +8.725,+0.947
1680230040,+2.90,+11.265, +8.725,+0.947
1680230100,+2.90,+11.247, +8.741,+0.947
1680230160,+2.90,+11.283, +8.729,+0.947
1680230220,+2.90,+11.301, +8.720,+0.947
1680230280,+2.90,+11.310, +8.717,+0.947
1680230340,+2.90,+11.319, +8.722,+0.947
1680230400,+2.90,+11.328, +8.724,+0.947
1680230460,+2.90,+11.328, +8.724,+0.948
1680230520,+2.91,+11.355, +8.712,+0.947
1680230580,+2.90,+11.337, +8.717,+0.947
1680230640,+2.90,+11.373, +8.711,+0.947
1680230700,+2.90,+11.391, +8.705,+0.947
1680230760,+2.90,+11.400, +8.710,+0.947
1680230820,+2.90,+11.409, +8.703,+0.947
1680230880,+2.90,+11.427, +8.700,+0.947
1680230940,+2.90,+11.436, +8.704,+0.948
1680231000,+2.90,+11.427, +8.707,+0.948
1680231060,+2.90,+11.462, +8.695,+0.947
1680231120,+2.90,+11.462, +8.698,+0.947
1680231180,+2.90,+11.471, +8.679,+0.947
1680231240,+2.90,+11.480, +8.679,+0.947
1680231300,+2.90,+11.489, +8.688,+0.947
1680231360,+2.90,+11.507, +8.668,+0.947
1680231420,+2.90,+11.516, +8.669,+0.947
1680231480,+2.90,+11.516, +8.671,+0.947
1680231540,+2.90,+11.534, +8.672,+0.947
1680231600,+2.90,+11.552, +8.668,+0.947
1680231660,+2.90,+11.543, +8.670,+0.947
1680231720,+2.90,+11.561, +8.664,+0.947
1680231780,+2.90,+11.570, +8.669,+0.947
1680231840,+2.90,+11.561, +8.664,+0.947
1680231900,+2.90,+11.588, +8.662,+0.947
1680231960,+2.90,+11.606, +8.658,+0.947
1680232020,+2.90,+11.632, +8.649,+0.947
1680232080,+2.90,+11.623, +8.652,+0.947
1680232140,+2.90,+11.632, +8.655,+0.947
1680232200,+2.90,+11.632, +8.645,+0.947
1680232260,+2.90,+11.641, +8.647,+0.947
1680232320,+2.90,+11.668, +8.655,+0.948
1680232380,+2.90,+11.686, +8.643,+0.947
1680232440,+2.90,+11.686, +8.635,+0.947
1680232500,+2.90,+11.713, +8.630,+0.947
1680232560,+2.90,+11.695, +8.643,+0.947
1680232620,+2.90,+11.722, +8.642,+0.947
1680232680,+2.90,+11.722, +8.642,+0.947
1680232740,+2.90,+11.766, +8.617,+0.947
1680232800,+2.90,+11.757, +8.621,+0.947
1680232860,+2.90,+11.784, +8.614,+0.946
1680232920,+2.90,+11.793, +8.619,+0.947
1680232980,+2.90,+11.784, +8.616,+0.947
1680233040,+2.90,+11.802, +8.616,+0.947
1680233100,+2.90,+11.811, +8.612,+0.947
1680233160,+2.90,+11.802, +8.615,+0.947
1680233220,+2.90,+11.838, +8.611,+0.947
1680233280,+2.90,+11.856, +8.604,+0.947
1680233340,+2.90,+11.838, +8.616,+0.947
1680233400,+2.90,+11.856, +8.614,+0.948
1680233460,+2.90,+11.864, +8.596,+0.947
1680233520,+2.90,+11.891, +8.594,+0.947
1680233580,+2.90,+11.891, +8.594,+0.947
1680233640,+2.90,+11.909, +8.593,+0.947
1680233700,+2.90,+11.891, +8.605,+0.947
1680233760,+2.90,+11.918, +8.603,+0.948
1680233820,+2.90,+11.927, +8.586,+0.947
1680233880,+2.90,+11.918, +8.601,+0.947
1680233940,+2.90,+11.945, +8.585,+0.947
1680234000,+2.90,+11.953, +8.583,+0.947
1680234060,+2.90,+11.962, +8.594,+0.947
1680234120,+2.90,+11.971, +8.579,+0.947
1680234180,+2.90,+11.980, +8.593,+0.948
1680234240,+2.90,+12.007, +8.567,+0.947
1680234300,+2.90,+12.007, +8.574,+0.947
1680234360,+2.90,+12.016, +8.572,+0.947
1680234420,+2.90,+12.034, +8.568,+0.947
1680234480,+2.90,+12.051, +8.566,+0.947
1680234540,+2.90,+12.051, +8.570,+0.947
1680234600,+2.90,+12.069, +8.557,+0.947
1680234660,+2.90,+12.078, +8.558,+0.947
1680234720,+2.90,+12.078, +8.567,+0.947
1680234780,+2.90,+12.096, +8.551,+0.947
1680234840,+2.90,+12.105, +8.558,+0.947
1680234900,+2.90,+12.140, +8.546,+0.947
1680234960,+2.90,+12.131, +8.552,+0.947
1680235020,+2.90,+12.149, +8.547,+0.947
1680235080,+2.90,+12.131, +8.556,+0.947
1680235140,+2.90,+12.167, +8.544,+0.947
1680235200,+2.90,+12.158, +8.551,+0.947
1680235260,+2.90,+12.193, +8.544,+0.947
1680235320,+2.90,+12.184, +8.542,+0.947
1680235380,+2.90,+12.193, +8.535,+0.947
1680235440,+2.90,+12.211, +8.534,+0.947
1680235500,+2.90,+12.229, +8.529,+0.947
1680235560,+2.90,+12.211, +8.535,+0.947
1680235620,+2.90,+12.229, +8.530,+0.947
1680235680,+2.90,+12.255, +8.525,+0.947
1680235740,+2.90,+12.255, +8.528,+0.947
1680235800,+2.90,+12.273, +8.522,+0.947
1680235860,+2.90,+12.264, +8.512,+0.946
1680235920,+2.90,+12.273, +8.522,+0.947
1680235980,+2.90,+12.282, +8.509,+0.947
1680236040,+2.90,+12.300, +8.516,+0.947
1680236100,+2.90,+12.309, +8.517,+0.947
1680236160,+2.90,+12.326, +8.509,+0.947
1680236220,+2.90,+12.326, +8.513,+0.947
1680236280,+2.90,+12.335, +8.508,+0.947
1680236340,+2.90,+12.335, +8.521,+0.947
1680236400,+2.90,+12.371, +8.490,+0.946
1680236460,+2.90,+12.371, +8.499,+0.947
1680236520,+2.90,+12.406, +8.491,+0.947
1680236580,+2.90,+12.388, +8.498,+0.947
1680236640,+2.90,+12.397, +8.501,+0.947
1680236700,+2.90,+12.415, +8.505,+0.948
1680236760,+2.90,+12.433, +8.494,+0.947
1680236820,+2.90,+12.450, +8.489,+0.947
1680236880,+2.90,+12.450, +8.493,+0.947
1680236940,+2.90,+12.450, +8.493,+0.947
1680237000,+2.90,+12.468, +8.490,+0.947
1680237060,+2.90,+12.486, +8.479,+0.947
1680237120,+2.90,+12.477, +8.482,+0.947
1680237180,+2.90,+12.503, +8.481,+0.947
1680237240,+2.90,+12.512, +8.471,+0.947
1680237300,+2.90,+12.521, +8.465,+0.947
1680237360,+2.90,+12.521, +8.471,+0.947
1680237420,+2.90,+12.521, +8.478,+0.947
1680237480,+2.90,+12.530, +8.470,+0.947
1680237540,+2.90,+12.547, +8.477,+0.947
1680237600,+2.90,+12.556, +8.474,+0.947
1680237660,+2.90,+12.565, +8.477,+0.947
1680237720,+2.90,+12.583, +8.462,+0.947
1680237780,+2.90,+12.600, +8.461,+0.947
1680237840,+2.90,+12.600, +8.467,+0.948
1680237900,+2.90,+12.609, +8.460,+0.947
1680237960,+2.90,+12.627, +8.451,+0.947
1680238020,+2.90,+12.653, +8.452,+0.947
1680238080,+2.90,+12.636, +8.468,+0.948
1680238140,+2.90,+12.671, +8.445,+0.947
1680238200,+2.90,+12.662, +8.452,+0.947
1680238260,+2.90,+12.680, +8.452,+0.947
1680238320,+2.90,+12.697, +8.440,+0.947
1680238380,+2.90,+12.715, +8.446,+0.947
1680238440,+2.90,+12.715, +8.432,+0.947
1680238500,+2.90,+12.733, +8.434,+0.947
1680238560,+2.90,+12.724, +8.437,+0.947
1680238620,+2.90,+12.733, +8.438,+0.947
1680238680,+2.90,+12.741, +8.431,+0.947
1680238740,+2.90,+12.777, +8.428,+0.947
1680238800,+2.90,+12.777, +8.421,+0.947
1680238860,+2.90,+12.768, +8.431,+0.947
1680238920,+2.90,+12.777, +8.424,+0.947
1680238980,+2.90,+12.786, +8.427,+0.947
1680239040,+2.90,+12.821, +8.420,+0.947
1680239100,+2.90,+12.803, +8.424,+0.947
1680239160,+2.90,+12.821, +8.418,+0.947
1680239220,+2.90,+12.830, +8.418,+0.947
1680239280,+2.90,+12.830, +8.420,+0.947
1680239340,+2.90,+12.847, +8.408,+0.947
1680239400,+2.90,+12.865, +8.410,+0.947
1680239460,+2.90,+12.847, +8.411,+0.947
1680239520,+2.90,+12.865, +8.396,+0.946
1680239580,+2.90,+12.882, +8.405,+0.947
1680239640,+2.90,+12.882, +8.408,+0.947
1680239700,+2.90,+12.909, +8.393,+0.947
1680239760,+2.90,+12.918, +8.402,+0.947
1680239820,+2.90,+12.944, +8.387,+0.947
1680239880,+2.90,+12.953, +8.403,+0.947
1680239940,+2.90,+12.926, +8.395,+0.947
1680240000,+2.90,+12.953, +8.401,+0.948
1680240060,+2.90,+12.970, +8.392,+0.947
1680240120,+2.90,+12.979, +8.394,+0.947
1680240180,+2.90,+12.988, +8.384,+0.947
1680240240,+2.90,+12.988, +8.393,+0.947
1680240300,+2.90,+13.005, +8.390,+0.947
1680240360,+2.90,+13.032, +8.378,+0.947
1680240420,+2.90,+13.014, +8.379,+0.947
1680240480,+2.90,+13.032, +8.388,+0.948
1680240540,+2.90,+13.032, +8.369,+0.946
1680240600,+2.90,+13.067, +8.371,+0.947
1680240660,+2.90,+13.067, +8.372,+0.947
1680240720,+2.90,+13.084, +8.372,+0.947
1680240780,+2.90,+13.067, +8.378,+0.947
1680240840,+2.90,+13.093, +8.366,+0.947
1680240900,+2.90,+13.111, +8.362,+0.947
1680240960,+2.90,+13.111, +8.365,+0.947
1680241020,+2.90,+13.111, +8.362,+0.947
1680241080,+2.90,+13.120, +8.357,+0.947
1680241140,+2.90,+13.146, +8.360,+0.947
1680241200,+2.90,+13.137, +8.357,+0.947
1680241260,+2.90,+13.163, +8.346,+0.947
1680241320,+2.90,+13.172, +8.357,+0.947
1680241380,+2.90,+13.163, +8.360,+0.947
1680241440,+2.90,+13.181, +8.358,+0.947
1680241500,+2.90,+13.198, +8.357,+0.948
1680241560,+2.90,+13.207, +8.351,+0.947
1680241620,+2.90,+13.216, +8.348,+0.947
1680241680,+2.90,+13.233, +8.340,+0.947
1680241740,+2.90,+13.242, +8.350,+0.948
1680241800,+2.90,+13.251, +8.346,+0.947
1680241860,+2.90,+13.260, +8.341,+0.947
1680241920,+2.90,+13.269, +8.339,+0.947
1680241980,+2.90,+13.286, +8.335,+0.947
1680242040,+2.90,+13.286, +8.330,+0.947
1680242100,+2.90,+13.312, +8.329,+0.947
1680242160,+2.89,+13.312, +8.327,+0.947
1680242220,+2.90,+13.321, +8.325,+0.947
1680242280,+2.89,+13.330, +8.326,+0.947
1680242340,+2.89,+13.339, +8.325,+0.947
1680242400,+2.90,+13.365, +8.313,+0.947
1680242460,+2.90,+13.356, +8.319,+0.947
1680242520,+2.89,+13.356, +8.326,+0.947
1680242580,+2.90,+13.391, +8.313,+0.947
1680242640,+2.89,+13.391, +8.307,+0.947
1680242700,+2.89,+13.382, +8.317,+0.947
1680242760,+2.89,+13.391, +8.311,+0.947
1680242820,+2.89,+13.409, +8.310,+0.947
1680242880,+2.89,+13.417, +8.313,+0.948
1680242940,+2.89,+13.435, +8.305,+0.947
1680243000,+2.89,+13.426, +8.308,+0.947
1680243060,+2.89,+13.435, +8.312,+0.948
1680243120,+2.89,+13.452, +8.295,+0.947
1680243180,+2.90,+13.478, +8.300,+0.947
1680243240,+2.90,+13.478, +8.296,+0.947
1680243300,+2.90,+13.478, +8.299,+0.947
1680243360,+2.90,+13.496, +8.294,+0.947
1680243420,+2.90,+13.496, +8.292,+0.947
1680243480,+2.90,+13.531, +8.293,+0.948
1680243540,+2.90,+13.548, +8.289,+0.948
1680243600,+2.90,+13.557, +8.283,+0.947
1680243660,+2.90,+13.566, +8.274,+0.947
1680243720,+2.90,+13.557, +8.282,+0.947
1680243780,+2.90,+13.575, +8.282,+0.947
1680243840,+2.90,+13.601, +8.271,+0.947
1680243900,+2.90,+13.618, +8.266,+0.947
1680243960,+2.90,+13.601, +8.278,+0.947
1680244020,+2.90,+13.618, +8.270,+0.947
1680244080,+2.90,+13.627, +8.265,+0.947
1680244140,+2.90,+13.636, +8.266,+0.947
1680244200,+2.90,+13.653, +8.270,+0.948
1680244260,+2.90,+13.644, +8.260,+0.947
1680244320,+2.90,+13.670, +8.263,+0.947
1680244380,+2.90,+13.670, +8.264,+0.947
1680244440,+2.90,+13.670, +8.260,+0.947
1680244500,+2.90,+13.697, +8.247,+0.947
1680244560,+2.90,+13.697, +8.252,+0.947
1680244620,+2.90,+13.697, +8.256,+0.947
1680244680,+2.90,+13.714, +8.250,+0.947
1680244740,+2.90,+13.705, +8.255,+0.947
1680244800,+2.90,+13.740, +8.243,+0.947
1680244860,+2.90,+13.731, +8.254,+0.948
1680244920,+2.90,+13.740, +8.250,+0.947
1680244980,+2.90,+13.749, +8.241,+0.947
1680245040,+2.90,+13.792, +8.236,+0.948
1680245100,+2.90,+13.775, +8.241,+0.947
1680245160,+2.90,+13.792, +8.230,+0.947
1680245220,+2.90,+13.810, +8.226,+0.947
1680245280,+2.90,+13.819, +8.224,+0.947
1680245340,+2.90,+13.810, +8.234,+0.947
1680245400,+2.90,+13.819, +8.240,+0.947
1680245460,+2.90,+13.836, +8.231,+0.947
1680245520,+2.90,+13.836, +8.229,+0.947
1680245580,+2.90,+13.853, +8.228,+0.947
1680245640,+2.90,+13.871, +8.223,+0.947
1680245700,+2.90,+13.879, +8.222,+0.947
1680245760,+2.90,+13.897, +8.217,+0.947
1680245820,+2.90,+13.897, +8.217,+0.947
1680245880,+2.90,+13.914, +8.219,+0.947
1680245940,+2.90,+13.923, +8.212,+0.947
1680246000,+2.90,+13.914, +8.210,+0.947
1680246060,+2.90,+13.932, +8.213,+0.947
1680246120,+2.90,+13.958, +8.213,+0.948
1680246180,+2.90,+13.966, +8.209,+0.947
1680246240,+2.90,+13.975, +8.201,+0.947
1680246300,+2.90,+13.984, +8.203,+0.948
1680246360,+2.90,+14.001, +8.197,+0.947
1680246420,+2.90,+13.975, +8.220,+0.948
1680246480,+2.90,+14.019, +8.188,+0.947
1680246540,+2.90,+14.027, +8.200,+0.948
1680246600,+2.90,+14.010, +8.188,+0.947
1680246660,+2.90,+14.036, +8.196,+0.948
1680246720,+2.90,+14.036, +8.190,+0.947
1680246780,+2.90,+14.053, +8.199,+0.948
1680246840,+2.90,+14.053, +8.189,+0.947
1680246900,+2.90,+14.071, +8.200,+0.948
1680246960,+2.90,+14.079, +8.188,+0.948
1680247020,+2.90,+14.088, +8.175,+0.947
1680247080,+2.90,+14.105, +8.183,+0.947
1680247140,+2.90,+14.097, +8.180,+0.947
1680247200,+2.90,+14.114, +8.176,+0.947
1680247260,+2.90,+14.149, +8.169,+0.947
1680247320,+2.90,+14.149, +8.169,+0.947
1680247380,+2.90,+14.149, +8.172,+0.947
1680247440,+2.90,+14.175, +8.179,+0.948
1680247500,+2.90,+14.175, +8.168,+0.947
1680247560,+2.90,+14.183, +8.162,+0.947
1680247620,+2.90,+14.201, +8.157,+0.947
1680247680,+2.90,+14.209, +8.167,+0.948
1680247740,+2.90,+14.218, +8.160,+0.947
1680247800,+2.90,+14.218, +8.165,+0.948
1680247860,+2.89,+14.253, +8.148,+0.947
1680247920,+2.90,+14.227, +8.161,+0.947
1680247980,+2.90,+14.244, +8.149,+0.947
1680248040,+2.89,+14.270, +8.150,+0.947
1680248100,+2.89,+14.244, +8.153,+0.947
1680248160,+2.89,+14.287, +8.143,+0.947
1680248220,+2.89,+14.279, +8.155,+0.948
1680248280,+2.89,+14.305, +8.148,+0.948
1680248340,+2.89,+14.296, +8.150,+0.948
1680248400,+2.89,+14.313, +8.136,+0.947
1680248460,+2.89,+14.322, +8.138,+0.947
1680248520,+2.89,+14.331, +8.145,+0.948
1680248580,+2.89,+14.331, +8.145,+0.947
1680248640,+2.89,+14.348, +8.133,+0.947
1680248700,+2.89,+14.348, +8.136,+0.947
1680248760,+2.89,+14.365, +8.134,+0.948
1680248820,+2.89,+14.374, +8.134,+0.948
1680248880,+2.89,+14.391, +8.120,+0.947
1680248940,+2.89,+14.417, +8.123,+0.947
1680249000,+2.89,+14.417, +8.118,+0.947
1680249060,+2.89,+14.426, +8.118,+0.947
1680249120,+2.89,+14.443, +8.119,+0.947
1680249180,+2.89,+14.461, +8.108,+0.947
1680249240,+2.89,+14.443, +8.114,+0.947
1680249300,+2.89,+14.469, +8.119,+0.948
1680249360,+2.89,+14.495, +8.113,+0.948
1680249420,+2.89,+14.495, +8.105,+0.947
1680249480,+2.89,+14.495, +8.101,+0.947
1680249540,+2.89,+14.521, +8.102,+0.947
1680249600,+2.89,+14.521, +8.099,+0.947
1680249660,+2.89,+14.512, +8.109,+0.948
1680249720,+2.89,+14.530, +8.106,+0.948
1680249780,+2.89,+14.547, +8.107,+0.948
1680249840,+2.89,+14.547, +8.094,+0.947
1680249900,+2.89,+14.538, +8.108,+0.948
1680249960,+2.89,+14.547, +8.100,+0.947
1680250020,+2.89,+14.590, +8.088,+0.947
1680250080,+2.89,+14.582, +8.091,+0.948
1680250140,+2.89,+14.582, +8.096,+0.948
1680250200,+2.89,+14.590, +8.093,+0.947
1680250260,+2.89,+14.590, +8.089,+0.947
1680250320,+2.89,+14.607, +8.076,+0.947
1680250380,+2.90,+14.625, +8.083,+0.947
1680250440,+2.90,+14.633, +8.077,+0.947
1680250500,+2.90,+14.625, +8.085,+0.947
1680250560,+2.90,+14.642, +8.083,+0.948
1680250620,+2.90,+14.659, +8.078,+0.947
1680250680,+2.90,+14.685, +8.075,+0.948
1680250740,+2.90,+14.677, +8.083,+0.948
1680250800,+2.90,+14.668, +8.079,+0.948
1680250860,+2.90,+14.694, +8.068,+0.947
1680250920,+2.90,+14.720, +8.061,+0.947
1680250980,+2.90,+14.728, +8.063,+0.947
1680251040,+2.90,+14.720, +8.073,+0.948
1680251100,+2.90,+14.754, +8.065,+0.948
1680251160,+2.90,+14.763, +8.066,+0.948
1680251220,+2.90,+14.763, +8.064,+0.948
1680251280,+2.90,+14.771, +8.061,+0.948
1680251340,+2.90,+14.780, +8.052,+0.947
1680251400,+2.90,+14.780, +8.059,+0.948
1680251460,+2.90,+14.771, +8.071,+0.948
1680251520,+2.90,+14.815, +8.055,+0.948
1680251580,+2.90,+14.815, +8.047,+0.947
1680251640,+2.90,+14.806, +8.060,+0.948
1680251700,+2.90,+14.815, +8.058,+0.948
1680251760,+2.90,+14.832, +8.042,+0.947
1680251820,+2.90,+14.840, +8.049,+0.948
1680251880,+2.90,+14.840, +8.045,+0.947
1680251940,+2.90,+14.858, +8.047,+0.948
1680252000,+2.90,+14.866, +8.049,+0.948
1680252060,+2.90,+14.875, +8.045,+0.948
1680252120,+2.90,+14.892, +8.026,+0.947
1680252180,+2.90,+14.892, +8.028,+0.947
1680252240,+2.90,+14.901, +8.042,+0.948
1680252300,+2.90,+14.918, +8.029,+0.947
1680252360,+2.90,+14.927, +8.029,+0.947
1680252420,+2.90,+14.927, +8.031,+0.947
1680252480,+2.90,+14.944, +8.029,+0.947
1680252540,+2.90,+14.944, +8.031,+0.948
1680252600,+2.90,+14.970, +8.026,+0.948
1680252660,+2.90,+14.970, +8.029,+0.948
1680252720,+2.90,+14.978, +8.018,+0.947
1680252780,+2.90,+14.987, +8.032,+0.948
1680252840,+2.90,+15.004, +8.022,+0.948
1680252900,+2.90,+15.004, +8.022,+0.948
1680252960,+2.90,+15.021, +8.011,+0.947
1680253020,+2.90,+15.021, +8.025,+0.948
1680253080,+2.90,+15.038, +8.013,+0.948
1680253140,+2.90,+15.056, +8.005,+0.947
1680253200,+2.90,+15.064, +7.998,+0.947
1680253260,+2.90,+15.073, +8.009,+0.948
1680253320,+2.90,+15.064, +8.004,+0.947
1680253380,+2.90,+15.090, +7.998,+0.947
1680253440,+2.90,+15.099, +7.997,+0.947
1680253500,+2.90,+15.090, +8.007,+0.948
1680253560,+2.90,+15.090, +8.004,+0.948
1680253620,+2.90,+15.107, +7.999,+0.947
1680253680,+2.90,+15.142, +7.997,+0.948
1680253740,+2.90,+15.124, +7.994,+0.947
1680253800,+2.89,+15.142, +7.984,+0.947
1680253860,+2.90,+15.133, +7.989,+0.947
1680253920,+2.90,+15.142, +7.994,+0.948
1680253980,+2.89,+15.142, +7.998,+0.948
1680254040,+2.89,+15.167, +7.981,+0.948
1680254100,+2.89,+15.185, +7.985,+0.948
1680254160,+2.89,+15.167, +7.988,+0.948
1680254220,+2.89,+15.185, +7.986,+0.948
1680254280,+2.89,+15.210, +7.986,+0.948
1680254340,+2.89,+15.202, +7.987,+0.948
1680254400,+2.89,+15.219, +7.980,+0.948
1680254460,+2.89,+15.210, +7.978,+0.947
1680254520,+2.89,+15.236, +7.972,+0.948
1680254580,+2.89,+15.236, +7.984,+0.948
1680254640,+2.89,+15.236, +7.974,+0.948
1680254700,+2.89,+15.245, +7.981,+0.948
1680254760,+2.89,+15.270, +7.969,+0.947
1680254820,+2.89,+15.270, +7.974,+0.948
1680254880,+2.89,+15.288, +7.967,+0.948
1680254940,+2.89,+15.305, +7.971,+0.948
1680255000,+2.89,+15.296, +7.964,+0.947
1680255060,+2.89,+15.313, +7.972,+0.948
1680255120,+2.89,+15.322, +7.957,+0.947
1680255180,+2.89,+15.322, +7.962,+0.947
1680255240,+2.89,+15.339, +7.969,+0.948
1680255300,+2.89,+15.348, +7.956,+0.948
1680255360,+2.89,+15.348, +7.968,+0.948
1680255420,+2.89,+15.356, +7.961,+0.947
1680255480,+2.89,+15.365, +7.954,+0.947
1680255540,+2.89,+15.382, +7.946,+0.947
1680255600,+2.89,+15.391, +7.944,+0.947
1680255660,+2.89,+15.391, +7.957,+0.948
1680255720,+2.89,+15.399, +7.947,+0.947
1680255780,+2.89,+15.416, +7.939,+0.947
1680255840,+2.89,+15.408, +7.942,+0.947
1680255900,+2.89,+15.433, +7.941,+0.947
1680255960,+2.89,+15.442, +7.937,+0.948
1680256020,+2.89,+15.425, +7.948,+0.948
1680256080,+2.89,+15.442, +7.934,+0.947
1680256140,+2.89,+15.476, +7.928,+0.947
1680256200,+2.89,+15.468, +7.930,+0.947
1680256260,+2.89,+15.468, +7.940,+0.948
1680256320,+2.89,+15.485, +7.933,+0.948
1680256380,+2.89,+15.493, +7.934,+0.948
1680256440,+2.89,+15.485, +7.935,+0.948
1680256500,+2.89,+15.493, +7.935,+0.948
1680256560,+2.89,+15.519, +7.920,+0.947
1680256620,+2.89,+15.502, +7.932,+0.948
1680256680,+2.89,+15.519, +7.924,+0.947
1680256740,+2.89,+15.519, +7.926,+0.947
1680256800,+2.89,+15.545, +7.917,+0.947
1680256860,+2.89,+15.536, +7.928,+0.948
1680256920,+2.89,+15.545, +7.922,+0.948
1680256980,+2.89,+15.562, +7.919,+0.947
1680257040,+2.89,+15.562, +7.921,+0.948
1680257100,+2.89,+15.596, +7.914,+0.948
1680257160,+2.89,+15.570, +7.923,+0.948
1680257220,+2.89,+15.588, +7.914,+0.947
1680257280,+2.89,+15.605, +7.911,+0.947
1680257340,+2.89,+15.622, +7.900,+0.947
1680257400,+2.89,+15.622, +7.913,+0.948
1680257460,+2.89,+15.639, +7.897,+0.947
1680257520,+2.89,+15.647, +7.907,+0.947
1680257580,+2.89,+15.647, +7.910,+0.948
1680257640,+2.89,+15.665, +7.896,+0.947
1680257700,+2.89,+15.673, +7.892,+0.947
1680257760,+2.89,+15.682, +7.897,+0.947
1680257820,+2.89,+15.673, +7.894,+0.947
1680257880,+2.89,+15.673, +7.906,+0.948
1680257940,+2.89,+15.699, +7.895,+0.948
1680258000,+2.89,+15.699, +7.890,+0.947
1680258060,+2.89,+15.699, +7.905,+0.948
1680258120,+2.89,+15.716, +7.899,+0.948
1680258180,+2.89,+15.716, +7.897,+0.948
1680258240,+2.89,+15.742, +7.891,+0.948
1680258300,+2.89,+15.742, +7.887,+0.948
1680258360,+2.89,+15.724, +7.886,+0.947
1680258420,+2.89,+15.733, +7.893,+0.948
1680258480,+2.90,+15.767, +7.871,+0.947
1680258540,+2.90,+15.750, +7.893,+0.948
1680258600,+2.90,+15.776, +7.884,+0.947
1680258660,+2.90,+15.784, +7.881,+0.947
1680258720,+2.90,+15.793, +7.886,+0.948
1680258780,+2.90,+15.801, +7.877,+0.947
1680258840,+2.90,+15.810, +7.882,+0.948
1680258900,+2.90,+15.810, +7.885,+0.948
1680258960,+2.90,+15.819, +7.878,+0.947
1680259020,+2.90,+15.836, +7.877,+0.948
1680259080,+2.90,+15.844, +7.876,+0.948
1680259140,+2.90,+15.836, +7.876,+0.948
1680259200,+2.90,+15.861, +7.871,+0.948
1680259260,+2.90,+15.870, +7.864,+0.947
1680259320,+2.90,+15.870, +7.873,+0.948
1680259380,+2.90,+15.870, +7.872,+0.948
1680259440,+2.90,+15.887, +7.858,+0.947
1680259500,+2.90,+15.887, +7.870,+0.948
1680259560,+2.90,+15.904, +7.863,+0.947
1680259620,+2.90,+15.921, +7.870,+0.949
1680259680,+2.90,+15.904, +7.865,+0.948
1680259740,+2.90,+15.930, +7.858,+0.948
1680259800,+2.90,+15.921, +7.863,+0.948
1680259860,+2.90,+15.938, +7.855,+0.948
1680259920,+2.90,+15.947, +7.857,+0.948
1680259980,+2.90,+15.947, +7.853,+0.948
1680260040,+2.90,+15.938, +7.859,+0.948
1680260100,+2.90,+15.972, +7.849,+0.948
1680260160,+2.89,+15.955, +7.858,+0.948
1680260220,+2.89,+15.972, +7.843,+0.947
1680260280,+2.89,+15.989, +7.846,+0.947
1680260340,+2.90,+16.006, +7.839,+0.947
1680260400,+2.89,+15.998, +7.850,+0.948
1680260460,+2.89,+16.015, +7.846,+0.948
1680260520,+2.89,+16.040, +7.846,+0.948
1680260580,+2.89,+16.023, +7.850,+0.948
1680260640,+2.89,+16.040, +7.844,+0.948
1680260700,+2.89,+16.032, +7.850,+0.948
1680260760,+2.89,+16.049, +7.836,+0.947
1680260820,+2.89,+16.075, +7.827,+0.947
1680260880,+2.89,+16.075, +7.833,+0.947
1680260940,+2.89,+16.075, +7.834,+0.948
1680261000,+2.89,+16.083, +7.832,+0.948
1680261060,+2.89,+16.100, +7.826,+0.947
1680261120,+2.89,+16.109, +7.831,+0.948
1680261180,+2.89,+16.109, +7.833,+0.948
1680261240,+2.89,+16.126, +7.822,+0.947
1680261300,+2.89,+16.126, +7.828,+0.948
1680261360,+2.89,+16.126, +7.831,+0.948
1680261420,+2.89,+16.126, +7.834,+0.948
1680261480,+2.89,+16.126, +7.819,+0.947
1680261540,+2.89,+16.151, +7.825,+0.948
1680261600,+2.89,+16.151, +7.815,+0.947
1680261660,+2.89,+16.143, +7.822,+0.948
1680261720,+2.89,+16.168, +7.820,+0.948
1680261780,+2.89,+16.168, +7.812,+0.948
1680261840,+2.89,+16.160, +7.812,+0.947
1680261900,+2.89,+16.185, +7.814,+0.947
1680261960,+2.89,+16.194, +7.804,+0.947
1680262020,+2.89,+16.194, +7.809,+0.947
1680262080,+2.89,+16.185, +7.808,+0.947
1680262140,+2.89,+16.211, +7.805,+0.947
1680262200,+2.89,+16.194, +7.813,+0.948
1680262260,+2.89,+16.211, +7.804,+0.947
1680262320,+2.89,+16.220, +7.813,+0.948
1680262380,+2.89,+16.220, +7.808,+0.948
1680262440,+2.89,+16.237, +7.802,+0.948
1680262500,+2.89,+16.254, +7.805,+0.948
1680262560,+2.89,+16.237, +7.809,+0.948
1680262620,+2.89,+16.254, +7.792,+0.947
1680262680,+2.89,+16.262, +7.803,+0.948
1680262740,+2.89,+16.271, +7.797,+0.948
1680262800,+2.89,+16.296, +7.786,+0.947
1680262860,+2.89,+16.296, +7.801,+0.948
1680262920,+2.89,+16.296, +7.800,+0.948
1680262980,+2.89,+16.296, +7.800,+0.948
1680263040,+2.89,+16.322, +7.789,+0.947
1680263100,+2.89,+16.322, +7.793,+0.948
1680263160,+2.89,+16.322, +7.796,+0.948
1680263220,+2.89,+16.347, +7.786,+0.947
1680263280,+2.89,+16.339, +7.785,+0.947
1680263340,+2.89,+16.356, +7.786,+0.948
1680263400,+2.89,+16.347, +7.792,+0.948
1680263460,+2.89,+16.364, +7.792,+0.948
1680263520,+2.89,+16.364, +7.792,+0.948
1680263580,+2.89,+16.381, +7.781,+0.948
1680263640,+2.89,+16.390, +7.768,+0.947
1680263700,+2.89,+16.381, +7.781,+0.948
1680263760,+2.89,+16.373, +7.777,+0.947
1680263820,+2.89,+16.390, +7.771,+0.947
1680263880,+2.89,+16.398, +7.779,+0.948
1680263940,+2.89,+16.415, +7.780,+0.948
1680264000,+2.89,+16.415, +7.773,+0.948
1680264060,+2.89,+16.424, +7.771,+0.948
1680264120,+2.89,+16.424, +7.780,+0.948
1680264180,+2.89,+16.432, +7.768,+0.948
1680264240,+2.89,+16.441, +7.775,+0.948
1680264300,+2.89,+16.449, +7.769,+0.947
1680264360,+2.89,+16.441, +7.773,+0.947
1680264420,+2.89,+16.475, +7.758,+0.947
1680264480,+2.89,+16.475, +7.760,+0.947
1680264540,+2.89,+16.483, +7.769,+0.948
1680264600,+2.89,+16.483, +7.765,+0.948
1680264660,+2.89,+16.483, +7.765,+0.948
1680264720,+2.89,+16.509, +7.756,+0.948
1680264780,+2.89,+16.517, +7.767,+0.948
1680264840,+2.89,+16.526, +7.751,+0.947
1680264900,+2.89,+16.526, +7.763,+0.948
1680264960,+2.89,+16.543, +7.748,+0.947
1680265020,+2.89,+16.551, +7.752,+0.948
1680265080,+2.89,+16.534, +7.752,+0.948
1680265140,+2.89,+16.568, +7.760,+0.948
1680265200,+2.89,+16.585, +7.753,+0.948
1680265260,+2.89,+16.560, +7.744,+0.947
1680265320,+2.89,+16.560, +7.748,+0.947
1680265380,+2.89,+16.551, +7.754,+0.948
1680265440,+2.89,+16.577, +7.755,+0.948
1680265500,+2.89,+16.594, +7.749,+0.948
1680265560,+2.89,+16.602, +7.748,+0.948
1680265620,+2.89,+16.602, +7.741,+0.948
1680265680,+2.89,+16.602, +7.745,+0.948
1680265740,+2.89,+16.594, +7.754,+0.948
1680265800,+2.89,+16.602, +7.750,+0.948
1680265860,+2.89,+16.628, +7.735,+0.948
1680265920,+2.89,+16.619, +7.745,+0.948
1680265980,+2.89,+16.619, +7.743,+0.948
1680266040,+2.89,+16.636, +7.745,+0.948
1680266100,+2.89,+16.670, +7.733,+0.948
1680266160,+2.89,+16.645, +7.738,+0.948
1680266220,+2.89,+16.670, +7.732,+0.948
1680266280,+2.89,+16.679, +7.736,+0.948
1680266340,+2.89,+16.696, +7.725,+0.948
1680266400,+2.89,+16.687, +7.736,+0.948
1680266460,+2.89,+16.704, +7.733,+0.948
1680266520,+2.89,+16.704, +7.728,+0.948
1680266580,+2.89,+16.713, +7.720,+0.947
1680266640,+2.89,+16.721, +7.727,+0.948
1680266700,+2.89,+16.721, +7.728,+0.948
1680266760,+2.89,+16.738, +7.720,+0.948
1680266820,+2.89,+16.747, +7.721,+0.948
1680266880,+2.89,+16.721, +7.722,+0.947
1680266940,+2.89,+16.755, +7.719,+0.948
1680267000,+2.89,+16.747, +7.723,+0.948
1680267060,+2.89,+16.738, +7.722,+0.948
1680267120,+2.89,+16.764, +7.716,+0.948
1680267180,+2.89,+16.764, +7.717,+0.947
1680267240,+2.89,+16.781, +7.714,+0.948
1680267300,+2.89,+16.772, +7.733,+0.949
1680267360,+2.89,+16.781, +7.704,+0.947
1680267420,+2.89,+16.781, +7.720,+0.948
1680267480,+2.89,+16.772, +7.725,+0.948
1680267540,+2.89,+16.806, +7.714,+0.948
1680267600,+2.89,+16.815, +7.707,+0.948
1680267660,+2.89,+16.832, +7.699,+0.947
1680267720,+2.89,+16.806, +7.714,+0.948
1680267780,+2.89,+16.832, +7.712,+0.948
1680267840,+2.89,+16.832, +7.706,+0.948
1680267900,+2.89,+16.840, +7.709,+0.948
1680267960,+2.89,+16.857, +7.708,+0.948
1680268020,+2.89,+16.840, +7.711,+0.948
1680268080,+2.89,+16.857, +7.703,+0.947
1680268140,+2.89,+16.874, +7.707,+0.948
1680268200,+2.89,+16.874, +7.707,+0.948
1680268260,+2.89,+16.882, +7.710,+0.948
1680268320,+2.89,+16.882, +7.697,+0.947
1680268380,+2.89,+16.891, +7.700,+0.948
1680268440,+2.89,+16.899, +7.699,+0.948
1680268500,+2.89,+16.916, +7.705,+0.949
1680268560,+2.89,+16.916, +7.700,+0.948
1680268620,+2.89,+16.933, +7.685,+0.947
1680268680,+2.89,+16.925, +7.693,+0.948
1680268740,+2.89,+16.925, +7.702,+0.948
1680268800,+2.89,+16.942, +7.695,+0.948
1680268860,+2.89,+16.950, +7.686,+0.948
1680268920,+2.89,+16.959, +7.685,+0.948
1680268980,+2.89,+16.942, +7.699,+0.948
1680269040,+2.89,+16.976, +7.685,+0.948
1680269100,+2.89,+16.959, +7.686,+0.948
1680269160,+2.89,+16.967, +7.679,+0.948
1680269220,+2.89,+16.967, +7.684,+0.948
1680269280,+2.89,+16.984, +7.682,+0.948
1680269340,+2.89,+16.984, +7.689,+0.948
1680269400,+2.89,+16.984, +7.690,+0.948
1680269460,+2.89,+17.001, +7.676,+0.948
1680269520,+2.89,+16.984, +7.688,+0.948
1680269580,+2.89,+16.984, +7.688,+0.948
1680269640,+2.89,+16.993, +7.689,+0.948
1680269700,+2.89,+16.993, +7.679,+0.948
1680269760,+2.89,+17.010, +7.681,+0.948
1680269820,+2.89,+17.018, +7.674,+0.948
1680269880,+2.89,+17.018, +7.680,+0.948
1680269940,+2.89,+17.027, +7.684,+0.948
1680270000,+2.89,+17.044, +7.677,+0.948
1680270060,+2.89,+17.035, +7.689,+0.949
1680270120,+2.89,+17.035, +7.677,+0.948
1680270180,+2.89,+17.052, +7.673,+0.948
1680270240,+2.89,+17.060, +7.675,+0.948
1680270300,+2.89,+17.060, +7.670,+0.948
1680270360,+2.89,+17.077, +7.663,+0.947
1680270420,+2.89,+17.086, +7.668,+0.948
1680270480,+2.89,+17.069, +7.673,+0.948
1680270540,+2.89,+17.086, +7.667,+0.948
1680270600,+2.89,+17.094, +7.671,+0.948
1680270660,+2.89,+17.111, +7.668,+0.948
1680270720,+2.89,+17.111, +7.653,+0.947
1680270780,+2.89,+17.120, +7.666,+0.948
1680270840,+2.89,+17.128, +7.669,+0.948
1680270900,+2.89,+17.137, +7.663,+0.948
1680270960,+2.89,+17.128, +7.662,+0.948
1680271020,+2.89,+17.128, +7.659,+0.948
1680271080,+2.89,+17.137, +7.659,+0.948
1680271140,+2.89,+17.128, +7.664,+0.948
1680271200,+2.89,+17.145, +7.663,+0.948
1680271260,+2.89,+17.171, +7.650,+0.948
1680271320,+2.89,+17.171, +7.652,+0.948
1680271380,+2.89,+17.171, +7.650,+0.948
1680271440,+2.89,+17.171, +7.649,+0.948
1680271500,+2.89,+17.171, +7.655,+0.948
1680271560,+2.89,+17.179, +7.650,+0.948
1680271620,+2.89,+17.187, +7.650,+0.948
1680271680,+2.89,+17.187, +7.647,+0.948
1680271740,+2.89,+17.204, +7.652,+0.948
1680271800,+2.89,+17.196, +7.654,+0.948
1680271860,+2.89,+17.187, +7.652,+0.948
1680271920,+2.89,+17.204, +7.651,+0.948
1680271980,+2.89,+17.230, +7.651,+0.948
1680272040,+2.89,+17.221, +7.646,+0.948
1680272100,+2.89,+17.238, +7.654,+0.948
1680272160,+2.89,+17.247, +7.651,+0.948
1680272220,+2.89,+17.255, +7.643,+0.948
1680272280,+2.89,+17.247, +7.647,+0.948
1680272340,+2.89,+17.272, +7.647,+0.948
1680272400,+2.89,+17.255, +7.637,+0.948
1680272460,+2.89,+17.272, +7.638,+0.948
1680272520,+2.89,+17.264, +7.640,+0.948
1680272580,+2.89,+17.272, +7.639,+0.948
1680272640,+2.89,+17.281, +7.642,+0.948
1680272700,+2.89,+17.298, +7.639,+0.948
1680272760,+2.89,+17.298, +7.628,+0.948
1680272820,+2.89,+17.306, +7.627,+0.948
1680272880,+2.89,+17.314, +7.634,+0.948
1680272940,+2.89,+17.298, +7.635,+0.948
1680273000,+2.89,+17.306, +7.622,+0.947
1680273060,+2.89,+17.298, +7.635,+0.948
1680273120,+2.89,+17.323, +7.627,+0.948
1680273180,+2.89,+17.323, +7.625,+0.948
1680273240,+2.89,+17.323, +7.633,+0.948
1680273300,+2.89,+17.314, +7.641,+0.948
1680273360,+2.89,+17.314, +7.636,+0.948
1680273420,+2.89,+17.340, +7.621,+0.947
1680273480,+2.89,+17.340, +7.628,+0.948
1680273540,+2.89,+17.357, +7.624,+0.948
1680273600,+2.89,+17.357, +7.627,+0.948
1680273660,+2.89,+17.365, +7.628,+0.948
1680273720,+2.89,+17.391, +7.630,+0.948
1680273780,+2.89,+17.391, +7.622,+0.948
1680273840,+2.89,+17.391, +7.613,+0.947
1680273900,+2.89,+17.399, +7.622,+0.948
1680273960,+2.89,+17.399, +7.616,+0.948
1680274020,+2.89,+17.407, +7.624,+0.948
1680274080,+2.89,+17.407, +7.616,+0.948
1680274140,+2.89,+17.416, +7.625,+0.948
1680274200,+2.89,+17.407, +7.622,+0.948
1680274260,+2.89,+17.433, +7.617,+0.948
1680274320,+2.89,+17.450, +7.609,+0.948
1680274380,+2.89,+17.433, +7.620,+0.948
1680274440,+2.89,+17.433, +7.615,+0.948
1680274500,+2.89,+17.450, +7.609,+0.948
1680274560,+2.89,+17.450, +7.615,+0.948
1680274620,+2.89,+17.467, +7.604,+0.948
1680274680,+2.89,+17.450, +7.615,+0.948
1680274740,+2.89,+17.450, +7.616,+0.948
1680274800,+2.89,+17.467, +7.615,+0.948
1680274860,+2.89,+17.467, +7.605,+0.948
1680274920,+2.89,+17.458, +7.607,+0.948
1680274980,+2.89,+17.458, +7.599,+0.948
1680275040,+2.89,+17.467, +7.593,+0.948
1680275100,+2.89,+17.467, +7.603,+0.948
1680275160,+2.89,+17.484, +7.591,+0.948
1680275220,+2.89,+17.467, +7.589,+0.948
1680275280,+2.89,+17.500, +7.574,+0.948
1680275340,+2.89,+17.475, +7.593,+0.948
1680275400,+2.89,+17.484, +7.586,+0.948
1680275460,+2.89,+17.492, +7.571,+0.947
1680275520,+2.89,+17.484, +7.585,+0.948
1680275580,+2.89,+17.492, +7.584,+0.948
1680275640,+2.89,+17.492, +7.572,+0.948
1680275700,+2.89,+17.509, +7.571,+0.948
1680275760,+2.89,+17.509, +7.569,+0.948
1680275820,+2.89,+17.509, +7.568,+0.948
1680275880,+2.89,+17.517, +7.562,+0.948
1680275940,+2.89,+17.526, +7.561,+0.948
1680276000,+2.89,+17.526, +7.554,+0.948
1680276060,+2.89,+17.517, +7.568,+0.948
1680276120,+2.89,+17.526, +7.560,+0.948
1680276180,+2.89,+17.534, +7.558,+0.948
1680276240,+2.89,+17.517, +7.568,+0.948
1680276300,+2.89,+17.543, +7.560,+0.948
1680276360,+2.89,+17.543, +7.550,+0.948
1680276420,+2.89,+17.551, +7.547,+0.948
1680276480,+2.89,+17.568, +7.538,+0.948
1680276540,+2.89,+17.560, +7.550,+0.948
1680276600,+2.89,+17.551, +7.551,+0.948
1680276660,+2.89,+17.593, +7.541,+0.948
1680276720,+2.89,+17.568, +7.548,+0.948
1680276780,+2.89,+17.568, +7.553,+0.949
1680276840,+2.89,+17.585, +7.534,+0.948
1680276900,+2.89,+17.576, +7.534,+0.948
1680276960,+2.89,+17.576, +7.541,+0.948
1680277020,+2.89,+17.602, +7.523,+0.948
1680277080,+2.89,+17.585, +7.527,+0.948
1680277140,+2.89,+17.593, +7.518,+0.948
1680277200,+2.89,+17.602, +7.515,+0.948
1680277260,+2.89,+17.585, +7.522,+0.948
1680277320,+2.89,+17.593, +7.519,+0.948
1680277380,+2.89,+17.619, +7.500,+0.948
1680277440,+2.89,+17.585, +7.498,+0.948
1680277500,+2.89,+17.593, +7.500,+0.949
1680277560,+2.89,+17.585, +7.493,+0.948
1680277620,+2.89,+17.593, +7.490,+0.948
1680277680,+2.89,+17.593, +7.482,+0.948
1680277740,+2.89,+17.602, +7.476,+0.948
1680277800,+2.89,+17.602, +7.477,+0.948
1680277860,+2.89,+17.602, +7.482,+0.948
1680277920,+2.89,+17.610, +7.480,+0.948
1680277980,+2.89,+17.593, +7.484,+0.948
1680278040,+2.89,+17.602, +7.484,+0.948
1680278100,+2.89,+17.619, +7.476,+0.948
1680278160,+2.89,+17.610, +7.492,+0.949
1680278220,+2.89,+17.602, +7.478,+0.948
1680278280,+2.89,+17.619, +7.476,+0.948
1680278340,+2.89,+17.636, +7.474,+0.948
1680278400,+2.89,+17.627, +7.481,+0.948
1680278460,+2.89,+17.636, +7.481,+0.949
1680278520,+2.89,+17.627, +7.482,+0.948
1680278580,+2.89,+17.644, +7.479,+0.949
1680278640,+2.89,+17.644, +7.487,+0.949
1680278700,+2.89,+17.644, +7.471,+0.948
1680278760,+2.89,+17.636, +7.474,+0.948
1680278820,+2.89,+17.644, +7.480,+0.948
1680278880,+2.89,+17.644, +7.476,+0.948
1680278940,+2.89,+17.636, +7.484,+0.949
1680279000,+2.89,+17.652, +7.478,+0.949
1680279060,+2.89,+17.652, +7.467,+0.948
1680279120,+2.89,+17.652, +7.459,+0.948
1680279180,+2.89,+17.661, +7.457,+0.948
1680279240,+2.89,+17.652, +7.466,+0.948
1680279300,+2.89,+17.661, +7.461,+0.948
1680279360,+2.89,+17.661, +7.459,+0.948
1680279420,+2.89,+17.652, +7.462,+0.948
1680279480,+2.89,+17.669, +7.452,+0.948
1680279540,+2.89,+17.661, +7.449,+0.947
1680279600,+2.89,+17.652, +7.470,+0.949
1680279660,+2.89,+17.669, +7.457,+0.948
1680279720,+2.89,+17.661, +7.464,+0.948
1680279780,+2.89,+17.652, +7.461,+0.948
1680279840,+2.89,+17.669, +7.463,+0.948
1680279900,+2.89,+17.661, +7.462,+0.948
1680279960,+2.89,+17.661, +7.458,+0.948
1680280020,+2.89,+17.678, +7.453,+0.948
1680280080,+2.89,+17.678, +7.458,+0.948
1680280140,+2.89,+17.669, +7.460,+0.948
1680280200,+2.89,+17.678, +7.458,+0.948
1680280260,+2.89,+17.686, +7.460,+0.948
1680280320,+2.89,+17.678, +7.466,+0.948
1680280380,+2.89,+17.678, +7.455,+0.948
1680280440,+2.89,+17.695, +7.459,+0.948
1680280500,+2.89,+17.695, +7.454,+0.948
1680280560,+2.89,+17.695, +7.449,+0.948
1680280620,+2.89,+17.678, +7.460,+0.949
1680280680,+2.89,+17.686, +7.457,+0.948
1680280740,+2.89,+17.695, +7.452,+0.948
1680280800,+2.89,+17.703, +7.449,+0.948
1680280860,+2.89,+17.686, +7.452,+0.948
1680280920,+2.89,+17.712, +7.444,+0.948
1680280980,+2.89,+17.695, +7.448,+0.948
1680281040,+2.89,+17.686, +7.461,+0.949
1680281100,+2.89,+17.678, +7.470,+0.949
1680281160,+2.89,+17.686, +7.459,+0.949
1680281220,+2.89,+17.703, +7.446,+0.948
1680281280,+2.89,+17.695, +7.450,+0.948
1680281340,+2.89,+17.703, +7.458,+0.949
1680281400,+2.89,+17.695, +7.458,+0.949
1680281460,+2.89,+17.703, +7.456,+0.948
1680281520,+2.89,+17.720, +7.443,+0.948
1680281580,+2.89,+17.695, +7.459,+0.948
1680281640,+2.89,+17.703, +7.454,+0.948
1680281700,+2.89,+17.695, +7.459,+0.948
1680281760,+2.89,+17.720, +7.457,+0.948
1680281820,+2.89,+17.712, +7.463,+0.949
1680281880,+2.89,+17.728, +7.458,+0.949
1680281940,+2.89,+17.737, +7.454,+0.948
1680282000,+2.89,+17.720, +7.453,+0.948
1680282060,+2.89,+17.745, +7.450,+0.948
1680282120,+2.89,+17.720, +7.459,+0.948
1680282180,+2.89,+17.720, +7.455,+0.948
1680282240,+2.89,+17.728, +7.450,+0.948
1680282300,+2.89,+17.728, +7.446,+0.948
1680282360,+2.89,+17.728, +7.443,+0.948
1680282420,+2.89,+17.728, +7.446,+0.949
1680282480,+2.89,+17.745, +7.436,+0.948
1680282540,+2.89,+17.728, +7.427,+0.948
1680282600,+2.89,+17.712, +7.431,+0.948
1680282660,+2.89,+17.712, +7.412,+0.947
1680282720,+2.89,+17.720, +7.419,+0.949
1680282780,+2.89,+17.720, +7.412,+0.948
1680282840,+2.89,+17.720, +7.405,+0.948
1680282900,+2.89,+17.737, +7.400,+0.948
1680282960,+2.89,+17.720, +7.402,+0.948
1680283020,+2.89,+17.703, +7.407,+0.948
1680283080,+2.89,+17.712, +7.397,+0.948
1680283140,+2.89,+17.703, +7.407,+0.948
1680283200,+2.89,+17.712, +7.409,+0.948
1680283260,+2.89,+17.712, +7.416,+0.949
1680283320,+2.89,+17.712, +7.418,+0.949
1680283380,+2.89,+17.703, +7.407,+0.948
1680283440,+2.89,+17.712, +7.419,+0.949
1680283500,+2.89,+17.712, +7.409,+0.948
1680283560,+2.89,+17.712, +7.416,+0.948
1680283620,+2.89,+17.720, +7.416,+0.949
1680283680,+2.89,+17.728, +7.416,+0.949
1680283740,+2.89,+17.720, +7.419,+0.948
1680283800,+2.89,+17.737, +7.420,+0.949
1680283860,+2.89,+17.720, +7.423,+0.949
1680283920,+2.89,+17.728, +7.412,+0.948
1680283980,+2.89,+17.712, +7.427,+0.948
1680284040,+2.89,+17.728, +7.425,+0.948
1680284100,+2.89,+17.720, +7.416,+0.948
1680284160,+2.89,+17.728, +7.411,+0.948
1680284220,+2.89,+17.737, +7.415,+0.948
1680284280,+2.89,+17.720, +7.411,+0.948
1680284340,+2.89,+17.728, +7.411,+0.948
1680284400,+2.89,+17.728, +7.410,+0.948
1680284460,+2.89,+17.728, +7.414,+0.949
1680284520,+2.89,+17.728, +7.417,+0.949
1680284580,+2.89,+17.728, +7.425,+0.949
1680284640,+2.89,+17.703, +7.421,+0.948
1680284700,+2.89,+17.720, +7.432,+0.949
1680284760,+2.89,+17.712, +7.430,+0.948
1680284820,+2.89,+17.712, +7.431,+0.948
1680284880,+2.89,+17.720, +7.425,+0.948
1680284940,+2.89,+17.720, +7.434,+0.949
1680285000,+2.89,+17.720, +7.427,+0.948
1680285060,+2.89,+17.703, +7.438,+0.948
1680285120,+2.89,+17.737, +7.430,+0.949
1680285180,+2.89,+17.720, +7.441,+0.949
1680285240,+2.89,+17.728, +7.435,+0.949
1680285300,+2.89,+17.737, +7.421,+0.948
1680285360,+2.89,+17.737, +7.428,+0.948
1680285420,+2.89,+17.728, +7.433,+0.948
1680285480,+2.89,+17.720, +7.439,+0.948
1680285540,+2.89,+17.737, +7.432,+0.948
1680285600,+2.89,+17.737, +7.435,+0.948
1680285660,+2.89,+17.754, +7.426,+0.948
1680285720,+2.89,+17.745, +7.434,+0.948
1680285780,+2.89,+17.737, +7.435,+0.949
1680285840,+2.89,+17.737, +7.439,+0.949
1680285900,+2.89,+17.762, +7.422,+0.948
1680285960,+2.89,+17.754, +7.422,+0.948
1680286020,+2.89,+17.737, +7.436,+0.949
1680286080,+2.89,+17.754, +7.413,+0.948
1680286140,+2.89,+17.754, +7.418,+0.948
1680286200,+2.89,+17.737, +7.416,+0.948
1680286260,+2.89,+17.745, +7.410,+0.948
1680286320,+2.89,+17.745, +7.406,+0.948
1680286380,+2.89,+17.745, +7.402,+0.948
1680286440,+2.89,+17.737, +7.405,+0.948
1680286500,+2.89,+17.712, +7.410,+0.948
1680286560,+2.89,+17.712, +7.414,+0.949
1680286620,+2.89,+17.737, +7.405,+0.949
1680286680,+2.89,+17.728, +7.412,+0.949
1680286740,+2.89,+17.728, +7.407,+0.948
1680286800,+2.89,+17.720, +7.409,+0.948
1680286860,+2.89,+17.712, +7.423,+0.949
1680286920,+2.89,+17.720, +7.418,+0.948
1680286980,+2.89,+17.737, +7.426,+0.949
1680287040,+2.89,+17.737, +7.418,+0.948
1680287100,+2.89,+17.703, +7.435,+0.949
1680287160,+2.89,+17.728, +7.424,+0.948
1680287220,+2.89,+17.737, +7.423,+0.948
1680287280,+2.89,+17.720, +7.430,+0.948
1680287340,+2.89,+17.737, +7.424,+0.948
1680287400,+2.89,+17.728, +7.425,+0.948
1680287460,+2.89,+17.728, +7.433,+0.948
1680287520,+2.89,+17.737, +7.428,+0.948
1680287580,+2.89,+17.737, +7.431,+0.948
1680287640,+2.89,+17.737, +7.428,+0.948
1680287700,+2.89,+17.720, +7.431,+0.948
1680287760,+2.89,+17.728, +7.428,+0.948
1680287820,+2.89,+17.737, +7.422,+0.948
1680287880,+2.89,+17.737, +7.419,+0.948
1680287940,+2.89,+17.754, +7.405,+0.948
1680288000,+2.89,+17.737, +7.409,+0.948
1680288060,+2.89,+17.737, +7.404,+0.948
1680288120,+2.89,+17.720, +7.412,+0.949
1680288180,+2.89,+17.720, +7.400,+0.948
1680288240,+2.89,+17.728, +7.412,+0.949
1680288300,+2.89,+17.720, +7.390,+0.948
1680288360,+2.89,+17.712, +7.405,+0.949
1680288420,+2.89,+17.720, +7.401,+0.948
1680288480,+2.89,+17.712, +7.401,+0.948
1680288540,+2.89,+17.728, +7.396,+0.948
1680288600,+2.89,+17.728, +7.395,+0.948
1680288660,+2.89,+17.745, +7.404,+0.949
1680288720,+2.89,+17.720, +7.403,+0.948
1680288780,+2.89,+17.728, +7.396,+0.948
1680288840,+2.89,+17.737, +7.401,+0.948
1680288900,+2.89,+17.720, +7.416,+0.949
1680288960,+2.89,+17.737, +7.411,+0.949
1680289020,+2.89,+17.745, +7.407,+0.948
1680289080,+2.89,+17.728, +7.413,+0.948
1680289140,+2.89,+17.754, +7.405,+0.948
1680289200,+2.89,+17.745, +7.405,+0.948
1680289260,+2.89,+17.745, +7.401,+0.948
1680289320,+2.89,+17.754, +7.407,+0.949
1680289380,+2.89,+17.754, +7.400,+0.948
1680289440,+2.89,+17.737, +7.406,+0.949
1680289500,+2.89,+17.754, +7.392,+0.948
1680289560,+2.89,+17.745, +7.391,+0.948
1680289620,+2.89,+17.737, +7.391,+0.948
1680289680,+2.89,+17.737, +7.385,+0.948
1680289740,+2.89,+17.737, +7.386,+0.948
1680289800,+2.89,+17.720, +7.391,+0.948
1680289860,+2.89,+17.720, +7.403,+0.949
1680289920,+2.89,+17.720, +7.407,+0.949
1680289980,+2.89,+17.703, +7.413,+0.949
1680290040,+2.89,+17.703, +7.403,+0.948
1680290100,+2.89,+17.712, +7.404,+0.948
1680290160,+2.89,+17.703, +7.412,+0.948
1680290220,+2.89,+17.720, +7.399,+0.948
1680290280,+2.89,+17.695, +7.415,+0.949
1680290340,+2.89,+17.695, +7.401,+0.948
1680290400,+2.89,+17.695, +7.400,+0.948
1680290460,+2.89,+17.703, +7.400,+0.948
1680290520,+2.89,+17.703, +7.409,+0.949
1680290580,+2.89,+17.695, +7.411,+0.949
1680290640,+2.89,+17.703, +7.406,+0.948
1680290700,+2.89,+17.712, +7.402,+0.948
1680290760,+2.89,+17.703, +7.413,+0.948
1680290820,+2.89,+17.695, +7.412,+0.948
1680290880,+2.89,+17.720, +7.401,+0.948
1680290940,+2.89,+17.720, +7.409,+0.949
1680291000,+2.89,+17.703, +7.415,+0.949
1680291060,+2.89,+17.703, +7.408,+0.948
1680291120,+2.89,+17.712, +7.399,+0.948
1680291180,+2.89,+17.728, +7.395,+0.948
1680291240,+2.89,+17.720, +7.400,+0.948
1680291300,+2.89,+17.720, +7.393,+0.948
1680291360,+2.89,+17.728, +7.393,+0.949
1680291420,+2.89,+17.712, +7.385,+0.948
1680291480,+2.89,+17.720, +7.378,+0.948
1680291540,+2.89,+17.703, +7.377,+0.948
1680291600,+2.89,+17.703, +7.368,+0.948
1680291660,+2.89,+17.703, +7.370,+0.948
1680291720,+2.89,+17.686, +7.371,+0.948
1680291780,+2.89,+17.703, +7.364,+0.948
1680291840,+2.89,+17.695, +7.364,+0.948
1680291900,+2.89,+17.652, +7.373,+0.948
1680291960,+2.89,+17.678, +7.369,+0.948
1680292020,+2.89,+17.661, +7.367,+0.948
1680292080,+2.89,+17.644, +7.369,+0.948
1680292140,+2.89,+17.669, +7.368,+0.948
1680292200,+2.89,+17.652, +7.369,+0.948
1680292260,+2.89,+17.652, +7.370,+0.948
1680292320,+2.89,+17.652, +7.379,+0.948
1680292380,+2.89,+17.661, +7.379,+0.948
1680292440,+2.89,+17.644, +7.387,+0.949
1680292500,+2.89,+17.652, +7.385,+0.948
1680292560,+2.89,+17.652, +7.376,+0.947
1680292620,+2.89,+17.636, +7.401,+0.949
1680292680,+2.89,+17.644, +7.396,+0.948
1680292740,+2.89,+17.661, +7.387,+0.948
1680292800,+2.89,+17.652, +7.402,+0.949
1680292860,+2.89,+17.652, +7.389,+0.948
1680292920,+2.89,+17.661, +7.394,+0.949
1680292980,+2.89,+17.661, +7.390,+0.948
1680293040,+2.89,+17.652, +7.398,+0.949
1680293100,+2.89,+17.661, +7.386,+0.948
1680293160,+2.89,+17.652, +7.390,+0.948
1680293220,+2.89,+17.669, +7.378,+0.948
1680293280,+2.89,+17.669, +7.380,+0.948
1680293340,+2.89,+17.661, +7.377,+0.948
1680293400,+2.89,+17.652, +7.378,+0.948
1680293460,+2.89,+17.644, +7.377,+0.948
1680293520,+2.89,+17.652, +7.371,+0.948
1680293580,+2.89,+17.627, +7.361,+0.948
1680293640,+2.89,+17.627, +7.360,+0.948
1680293700,+2.89,+17.636, +7.353,+0.948
1680293760,+2.89,+17.636, +7.356,+0.948
1680293820,+2.89,+17.644, +7.338,+0.948
1680293880,+2.89,+17.602, +7.352,+0.949
1680293940,+2.89,+17.619, +7.325,+0.948
1680294000,+2.89,+17.610, +7.316,+0.948
1680294060,+2.89,+17.610, +7.304,+0.948
1680294120,+2.89,+17.602, +7.306,+0.948
1680294180,+2.89,+17.627, +7.296,+0.948
1680294240,+2.89,+17.593, +7.303,+0.948
1680294300,+2.89,+17.619, +7.297,+0.948
1680294360,+2.89,+17.602, +7.302,+0.948
1680294420,+2.89,+17.593, +7.309,+0.949
1680294480,+2.89,+17.610, +7.306,+0.948
1680294540,+2.89,+17.602, +7.310,+0.948
1680294600,+2.89,+17.602, +7.311,+0.948
1680294660,+2.89,+17.610, +7.317,+0.948
1680294720,+2.89,+17.610, +7.318,+0.948
1680294780,+2.89,+17.602, +7.327,+0.948
1680294840,+2.89,+17.610, +7.324,+0.948
1680294900,+2.89,+17.610, +7.333,+0.948
1680294960,+2.89,+17.619, +7.333,+0.948
1680295020,+2.89,+17.610, +7.341,+0.948
1680295080,+2.89,+17.627, +7.349,+0.949
1680295140,+2.89,+17.610, +7.342,+0.948
1680295200,+2.89,+17.610, +7.342,+0.947
1680295260,+2.89,+17.610, +7.357,+0.949
1680295320,+2.89,+17.636, +7.345,+0.948
1680295380,+2.89,+17.636, +7.350,+0.948
1680295440,+2.89,+17.636, +7.348,+0.948
1680295500,+2.89,+17.636, +7.347,+0.948
1680295560,+2.89,+17.636, +7.354,+0.949
1680295620,+2.89,+17.636, +7.344,+0.948
1680295680,+2.89,+17.644, +7.343,+0.949
1680295740,+2.89,+17.619, +7.335,+0.948
1680295800,+2.89,+17.619, +7.334,+0.948
1680295860,+2.89,+17.627, +7.338,+0.948
1680295920,+2.89,+17.610, +7.354,+0.948
1680295980,+2.89,+17.610, +7.339,+0.948
1680296040,+2.89,+17.619, +7.343,+0.948
1680296100,+2.89,+17.585, +7.357,+0.948
1680296160,+2.89,+17.576, +7.347,+0.948
1680296220,+2.89,+17.551, +7.350,+0.948
1680296280,+2.89,+17.585, +7.334,+0.948
1680296340,+2.89,+17.568, +7.330,+0.948
1680296400,+2.89,+17.568, +7.324,+0.948
1680296460,+2.89,+17.560, +7.322,+0.948
1680296520,+2.89,+17.576, +7.323,+0.948
1680296580,+2.89,+17.560, +7.330,+0.948
1680296640,+2.89,+17.576, +7.333,+0.949
1680296700,+2.89,+17.568, +7.325,+0.948
1680296760,+2.89,+17.576, +7.327,+0.948
1680296820,+2.89,+17.576, +7.323,+0.948
1680296880,+2.89,+17.585, +7.338,+0.949
1680296940,+2.89,+17.576, +7.331,+0.948
1680297000,+2.89,+17.568, +7.338,+0.948
1680297060,+2.89,+17.576, +7.341,+0.949
1680297120,+2.89,+17.585, +7.337,+0.948
1680297180,+2.89,+17.568, +7.345,+0.948
1680297240,+2.89,+17.576, +7.344,+0.948
1680297300,+2.89,+17.585, +7.332,+0.947
1680297360,+2.89,+17.602, +7.333,+0.948
1680297420,+2.89,+17.593, +7.334,+0.947
1680297480,+2.89,+17.602, +7.340,+0.948
1680297540,+2.89,+17.585, +7.347,+0.948
1680297600,+2.89,+17.593, +7.342,+0.948
1680297660,+2.89,+17.610, +7.333,+0.948
1680297720,+2.89,+17.593, +7.324,+0.948
1680297780,+2.89,+17.602, +7.314,+0.947
1680297840,+2.89,+17.602, +7.309,+0.948
1680297900,+2.89,+17.576, +7.319,+0.948
1680297960,+2.89,+17.576, +7.316,+0.948
1680298020,+2.89,+17.568, +7.295,+0.948
1680298080,+2.89,+17.568, +7.280,+0.948
1680298140,+2.89,+17.560, +7.264,+0.948
1680298200,+2.89,+17.551, +7.261,+0.948
1680298260,+2.89,+17.551, +7.252,+0.948
1680298320,+2.89,+17.551, +7.247,+0.947
1680298380,+2.89,+17.543, +7.268,+0.948
1680298440,+2.89,+17.534, +7.267,+0.948
1680298500,+2.89,+17.543, +7.278,+0.948
1680298560,+2.89,+17.543, +7.283,+0.948
1680298620,+2.89,+17.517, +7.293,+0.948
1680298680,+2.89,+17.526, +7.304,+0.948
1680298740,+2.89,+17.534, +7.298,+0.948
1680298800,+2.89,+17.560, +7.301,+0.948
1680298860,+2.89,+17.526, +7.315,+0.948
1680298920,+2.89,+17.543, +7.305,+0.948
1680298980,+2.89,+17.543, +7.323,+0.949
1680299040,+2.89,+17.551, +7.312,+0.948
1680299100,+2.89,+17.560, +7.316,+0.948
1680299160,+2.89,+17.560, +7.319,+0.948
1680299220,+2.89,+17.551, +7.322,+0.948
1680299280,+2.89,+17.568, +7.316,+0.948
1680299340,+2.89,+17.543, +7.329,+0.948
1680299400,+2.89,+17.551, +7.327,+0.948
1680299460,+2.89,+17.568, +7.321,+0.948
1680299520,+2.89,+17.551, +7.331,+0.948
1680299580,+2.89,+17.568, +7.330,+0.948
1680299640,+2.89,+17.593, +7.315,+0.948
1680299700,+2.89,+17.568, +7.327,+0.948
1680299760,+2.89,+17.585, +7.312,+0.948
1680299820,+2.89,+17.568, +7.323,+0.949
1680299880,+2.89,+17.568, +7.312,+0.948
1680299940,+2.89,+17.585, +7.310,+0.949
1680300000,+2.89,+17.568, +7.306,+0.948
1680300060,+2.89,+17.560, +7.310,+0.948
1680300120,+2.89,+17.568, +7.304,+0.948
1680300180,+2.89,+17.560, +7.308,+0.948
1680300240,+2.89,+17.543, +7.303,+0.948
1680300300,+2.89,+17.543, +7.288,+0.948
1680300360,+2.89,+17.526, +7.278,+0.948
1680300420,+2.89,+17.526, +7.254,+0.948
1680300480,+2.89,+17.526, +7.245,+0.949
1680300540,+2.89,+17.509, +7.230,+0.948
1680300600,+2.89,+17.534, +7.212,+0.948
1680300660,+2.89,+17.534, +7.224,+0.949
1680300720,+2.89,+17.517, +7.215,+0.948
1680300780,+2.89,+17.500, +7.219,+0.948
1680300840,+2.89,+17.534, +7.213,+0.948
1680300900,+2.89,+17.517, +7.226,+0.949
1680300960,+2.89,+17.509, +7.232,+0.948
1680301020,+2.89,+17.534, +7.225,+0.948
1680301080,+2.89,+17.517, +7.239,+0.948
1680301140,+2.89,+17.509, +7.239,+0.948
1680301200,+2.89,+17.526, +7.248,+0.948
1680301260,+2.89,+17.526, +7.254,+0.949
1680301320,+2.89,+17.534, +7.241,+0.948
1680301380,+2.89,+17.526, +7.240,+0.948
1680301440,+2.89,+17.551, +7.240,+0.948
1680301500,+2.89,+17.543, +7.252,+0.948
1680301560,+2.89,+17.543, +7.252,+0.948
1680301620,+2.89,+17.551, +7.246,+0.948
1680301680,+2.89,+17.551, +7.253,+0.948
1680301740,+2.89,+17.543, +7.252,+0.948
1680301800,+2.89,+17.560, +7.254,+0.948
1680301860,+2.89,+17.560, +7.258,+0.948
1680301920,+2.89,+17.551, +7.256,+0.948
1680301980,+2.89,+17.560, +7.248,+0.948
1680302040,+2.89,+17.551, +7.247,+0.948
1680302100,+2.89,+17.560, +7.253,+0.948
1680302160,+2.89,+17.551, +7.249,+0.948
1680302220,+2.89,+17.543, +7.246,+0.948
1680302280,+2.89,+17.551, +7.242,+0.948
1680302340,+2.89,+17.517, +7.248,+0.948
1680302400,+2.89,+17.526, +7.230,+0.948
1680302460,+2.89,+17.509, +7.214,+0.948
1680302520,+2.89,+17.509, +7.192,+0.948
1680302580,+2.89,+17.509, +7.183,+0.948
1680302640,+2.89,+17.509, +7.171,+0.948
1680302700,+2.89,+17.500, +7.163,+0.948
1680302760,+2.89,+17.509, +7.148,+0.948
1680302820,+2.89,+17.492, +7.151,+0.948
1680302880,+2.89,+17.492, +7.152,+0.948
1680302940,+2.89,+17.500, +7.147,+0.948
1680303000,+2.89,+17.492, +7.161,+0.949
1680303060,+2.89,+17.492, +7.162,+0.949
1680303120,+2.89,+17.509, +7.159,+0.948
1680303180,+2.89,+17.500, +7.163,+0.948
1680303240,+2.89,+17.492, +7.169,+0.948
1680303300,+2.89,+17.509, +7.161,+0.947
1680303360,+2.89,+17.500, +7.180,+0.948
1680303420,+2.89,+17.500, +7.184,+0.948
1680303480,+2.89,+17.509, +7.191,+0.948
1680303540,+2.89,+17.517, +7.193,+0.948
1680303600,+2.89,+17.492, +7.210,+0.948
1680303660,+2.89,+17.509, +7.211,+0.948
1680303720,+2.89,+17.534, +7.208,+0.948
1680303780,+2.89,+17.543, +7.210,+0.948
1680303840,+2.89,+17.526, +7.216,+0.948
1680303900,+2.89,+17.543, +7.217,+0.948
1680303960,+2.89,+17.534, +7.227,+0.948
1680304020,+2.89,+17.534, +7.232,+0.949
1680304080,+2.89,+17.526, +7.234,+0.948
1680304140,+2.89,+17.534, +7.224,+0.948
1680304200,+2.89,+17.526, +7.228,+0.948
1680304260,+2.89,+17.517, +7.230,+0.948
1680304320,+2.89,+17.534, +7.215,+0.948
1680304380,+2.89,+17.517, +7.223,+0.948
1680304440,+2.89,+17.509, +7.220,+0.948
1680304500,+2.89,+17.484, +7.231,+0.948
1680304560,+2.89,+17.509, +7.229,+0.948
1680304620,+2.89,+17.492, +7.233,+0.948
1680304680,+2.89,+17.484, +7.233,+0.947
1680304740,+2.89,+17.492, +7.245,+0.948
1680304800,+2.89,+17.492, +7.246,+0.948
1680304860,+2.89,+17.492, +7.240,+0.948
1680304920,+2.89,+17.492, +7.247,+0.948
1680304980,+2.89,+17.500, +7.250,+0.948
1680305040,+2.89,+17.484, +7.255,+0.948
1680305100,+2.89,+17.484, +7.258,+0.948
1680305160,+2.89,+17.467, +7.261,+0.948
1680305220,+2.89,+17.475, +7.251,+0.947
1680305280,+2.89,+17.492, +7.253,+0.948
1680305340,+2.89,+17.492, +7.257,+0.948
1680305400,+2.89,+17.484, +7.268,+0.948
1680305460,+2.89,+17.484, +7.264,+0.948
1680305520,+2.89,+17.492, +7.253,+0.948
1680305580,+2.89,+17.500, +7.252,+0.947
1680305640,+2.89,+17.526, +7.262,+0.948
1680305700,+2.89,+17.492, +7.266,+0.948
1680305760,+2.89,+17.509, +7.258,+0.948
1680305820,+2.89,+17.534, +7.259,+0.948
1680305880,+2.89,+17.517, +7.259,+0.948
1680305940,+2.89,+17.534, +7.251,+0.948
1680306000,+2.89,+17.534, +7.248,+0.948
1680306060,+2.89,+17.534, +7.254,+0.948
1680306120,+2.89,+17.543, +7.252,+0.948
1680306180,+2.89,+17.517, +7.244,+0.948
1680306240,+2.89,+17.534, +7.234,+0.948
1680306300,+2.89,+17.517, +7.224,+0.948
1680306360,+2.89,+17.517, +7.220,+0.948
1680306420,+2.89,+17.517, +7.207,+0.948
1680306480,+2.89,+17.517, +7.205,+0.948
1680306540,+2.89,+17.526, +7.186,+0.948
1680306600,+2.89,+17.500, +7.168,+0.948
1680306660,+2.89,+17.492, +7.137,+0.948
1680306720,+2.89,+17.509, +7.112,+0.948
1680306780,+2.89,+17.500, +7.117,+0.948
1680306840,+2.89,+17.500, +7.120,+0.948
1680306900,+2.89,+17.484, +7.135,+0.948
1680306960,+2.89,+17.500, +7.132,+0.948
1680307020,+2.89,+17.484, +7.135,+0.948
1680307080,+2.89,+17.484, +7.148,+0.948
1680307140,+2.89,+17.484, +7.165,+0.949
1680307200,+2.89,+17.475, +7.149,+0.948
1680307260,+2.89,+17.467, +7.164,+0.948
1680307320,+2.89,+17.492, +7.167,+0.948
1680307380,+2.89,+17.484, +7.171,+0.948
1680307440,+2.89,+17.484, +7.180,+0.948
1680307500,+2.89,+17.484, +7.186,+0.948
1680307560,+2.89,+17.517, +7.180,+0.948
1680307620,+2.89,+17.526, +7.183,+0.948
1680307680,+2.89,+17.509, +7.192,+0.948
1680307740,+2.89,+17.509, +7.192,+0.948
1680307800,+2.89,+17.509, +7.193,+0.948
1680307860,+2.89,+17.500, +7.196,+0.948
1680307920,+2.89,+17.526, +7.192,+0.948
1680307980,+2.89,+17.509, +7.201,+0.948
1680308040,+2.89,+17.526, +7.197,+0.948
1680308100,+2.89,+17.526, +7.188,+0.948
1680308160,+2.89,+17.543, +7.180,+0.948
1680308220,+2.89,+17.526, +7.183,+0.948
1680308280,+2.89,+17.534, +7.169,+0.948
1680308340,+2.89,+17.551, +7.169,+0.948
1680308400,+2.89,+17.517, +7.165,+0.948
1680308460,+2.89,+17.526, +7.149,+0.948
1680308520,+2.89,+17.517, +7.138,+0.947
1680308580,+2.89,+17.500, +7.153,+0.948
1680308640,+2.89,+17.492, +7.144,+0.948
1680308700,+2.89,+17.500, +7.133,+0.948
1680308760,+2.89,+17.484, +7.125,+0.948
1680308820,+2.89,+17.500, +7.116,+0.948
1680308880,+2.89,+17.492, +7.117,+0.948
1680308940,+2.89,+17.492, +7.109,+0.948
1680309000,+2.89,+17.500, +7.108,+0.948
1680309060,+2.89,+17.484, +7.121,+0.948
1680309120,+2.89,+17.500, +7.117,+0.948
1680309180,+2.89,+17.492, +7.119,+0.948
1680309240,+2.89,+17.517, +7.116,+0.948
1680309300,+2.89,+17.509, +7.123,+0.948
1680309360,+2.89,+17.509, +7.121,+0.948
1680309420,+2.89,+17.517, +7.129,+0.948
1680309480,+2.89,+17.500, +7.135,+0.948
1680309540,+2.89,+17.517, +7.134,+0.948
1680309600,+2.89,+17.509, +7.145,+0.948
1680309660,+2.89,+17.517, +7.144,+0.948
1680309720,+2.89,+17.517, +7.147,+0.948
1680309780,+2.89,+17.526, +7.146,+0.948
1680309840,+2.89,+17.534, +7.149,+0.948
1680309900,+2.89,+17.543, +7.146,+0.948
1680309960,+2.89,+17.551, +7.146,+0.948
1680310020,+2.89,+17.534, +7.158,+0.948
1680310080,+2.89,+17.551, +7.156,+0.948
