7450-529728
OS REV: 1.05 Sensor Cal: 1580916347
Time (sec),  BV (Volts),  T (deg C),  DO (mg/l),  Q ()
1680310140,+2.89,+17.543, +7.157,+0.948
1680310200,+2.89,+17.543, +7.153,+0.948
1680310260,+2.89,+17.543, +7.159,+0.948
1680310320,+2.89,+17.551, +7.150,+0.947
1680310380,+2.89,+17.543, +7.164,+0.948
1680310440,+2.89,+17.534, +7.167,+0.948
1680310500,+2.89,+17.543, +7.165,+0.948
1680310560,+2.89,+17.526, +7.158,+0.948
1680310620,+2.89,+17.534, +7.159,+0.948
1680310680,+2.89,+17.534, +7.141,+0.948
1680310740,+2.89,+17.509, +7.137,+0.948
1680310800,+2.89,+17.517, +7.140,+0.948
1680310860,+2.89,+17.526, +7.141,+0.949
1680310920,+2.89,+17.526, +7.133,+0.948
1680310980,+2.89,+17.517, +7.140,+0.948
1680311040,+2.89,+17.509, +7.150,+0.948
1680311100,+2.89,+17.526, +7.146,+0.948
1680311160,+2.89,+17.526, +7.145,+0.947
1680311220,+2.89,+17.517, +7.147,+0.947
1680311280,+2.89,+17.526, +7.154,+0.948
1680311340,+2.89,+17.517, +7.157,+0.948
1680311400,+2.89,+17.543, +7.152,+0.948
1680311460,+2.89,+17.534, +7.157,+0.948
1680311520,+2.89,+17.534, +7.164,+0.948
1680311580,+2.89,+17.543, +7.170,+0.948
1680311640,+2.89,+17.534, +7.170,+0.948
1680311700,+2.89,+17.560, +7.156,+0.948
1680311760,+2.89,+17.568, +7.161,+0.948
1680311820,+2.89,+17.551, +7.164,+0.948
1680311880,+2.89,+17.576, +7.162,+0.948
1680311940,+2.89,+17.560, +7.164,+0.948
1680312000,+2.89,+17.551, +7.178,+0.949
1680312060,+2.89,+17.576, +7.152,+0.947
1680312120,+2.89,+17.568, +7.157,+0.948
1680312180,+2.89,+17.576, +7.150,+0.948
1680312240,+2.89,+17.568, +7.154,+0.948
1680312300,+2.89,+17.576, +7.145,+0.948
1680312360,+2.89,+17.568, +7.141,+0.948
1680312420,+2.89,+17.576, +7.134,+0.948
1680312480,+2.89,+17.560, +7.140,+0.948
1680312540,+2.89,+17.576, +7.137,+0.948
1680312600,+2.89,+17.560, +7.137,+0.948
1680312660,+2.89,+17.568, +7.135,+0.948
1680312720,+2.89,+17.576, +7.131,+0.948
1680312780,+2.89,+17.551, +7.139,+0.948
1680312840,+2.89,+17.560, +7.126,+0.948
1680312900,+2.89,+17.568, +7.130,+0.948
1680312960,+2.89,+17.526, +7.132,+0.948
1680313020,+2.89,+17.551, +7.124,+0.948
1680313080,+2.89,+17.543, +7.124,+0.948
1680313140,+2.89,+17.560, +7.126,+0.948
1680313200,+2.89,+17.560, +7.128,+0.948
1680313260,+2.89,+17.551, +7.122,+0.948
1680313320,+2.89,+17.551, +7.119,+0.947
1680313380,+2.89,+17.543, +7.128,+0.948
1680313440,+2.89,+17.568, +7.119,+0.948
1680313500,+2.89,+17.560, +7.130,+0.948
1680313560,+2.89,+17.560, +7.123,+0.948
1680313620,+2.89,+17.585, +7.126,+0.948
1680313680,+2.89,+17.560, +7.128,+0.948
1680313740,+2.89,+17.585, +7.133,+0.948
1680313800,+2.89,+17.593, +7.130,+0.948
1680313860,+2.89,+17.576, +7.134,+0.948
1680313920,+2.89,+17.585, +7.129,+0.948
1680313980,+2.89,+17.568, +7.136,+0.948
1680314040,+2.89,+17.585, +7.127,+0.948
1680314100,+2.89,+17.602, +7.117,+0.948
1680314160,+2.89,+17.585, +7.124,+0.948
1680314220,+2.89,+17.602, +7.112,+0.948
1680314280,+2.89,+17.585, +7.119,+0.948
1680314340,+2.89,+17.585, +7.099,+0.947
1680314400,+2.89,+17.593, +7.097,+0.947
1680314460,+2.89,+17.576, +7.100,+0.948
1680314520,+2.89,+17.585, +7.091,+0.948
1680314580,+2.89,+17.568, +7.089,+0.948
1680314640,+2.89,+17.576, +7.094,+0.948
1680314700,+2.89,+17.576, +7.093,+0.948
1680314760,+2.89,+17.602, +7.080,+0.948
1680314820,+2.89,+17.576, +7.076,+0.947
1680314880,+2.89,+17.585, +7.086,+0.948
1680314940,+2.89,+17.568, +7.093,+0.948
1680315000,+2.89,+17.576, +7.094,+0.948
1680315060,+2.89,+17.576, +7.083,+0.947
1680315120,+2.89,+17.576, +7.097,+0.948
1680315180,+2.89,+17.576, +7.098,+0.948
1680315240,+2.89,+17.585, +7.097,+0.948
1680315300,+2.89,+17.585, +7.095,+0.948
1680315360,+2.89,+17.568, +7.103,+0.948
1680315420,+2.89,+17.593, +7.103,+0.948
1680315480,+2.89,+17.610, +7.093,+0.947
1680315540,+2.89,+17.585, +7.112,+0.948
1680315600,+2.89,+17.610, +7.102,+0.948
1680315660,+2.89,+17.602, +7.111,+0.948
1680315720,+2.89,+17.602, +7.113,+0.948
1680315780,+2.89,+17.610, +7.110,+0.948
1680315840,+2.89,+17.636, +7.101,+0.948
1680315900,+2.89,+17.610, +7.108,+0.948
1680315960,+2.89,+17.627, +7.101,+0.948
1680316020,+2.89,+17.610, +7.106,+0.948
1680316080,+2.89,+17.627, +7.097,+0.948
1680316140,+2.89,+17.627, +7.093,+0.948
1680316200,+2.89,+17.636, +7.086,+0.948
1680316260,+2.89,+17.602, +7.096,+0.948
1680316320,+2.89,+17.619, +7.083,+0.948
1680316380,+2.89,+17.610, +7.078,+0.948
1680316440,+2.89,+17.619, +7.068,+0.947
1680316500,+2.89,+17.619, +7.078,+0.948
1680316560,+2.89,+17.610, +7.080,+0.948
1680316620,+2.89,+17.610, +7.084,+0.948
1680316680,+2.89,+17.602, +7.093,+0.948
1680316740,+2.89,+17.602, +7.086,+0.948
1680316800,+2.89,+17.602, +7.089,+0.948
1680316860,+2.89,+17.610, +7.085,+0.948
1680316920,+2.89,+17.627, +7.077,+0.948
1680316980,+2.89,+17.610, +7.084,+0.948
1680317040,+2.89,+17.627, +7.073,+0.948
1680317100,+2.89,+17.627, +7.073,+0.948
1680317160,+2.89,+17.627, +7.073,+0.948
1680317220,+2.89,+17.627, +7.064,+0.948
1680317280,+2.89,+17.619, +7.077,+0.948
1680317340,+2.89,+17.627, +7.075,+0.948
1680317400,+2.89,+17.619, +7.073,+0.948
1680317460,+2.89,+17.627, +7.066,+0.947
1680317520,+2.89,+17.644, +7.072,+0.948
1680317580,+2.89,+17.661, +7.057,+0.947
1680317640,+2.89,+17.652, +7.070,+0.948
1680317700,+2.89,+17.661, +7.079,+0.948
1680317760,+2.89,+17.636, +7.077,+0.948
1680317820,+2.89,+17.661, +7.079,+0.948
1680317880,+2.89,+17.669, +7.066,+0.948
1680317940,+2.89,+17.661, +7.073,+0.948
1680318000,+2.89,+17.678, +7.067,+0.948
1680318060,+2.89,+17.678, +7.058,+0.947
1680318120,+2.89,+17.669, +7.064,+0.948
1680318180,+2.89,+17.686, +7.054,+0.948
1680318240,+2.89,+17.678, +7.050,+0.947
1680318300,+2.89,+17.678, +7.059,+0.948
1680318360,+2.89,+17.661, +7.059,+0.948
1680318420,+2.89,+17.678, +7.039,+0.947
1680318480,+2.89,+17.669, +7.034,+0.948
1680318540,+2.89,+17.686, +7.020,+0.948
1680318600,+2.89,+17.678, +7.008,+0.947
1680318660,+2.89,+17.669, +7.012,+0.948
1680318720,+2.89,+17.661, +6.993,+0.947
1680318780,+2.89,+17.661, +6.983,+0.947
1680318840,+2.89,+17.652, +6.991,+0.948
1680318900,+2.89,+17.661, +6.987,+0.948
1680318960,+2.89,+17.661, +6.981,+0.948
1680319020,+2.89,+17.669, +6.972,+0.948
1680319080,+2.89,+17.669, +6.965,+0.947
1680319140,+2.89,+17.669, +6.970,+0.947
1680319200,+2.89,+17.669, +6.971,+0.948
1680319260,+2.89,+17.669, +6.966,+0.947
1680319320,+2.89,+17.678, +6.964,+0.947
1680319380,+2.89,+17.669, +6.972,+0.948
1680319440,+2.89,+17.686, +6.983,+0.948
1680319500,+2.89,+17.686, +6.981,+0.948
1680319560,+2.89,+17.686, +6.987,+0.948
1680319620,+2.89,+17.712, +6.971,+0.947
1680319680,+2.89,+17.703, +6.987,+0.948
1680319740,+2.89,+17.720, +6.991,+0.948
1680319800,+2.89,+17.712, +6.989,+0.948
1680319860,+2.89,+17.720, +6.995,+0.948
1680319920,+2.89,+17.728, +6.993,+0.948
1680319980,+2.89,+17.728, +6.982,+0.948
1680320040,+2.89,+17.720, +6.993,+0.948
1680320100,+2.89,+17.720, +6.984,+0.948
1680320160,+2.89,+17.712, +6.988,+0.948
1680320220,+2.89,+17.720, +6.980,+0.947
1680320280,+2.89,+17.712, +6.991,+0.947
1680320340,+2.89,+17.720, +7.001,+0.948
1680320400,+2.89,+17.720, +7.004,+0.947
1680320460,+2.89,+17.703, +7.022,+0.949
1680320520,+2.89,+17.720, +7.012,+0.948
1680320580,+2.89,+17.720, +7.016,+0.948
1680320640,+2.89,+17.712, +7.013,+0.948
1680320700,+2.89,+17.703, +7.020,+0.948
1680320760,+2.89,+17.712, +7.016,+0.948
1680320820,+2.89,+17.728, +7.015,+0.948
1680320880,+2.89,+17.712, +7.021,+0.948
1680320940,+2.89,+17.703, +7.018,+0.948
1680321000,+2.89,+17.728, +7.014,+0.948
1680321060,+2.89,+17.720, +7.010,+0.948
1680321120,+2.89,+17.703, +7.017,+0.948
1680321180,+2.89,+17.728, +7.010,+0.948
1680321240,+2.89,+17.728, +7.010,+0.948
1680321300,+2.89,+17.728, +7.000,+0.947
1680321360,+2.89,+17.728, +7.016,+0.948
1680321420,+2.89,+17.720, +7.012,+0.948
1680321480,+2.89,+17.762, +6.993,+0.947
1680321540,+2.89,+17.754, +7.004,+0.948
1680321600,+2.89,+17.745, +7.009,+0.948
1680321660,+2.89,+17.745, +7.002,+0.947
1680321720,+2.88,+17.771, +7.001,+0.948
1680321780,+2.89,+17.771, +7.006,+0.948
1680321840,+2.89,+17.779, +7.004,+0.948
1680321900,+2.88,+17.779, +7.001,+0.948
1680321960,+2.89,+17.779, +6.998,+0.948
1680322020,+2.89,+17.771, +6.992,+0.947
1680322080,+2.89,+17.771, +6.991,+0.947
1680322140,+2.88,+17.779, +6.991,+0.948
1680322200,+2.89,+17.787, +6.984,+0.948
1680322260,+2.89,+17.787, +6.980,+0.948
1680322320,+2.89,+17.804, +6.975,+0.948
1680322380,+2.88,+17.787, +6.965,+0.947
1680322440,+2.89,+17.779, +6.961,+0.947
1680322500,+2.89,+17.787, +6.967,+0.948
1680322560,+2.89,+17.779, +6.969,+0.948
1680322620,+2.89,+17.779, +6.970,+0.948
1680322680,+2.89,+17.771, +6.970,+0.947
1680322740,+2.89,+17.787, +6.968,+0.948
1680322800,+2.89,+17.762, +6.965,+0.947
1680322860,+2.89,+17.762, +6.969,+0.947
1680322920,+2.89,+17.779, +6.968,+0.947
1680322980,+2.89,+17.771, +6.970,+0.948
1680323040,+2.89,+17.787, +6.966,+0.948
1680323100,+2.88,+17.779, +6.970,+0.948
1680323160,+2.89,+17.779, +6.968,+0.948
1680323220,+2.89,+17.787, +6.962,+0.948
1680323280,+2.89,+17.787, +6.960,+0.947
1680323340,+2.88,+17.771, +6.967,+0.947
1680323400,+2.89,+17.796, +6.964,+0.948
1680323460,+2.88,+17.804, +6.959,+0.948
1680323520,+2.88,+17.804, +6.963,+0.948
1680323580,+2.88,+17.804, +6.962,+0.948
1680323640,+2.88,+17.804, +6.960,+0.947
1680323700,+2.89,+17.821, +6.964,+0.948
1680323760,+2.88,+17.821, +6.961,+0.948
1680323820,+2.89,+17.847, +6.952,+0.947
1680323880,+2.89,+17.830, +6.960,+0.948
1680323940,+2.89,+17.838, +6.956,+0.947
1680324000,+2.89,+17.838, +6.956,+0.948
1680324060,+2.89,+17.855, +6.949,+0.947
1680324120,+2.89,+17.872, +6.942,+0.947
1680324180,+2.88,+17.847, +6.947,+0.948
1680324240,+2.89,+17.847, +6.938,+0.947
1680324300,+2.88,+17.855, +6.938,+0.948
1680324360,+2.89,+17.855, +6.931,+0.948
1680324420,+2.89,+17.838, +6.930,+0.948
1680324480,+2.89,+17.830, +6.921,+0.947
1680324540,+2.89,+17.847, +6.913,+0.948
1680324600,+2.89,+17.847, +6.902,+0.948
1680324660,+2.89,+17.863, +6.881,+0.948
1680324720,+2.89,+17.847, +6.878,+0.948
1680324780,+2.89,+17.855, +6.865,+0.948
1680324840,+2.88,+17.847, +6.864,+0.948
1680324900,+2.89,+17.847, +6.857,+0.947
1680324960,+2.88,+17.838, +6.869,+0.948
1680325020,+2.89,+17.830, +6.878,+0.948
1680325080,+2.88,+17.838, +6.871,+0.947
1680325140,+2.89,+17.855, +6.872,+0.947
1680325200,+2.88,+17.863, +6.877,+0.948
1680325260,+2.88,+17.830, +6.874,+0.947
1680325320,+2.89,+17.863, +6.870,+0.947
1680325380,+2.89,+17.838, +6.883,+0.948
1680325440,+2.89,+17.872, +6.870,+0.947
1680325500,+2.89,+17.863, +6.883,+0.948
1680325560,+2.89,+17.863, +6.881,+0.948
1680325620,+2.89,+17.880, +6.889,+0.948
1680325680,+2.89,+17.880, +6.888,+0.948
1680325740,+2.89,+17.889, +6.879,+0.947
1680325800,+2.89,+17.889, +6.890,+0.948
1680325860,+2.89,+17.922, +6.882,+0.947
1680325920,+2.89,+17.914, +6.886,+0.947
1680325980,+2.89,+17.906, +6.892,+0.948
1680326040,+2.89,+17.914, +6.890,+0.947
1680326100,+2.89,+17.931, +6.893,+0.948
1680326160,+2.89,+17.914, +6.887,+0.947
1680326220,+2.89,+17.939, +6.882,+0.948
1680326280,+2.89,+17.922, +6.881,+0.948
1680326340,+2.89,+17.922, +6.882,+0.948
1680326400,+2.89,+17.922, +6.878,+0.948
1680326460,+2.89,+17.922, +6.871,+0.948
1680326520,+2.89,+17.922, +6.869,+0.948
1680326580,+2.89,+17.914, +6.866,+0.948
1680326640,+2.89,+17.914, +6.839,+0.947
1680326700,+2.89,+17.922, +6.822,+0.947
1680326760,+2.89,+17.914, +6.825,+0.948
1680326820,+2.89,+17.914, +6.821,+0.947
1680326880,+2.89,+17.922, +6.826,+0.947
1680326940,+2.89,+17.931, +6.820,+0.947
1680327000,+2.89,+17.948, +6.826,+0.948
1680327060,+2.89,+17.914, +6.830,+0.947
1680327120,+2.89,+17.914, +6.829,+0.947
1680327180,+2.89,+17.914, +6.832,+0.947
1680327240,+2.89,+17.931, +6.829,+0.947
1680327300,+2.89,+17.931, +6.834,+0.948
1680327360,+2.89,+17.931, +6.836,+0.948
1680327420,+2.89,+17.922, +6.833,+0.947
1680327480,+2.89,+17.922, +6.836,+0.948
1680327540,+2.89,+17.931, +6.841,+0.948
1680327600,+2.89,+17.939, +6.834,+0.947
1680327660,+2.89,+17.956, +6.837,+0.948
1680327720,+2.89,+17.965, +6.835,+0.948
1680327780,+2.89,+17.965, +6.831,+0.947
1680327840,+2.89,+17.973, +6.835,+0.947
1680327900,+2.89,+17.990, +6.843,+0.948
1680327960,+2.89,+17.973, +6.850,+0.948
1680328020,+2.89,+17.990, +6.849,+0.948
1680328080,+2.89,+17.981, +6.846,+0.947
1680328140,+2.89,+17.990, +6.850,+0.947
1680328200,+2.89,+17.998, +6.850,+0.948
1680328260,+2.89,+17.990, +6.851,+0.948
1680328320,+2.89,+18.015, +6.833,+0.947
1680328380,+2.89,+17.990, +6.828,+0.947
1680328440,+2.89,+18.007, +6.831,+0.948
1680328500,+2.89,+17.990, +6.822,+0.948
1680328560,+2.89,+17.998, +6.816,+0.948
1680328620,+2.89,+17.990, +6.825,+0.948
1680328680,+2.89,+17.990, +6.829,+0.948
1680328740,+2.89,+17.990, +6.824,+0.947
1680328800,+2.89,+18.007, +6.824,+0.948
1680328860,+2.89,+17.990, +6.819,+0.947
1680328920,+2.89,+17.998, +6.814,+0.947
1680328980,+2.89,+17.998, +6.822,+0.948
1680329040,+2.89,+17.990, +6.819,+0.948
1680329100,+2.89,+17.981, +6.818,+0.947
1680329160,+2.89,+17.990, +6.819,+0.947
1680329220,+2.89,+17.981, +6.840,+0.948
1680329280,+2.89,+17.998, +6.825,+0.948
1680329340,+2.89,+17.998, +6.826,+0.947
1680329400,+2.89,+18.015, +6.830,+0.948
1680329460,+2.89,+18.024, +6.830,+0.948
1680329520,+2.89,+18.015, +6.830,+0.948
1680329580,+2.89,+17.990, +6.838,+0.948
1680329640,+2.89,+18.024, +6.834,+0.948
1680329700,+2.89,+18.040, +6.834,+0.948
1680329760,+2.89,+18.032, +6.839,+0.948
1680329820,+2.89,+18.040, +6.834,+0.948
1680329880,+2.89,+18.049, +6.841,+0.948
1680329940,+2.89,+18.057, +6.830,+0.947
1680330000,+2.89,+18.066, +6.837,+0.948
1680330060,+2.89,+18.066, +6.836,+0.948
1680330120,+2.89,+18.057, +6.833,+0.947
1680330180,+2.89,+18.074, +6.827,+0.947
1680330240,+2.89,+18.083, +6.832,+0.948
1680330300,+2.89,+18.074, +6.831,+0.948
1680330360,+2.89,+18.074, +6.820,+0.948
1680330420,+2.89,+18.083, +6.809,+0.947
1680330480,+2.89,+18.074, +6.801,+0.947
1680330540,+2.89,+18.066, +6.798,+0.948
1680330600,+2.89,+18.083, +6.782,+0.948
1680330660,+2.89,+18.083, +6.769,+0.948
1680330720,+2.89,+18.074, +6.757,+0.947
1680330780,+2.89,+18.074, +6.745,+0.948
1680330840,+2.89,+18.066, +6.743,+0.947
1680330900,+2.89,+18.049, +6.751,+0.948
1680330960,+2.89,+18.074, +6.744,+0.947
1680331020,+2.89,+18.066, +6.756,+0.948
1680331080,+2.89,+18.057, +6.758,+0.948
1680331140,+2.89,+18.057, +6.756,+0.947
1680331200,+2.89,+18.074, +6.752,+0.947
1680331260,+2.89,+18.074, +6.758,+0.948
1680331320,+2.89,+18.074, +6.756,+0.948
1680331380,+2.89,+18.083, +6.754,+0.948
1680331440,+2.89,+18.074, +6.763,+0.948
1680331500,+2.89,+18.091, +6.753,+0.947
1680331560,+2.89,+18.099, +6.745,+0.947
1680331620,+2.89,+18.091, +6.765,+0.948
1680331680,+2.89,+18.099, +6.763,+0.948
1680331740,+2.89,+18.099, +6.763,+0.947
1680331800,+2.89,+18.116, +6.768,+0.948
1680331860,+2.89,+18.133, +6.767,+0.948
1680331920,+2.89,+18.125, +6.765,+0.947
1680331980,+2.89,+18.133, +6.772,+0.948
1680332040,+2.89,+18.150, +6.764,+0.947
1680332100,+2.89,+18.125, +6.785,+0.949
1680332160,+2.89,+18.133, +6.773,+0.947
1680332220,+2.89,+18.150, +6.769,+0.948
1680332280,+2.89,+18.142, +6.773,+0.948
1680332340,+2.89,+18.150, +6.762,+0.948
1680332400,+2.89,+18.133, +6.758,+0.947
1680332460,+2.89,+18.150, +6.746,+0.947
1680332520,+2.89,+18.142, +6.738,+0.948
1680332580,+2.89,+18.142, +6.739,+0.948
1680332640,+2.89,+18.142, +6.740,+0.948
1680332700,+2.89,+18.116, +6.745,+0.947
1680332760,+2.89,+18.133, +6.751,+0.947
1680332820,+2.89,+18.133, +6.771,+0.948
1680332880,+2.89,+18.142, +6.773,+0.948
1680332940,+2.89,+18.116, +6.786,+0.948
1680333000,+2.89,+18.150, +6.781,+0.948
1680333060,+2.89,+18.142, +6.772,+0.947
1680333120,+2.89,+18.133, +6.784,+0.948
1680333180,+2.89,+18.133, +6.778,+0.947
1680333240,+2.89,+18.150, +6.776,+0.947
1680333300,+2.89,+18.142, +6.774,+0.947
1680333360,+2.89,+18.150, +6.774,+0.947
1680333420,+2.89,+18.184, +6.763,+0.947
1680333480,+2.89,+18.167, +6.775,+0.948
1680333540,+2.89,+18.167, +6.773,+0.947
1680333600,+2.89,+18.158, +6.779,+0.948
1680333660,+2.89,+18.167, +6.782,+0.948
1680333720,+2.89,+18.167, +6.773,+0.947
1680333780,+2.89,+18.184, +6.777,+0.948
1680333840,+2.89,+18.192, +6.767,+0.947
1680333900,+2.89,+18.200, +6.772,+0.948
1680333960,+2.89,+18.200, +6.771,+0.948
1680334020,+2.89,+18.217, +6.763,+0.948
1680334080,+2.89,+18.200, +6.757,+0.947
1680334140,+2.89,+18.200, +6.767,+0.948
1680334200,+2.89,+18.226, +6.755,+0.947
1680334260,+2.89,+18.226, +6.761,+0.948
1680334320,+2.89,+18.209, +6.753,+0.947
1680334380,+2.89,+18.209, +6.748,+0.947
1680334440,+2.89,+18.217, +6.741,+0.948
1680334500,+2.89,+18.226, +6.727,+0.947
1680334560,+2.89,+18.217, +6.705,+0.947
1680334620,+2.89,+18.226, +6.696,+0.947
1680334680,+2.89,+18.209, +6.705,+0.948
1680334740,+2.89,+18.217, +6.706,+0.948
1680334800,+2.89,+18.200, +6.710,+0.948
1680334860,+2.89,+18.192, +6.725,+0.948
1680334920,+2.89,+18.200, +6.733,+0.948
1680334980,+2.89,+18.192, +6.737,+0.948
1680335040,+2.89,+18.200, +6.737,+0.947
1680335100,+2.89,+18.200, +6.746,+0.947
1680335160,+2.89,+18.184, +6.754,+0.947
1680335220,+2.89,+18.209, +6.746,+0.947
1680335280,+2.89,+18.209, +6.747,+0.947
1680335340,+2.89,+18.209, +6.751,+0.948
1680335400,+2.89,+18.209, +6.736,+0.947
1680335460,+2.89,+18.209, +6.748,+0.948
1680335520,+2.89,+18.209, +6.744,+0.947
1680335580,+2.89,+18.234, +6.739,+0.948
1680335640,+2.89,+18.217, +6.742,+0.948
1680335700,+2.89,+18.234, +6.732,+0.947
1680335760,+2.89,+18.243, +6.734,+0.948
1680335820,+2.89,+18.217, +6.740,+0.948
1680335880,+2.89,+18.234, +6.734,+0.948
1680335940,+2.89,+18.251, +6.731,+0.948
1680336000,+2.89,+18.243, +6.732,+0.948
1680336060,+2.89,+18.268, +6.723,+0.948
1680336120,+2.89,+18.259, +6.723,+0.948
1680336180,+2.89,+18.268, +6.726,+0.948
1680336240,+2.89,+18.268, +6.712,+0.947
1680336300,+2.89,+18.268, +6.716,+0.948
1680336360,+2.89,+18.259, +6.716,+0.948
1680336420,+2.89,+18.268, +6.711,+0.948
1680336480,+2.89,+18.251, +6.707,+0.948
1680336540,+2.89,+18.276, +6.687,+0.948
1680336600,+2.89,+18.276, +6.667,+0.948
1680336660,+2.89,+18.259, +6.665,+0.947
1680336720,+2.89,+18.268, +6.672,+0.947
1680336780,+2.89,+18.251, +6.692,+0.947
1680336840,+2.89,+18.268, +6.706,+0.948
1680336900,+2.89,+18.251, +6.709,+0.948
1680336960,+2.89,+18.259, +6.707,+0.947
1680337020,+2.89,+18.268, +6.709,+0.947
1680337080,+2.89,+18.259, +6.719,+0.948
1680337140,+2.89,+18.268, +6.706,+0.947
1680337200,+2.89,+18.251, +6.706,+0.947
1680337260,+2.89,+18.251, +6.711,+0.948
1680337320,+2.89,+18.259, +6.710,+0.948
1680337380,+2.89,+18.268, +6.698,+0.947
1680337440,+2.89,+18.268, +6.702,+0.948
1680337500,+2.89,+18.276, +6.703,+0.948
1680337560,+2.89,+18.259, +6.699,+0.947
1680337620,+2.89,+18.276, +6.703,+0.948
1680337680,+2.89,+18.276, +6.696,+0.947
1680337740,+2.89,+18.301, +6.699,+0.948
1680337800,+2.89,+18.293, +6.695,+0.948
1680337860,+2.89,+18.293, +6.696,+0.947
1680337920,+2.89,+18.318, +6.686,+0.947
1680337980,+2.89,+18.318, +6.687,+0.947
1680338040,+2.89,+18.335, +6.683,+0.948
1680338100,+2.89,+18.327, +6.681,+0.947
1680338160,+2.89,+18.335, +6.672,+0.947
1680338220,+2.89,+18.335, +6.683,+0.948
1680338280,+2.89,+18.344, +6.665,+0.947
1680338340,+2.89,+18.335, +6.664,+0.947
1680338400,+2.89,+18.344, +6.658,+0.948
1680338460,+2.89,+18.352, +6.654,+0.948
1680338520,+2.89,+18.344, +6.649,+0.948
1680338580,+2.89,+18.352, +6.637,+0.947
1680338640,+2.89,+18.360, +6.631,+0.948
1680338700,+2.89,+18.344, +6.632,+0.948
1680338760,+2.89,+18.327, +6.630,+0.947
1680338820,+2.89,+18.327, +6.636,+0.948
1680338880,+2.89,+18.335, +6.639,+0.948
1680338940,+2.89,+18.327, +6.632,+0.947
1680339000,+2.89,+18.301, +6.649,+0.948
1680339060,+2.89,+18.335, +6.652,+0.948
1680339120,+2.89,+18.318, +6.659,+0.948
1680339180,+2.89,+18.327, +6.661,+0.948
1680339240,+2.89,+18.327, +6.656,+0.947
1680339300,+2.89,+18.318, +6.669,+0.948
1680339360,+2.89,+18.335, +6.663,+0.947
1680339420,+2.89,+18.344, +6.655,+0.947
1680339480,+2.89,+18.327, +6.668,+0.948
1680339540,+2.89,+18.344, +6.651,+0.947
1680339600,+2.89,+18.352, +6.653,+0.947
1680339660,+2.89,+18.344, +6.657,+0.947
1680339720,+2.89,+18.352, +6.649,+0.947
1680339780,+2.89,+18.369, +6.647,+0.947
1680339840,+2.89,+18.369, +6.653,+0.948
1680339900,+2.89,+18.360, +6.656,+0.948
1680339960,+2.89,+18.369, +6.655,+0.948
1680340020,+2.89,+18.377, +6.647,+0.947
1680340080,+2.89,+18.377, +6.654,+0.948
1680340140,+2.89,+18.377, +6.652,+0.948
1680340200,+2.89,+18.377, +6.650,+0.948
1680340260,+2.89,+18.394, +6.644,+0.948
1680340320,+2.89,+18.402, +6.630,+0.947
1680340380,+2.89,+18.402, +6.633,+0.947
1680340440,+2.89,+18.394, +6.639,+0.948
1680340500,+2.89,+18.411, +6.643,+0.948
1680340560,+2.89,+18.411, +6.632,+0.947
1680340620,+2.89,+18.411, +6.628,+0.947
1680340680,+2.89,+18.411, +6.624,+0.947
1680340740,+2.89,+18.419, +6.611,+0.947
1680340800,+2.89,+18.428, +6.597,+0.947
1680340860,+2.89,+18.402, +6.604,+0.948
1680340920,+2.89,+18.411, +6.587,+0.947
1680340980,+2.89,+18.411, +6.582,+0.947
1680341040,+2.89,+18.402, +6.605,+0.948
1680341100,+2.89,+18.394, +6.607,+0.948
1680341160,+2.89,+18.411, +6.613,+0.948
1680341220,+2.89,+18.411, +6.615,+0.947
1680341280,+2.89,+18.402, +6.624,+0.948
1680341340,+2.89,+18.402, +6.629,+0.948
1680341400,+2.89,+18.386, +6.628,+0.948
1680341460,+2.89,+18.402, +6.613,+0.947
1680341520,+2.89,+18.402, +6.613,+0.947
1680341580,+2.89,+18.402, +6.627,+0.948
1680341640,+2.89,+18.394, +6.621,+0.947
1680341700,+2.89,+18.394, +6.623,+0.947
1680341760,+2.89,+18.419, +6.626,+0.948
1680341820,+2.89,+18.402, +6.621,+0.947
1680341880,+2.89,+18.402, +6.619,+0.947
1680341940,+2.89,+18.394, +6.627,+0.948
1680342000,+2.89,+18.411, +6.620,+0.947
1680342060,+2.89,+18.419, +6.624,+0.948
1680342120,+2.89,+18.428, +6.621,+0.948
1680342180,+2.89,+18.402, +6.627,+0.948
1680342240,+2.89,+18.402, +6.617,+0.947
1680342300,+2.89,+18.428, +6.615,+0.947
1680342360,+2.89,+18.436, +6.616,+0.948
1680342420,+2.89,+18.445, +6.606,+0.947
1680342480,+2.89,+18.453, +6.614,+0.948
1680342540,+2.89,+18.436, +6.612,+0.947
1680342600,+2.89,+18.453, +6.607,+0.947
1680342660,+2.89,+18.453, +6.605,+0.948
1680342720,+2.89,+18.461, +6.605,+0.948
1680342780,+2.89,+18.453, +6.612,+0.948
1680342840,+2.89,+18.470, +6.597,+0.948
1680342900,+2.89,+18.461, +6.593,+0.948
1680342960,+2.89,+18.470, +6.580,+0.947
1680343020,+2.89,+18.461, +6.590,+0.947
1680343080,+2.89,+18.487, +6.590,+0.947
1680343140,+2.89,+18.478, +6.598,+0.948
1680343200,+2.89,+18.478, +6.602,+0.948
1680343260,+2.89,+18.478, +6.596,+0.948
1680343320,+2.89,+18.470, +6.592,+0.948
1680343380,+2.89,+18.478, +6.578,+0.948
1680343440,+2.89,+18.470, +6.582,+0.948
1680343500,+2.89,+18.461, +6.589,+0.948
1680343560,+2.89,+18.470, +6.582,+0.947
1680343620,+2.89,+18.478, +6.584,+0.948
1680343680,+2.89,+18.453, +6.587,+0.948
1680343740,+2.89,+18.487, +6.562,+0.947
1680343800,+2.89,+18.470, +6.560,+0.947
1680343860,+2.89,+18.445, +6.574,+0.948
1680343920,+2.89,+18.461, +6.569,+0.948
1680343980,+2.89,+18.478, +6.564,+0.948
1680344040,+2.89,+18.487, +6.559,+0.948
1680344100,+2.89,+18.470, +6.563,+0.948
1680344160,+2.89,+18.478, +6.560,+0.948
1680344220,+2.89,+18.461, +6.561,+0.948
1680344280,+2.89,+18.478, +6.547,+0.947
1680344340,+2.89,+18.478, +6.551,+0.948
1680344400,+2.89,+18.478, +6.545,+0.947
1680344460,+2.89,+18.478, +6.552,+0.948
1680344520,+2.89,+18.503, +6.544,+0.948
1680344580,+2.89,+18.487, +6.545,+0.947
1680344640,+2.89,+18.512, +6.545,+0.948
1680344700,+2.89,+18.495, +6.546,+0.947
1680344760,+2.89,+18.512, +6.546,+0.948
1680344820,+2.89,+18.503, +6.547,+0.948
1680344880,+2.89,+18.520, +6.542,+0.948
1680344940,+2.89,+18.529, +6.543,+0.948
1680345000,+2.89,+18.537, +6.535,+0.948
1680345060,+2.89,+18.537, +6.525,+0.947
1680345120,+2.89,+18.529, +6.533,+0.948
1680345180,+2.88,+18.537, +6.532,+0.948
1680345240,+2.89,+18.537, +6.516,+0.947
1680345300,+2.89,+18.537, +6.514,+0.948
1680345360,+2.89,+18.537, +6.501,+0.947
1680345420,+2.89,+18.545, +6.497,+0.948
1680345480,+2.89,+18.537, +6.494,+0.947
1680345540,+2.89,+18.529, +6.494,+0.947
1680345600,+2.89,+18.537, +6.493,+0.948
1680345660,+2.89,+18.537, +6.488,+0.948
1680345720,+2.89,+18.529, +6.486,+0.947
1680345780,+2.89,+18.537, +6.493,+0.948
1680345840,+2.89,+18.520, +6.502,+0.948
1680345900,+2.89,+18.537, +6.500,+0.948
1680345960,+2.89,+18.545, +6.501,+0.948
1680346020,+2.89,+18.529, +6.510,+0.948
1680346080,+2.89,+18.520, +6.507,+0.947
1680346140,+2.89,+18.545, +6.503,+0.947
1680346200,+2.88,+18.554, +6.506,+0.948
1680346260,+2.89,+18.537, +6.501,+0.948
1680346320,+2.89,+18.571, +6.488,+0.948
1680346380,+2.89,+18.545, +6.492,+0.948
1680346440,+2.89,+18.537, +6.497,+0.948
1680346500,+2.88,+18.554, +6.485,+0.947
1680346560,+2.89,+18.562, +6.486,+0.948
1680346620,+2.89,+18.554, +6.482,+0.947
1680346680,+2.88,+18.545, +6.484,+0.947
1680346740,+2.89,+18.571, +6.479,+0.947
1680346800,+2.89,+18.571, +6.480,+0.947
1680346860,+2.88,+18.587, +6.483,+0.948
1680346920,+2.88,+18.579, +6.483,+0.948
1680346980,+2.89,+18.579, +6.488,+0.948
1680347040,+2.88,+18.579, +6.482,+0.948
1680347100,+2.89,+18.587, +6.477,+0.947
1680347160,+2.88,+18.596, +6.475,+0.947
1680347220,+2.88,+18.587, +6.470,+0.947
1680347280,+2.88,+18.587, +6.476,+0.948
1680347340,+2.88,+18.579, +6.464,+0.948
1680347400,+2.88,+18.596, +6.459,+0.948
1680347460,+2.88,+18.613, +6.460,+0.947
1680347520,+2.88,+18.587, +6.472,+0.947
1680347580,+2.88,+18.587, +6.481,+0.947
1680347640,+2.88,+18.596, +6.497,+0.948
1680347700,+2.88,+18.596, +6.500,+0.947
1680347760,+2.88,+18.596, +6.511,+0.948
1680347820,+2.88,+18.604, +6.509,+0.947
1680347880,+2.88,+18.587, +6.524,+0.948
1680347940,+2.88,+18.604, +6.519,+0.948
1680348000,+2.88,+18.604, +6.516,+0.947
1680348060,+2.89,+18.604, +6.513,+0.948
1680348120,+2.88,+18.613, +6.515,+0.948
1680348180,+2.88,+18.604, +6.513,+0.948
1680348240,+2.88,+18.596, +6.507,+0.947
1680348300,+2.88,+18.613, +6.512,+0.948
1680348360,+2.88,+18.604, +6.508,+0.948
1680348420,+2.88,+18.621, +6.502,+0.948
1680348480,+2.88,+18.613, +6.507,+0.948
1680348540,+2.88,+18.629, +6.501,+0.948
1680348600,+2.88,+18.638, +6.493,+0.947
1680348660,+2.88,+18.621, +6.492,+0.948
1680348720,+2.88,+18.638, +6.481,+0.947
1680348780,+2.88,+18.646, +6.475,+0.948
1680348840,+2.88,+18.646, +6.476,+0.948
1680348900,+2.88,+18.655, +6.465,+0.948
1680348960,+2.88,+18.646, +6.461,+0.947
1680349020,+2.88,+18.629, +6.461,+0.948
1680349080,+2.88,+18.638, +6.442,+0.947
1680349140,+2.88,+18.646, +6.430,+0.947
1680349200,+2.88,+18.646, +6.428,+0.948
1680349260,+2.88,+18.646, +6.420,+0.947
1680349320,+2.88,+18.646, +6.426,+0.947
1680349380,+2.88,+18.638, +6.428,+0.948
1680349440,+2.88,+18.638, +6.420,+0.948
1680349500,+2.88,+18.646, +6.417,+0.948
1680349560,+2.88,+18.663, +6.407,+0.947
1680349620,+2.88,+18.646, +6.403,+0.947
1680349680,+2.88,+18.663, +6.408,+0.948
1680349740,+2.88,+18.646, +6.409,+0.948
1680349800,+2.88,+18.629, +6.411,+0.947
1680349860,+2.88,+18.646, +6.412,+0.948
1680349920,+2.88,+18.638, +6.401,+0.947
1680349980,+2.88,+18.638, +6.415,+0.948
1680350040,+2.88,+18.655, +6.404,+0.947
1680350100,+2.88,+18.655, +6.403,+0.948
1680350160,+2.88,+18.655, +6.404,+0.948
1680350220,+2.88,+18.655, +6.407,+0.948
1680350280,+2.88,+18.663, +6.405,+0.948
1680350340,+2.88,+18.663, +6.405,+0.948
1680350400,+2.88,+18.680, +6.407,+0.948
1680350460,+2.88,+18.680, +6.409,+0.948
1680350520,+2.88,+18.680, +6.397,+0.947
1680350580,+2.88,+18.680, +6.400,+0.948
1680350640,+2.88,+18.688, +6.393,+0.948
1680350700,+2.88,+18.688, +6.394,+0.947
1680350760,+2.88,+18.697, +6.385,+0.947
1680350820,+2.88,+18.680, +6.386,+0.947
1680350880,+2.88,+18.697, +6.372,+0.947
1680350940,+2.88,+18.705, +6.373,+0.948
1680351000,+2.88,+18.697, +6.378,+0.948
1680351060,+2.88,+18.680, +6.383,+0.947
1680351120,+2.88,+18.672, +6.392,+0.948
1680351180,+2.88,+18.680, +6.381,+0.947
1680351240,+2.88,+18.680, +6.378,+0.948
1680351300,+2.88,+18.680, +6.371,+0.947
1680351360,+2.88,+18.672, +6.377,+0.948
1680351420,+2.88,+18.680, +6.377,+0.948
1680351480,+2.88,+18.697, +6.372,+0.948
1680351540,+2.88,+18.697, +6.374,+0.948
1680351600,+2.88,+18.688, +6.363,+0.947
1680351660,+2.88,+18.697, +6.363,+0.947
1680351720,+2.88,+18.705, +6.361,+0.947
1680351780,+2.88,+18.688, +6.366,+0.947
1680351840,+2.88,+18.714, +6.362,+0.948
1680351900,+2.88,+18.697, +6.363,+0.947
1680351960,+2.88,+18.697, +6.363,+0.947
1680352020,+2.88,+18.697, +6.372,+0.948
1680352080,+2.88,+18.722, +6.360,+0.947
1680352140,+2.88,+18.714, +6.375,+0.948
1680352200,+2.88,+18.714, +6.365,+0.947
1680352260,+2.88,+18.714, +6.376,+0.948
1680352320,+2.88,+18.714, +6.373,+0.948
1680352380,+2.88,+18.730, +6.362,+0.947
1680352440,+2.88,+18.705, +6.369,+0.948
1680352500,+2.88,+18.722, +6.362,+0.948
1680352560,+2.88,+18.714, +6.367,+0.948
1680352620,+2.88,+18.705, +6.354,+0.947
1680352680,+2.88,+18.722, +6.353,+0.948
1680352740,+2.88,+18.730, +6.347,+0.947
1680352800,+2.88,+18.739, +6.361,+0.948
1680352860,+2.88,+18.722, +6.367,+0.947
1680352920,+2.88,+18.714, +6.387,+0.948
1680352980,+2.88,+18.722, +6.392,+0.948
1680353040,+2.88,+18.730, +6.388,+0.947
1680353100,+2.88,+18.722, +6.388,+0.947
1680353160,+2.88,+18.730, +6.394,+0.948
1680353220,+2.88,+18.739, +6.389,+0.947
1680353280,+2.88,+18.714, +6.397,+0.947
1680353340,+2.88,+18.730, +6.401,+0.948
1680353400,+2.88,+18.747, +6.384,+0.947
1680353460,+2.88,+18.739, +6.388,+0.948
1680353520,+2.88,+18.747, +6.383,+0.947
1680353580,+2.88,+18.747, +6.384,+0.948
1680353640,+2.88,+18.756, +6.383,+0.948
1680353700,+2.88,+18.747, +6.391,+0.948
1680353760,+2.88,+18.764, +6.380,+0.948
1680353820,+2.88,+18.772, +6.380,+0.948
1680353880,+2.88,+18.747, +6.379,+0.948
1680353940,+2.88,+18.764, +6.374,+0.948
1680354000,+2.88,+18.772, +6.374,+0.948
1680354060,+2.88,+18.772, +6.368,+0.948
1680354120,+2.88,+18.781, +6.360,+0.948
1680354180,+2.88,+18.789, +6.344,+0.947
1680354240,+2.88,+18.764, +6.347,+0.948
1680354300,+2.88,+18.772, +6.348,+0.948
1680354360,+2.88,+18.789, +6.340,+0.948
1680354420,+2.88,+18.781, +6.340,+0.948
1680354480,+2.88,+18.781, +6.334,+0.948
1680354540,+2.88,+18.781, +6.327,+0.948
1680354600,+2.88,+18.781, +6.324,+0.948
1680354660,+2.88,+18.772, +6.311,+0.948
1680354720,+2.88,+18.781, +6.312,+0.948
1680354780,+2.88,+18.781, +6.305,+0.948
1680354840,+2.88,+18.781, +6.301,+0.948
1680354900,+2.88,+18.764, +6.299,+0.948
1680354960,+2.88,+18.798, +6.284,+0.947
1680355020,+2.88,+18.772, +6.295,+0.948
1680355080,+2.88,+18.789, +6.284,+0.947
1680355140,+2.88,+18.772, +6.289,+0.947
1680355200,+2.88,+18.789, +6.290,+0.948
1680355260,+2.88,+18.764, +6.293,+0.948
1680355320,+2.88,+18.781, +6.282,+0.948
1680355380,+2.88,+18.798, +6.281,+0.948
1680355440,+2.88,+18.772, +6.280,+0.948
1680355500,+2.88,+18.798, +6.272,+0.948
1680355560,+2.88,+18.806, +6.265,+0.947
1680355620,+2.88,+18.772, +6.281,+0.948
1680355680,+2.88,+18.806, +6.268,+0.948
1680355740,+2.88,+18.798, +6.269,+0.947
1680355800,+2.88,+18.798, +6.272,+0.947
1680355860,+2.88,+18.806, +6.272,+0.948
1680355920,+2.88,+18.806, +6.275,+0.948
1680355980,+2.88,+18.814, +6.277,+0.948
1680356040,+2.88,+18.814, +6.265,+0.947
1680356100,+2.88,+18.814, +6.268,+0.947
1680356160,+2.88,+18.823, +6.275,+0.948
1680356220,+2.88,+18.789, +6.277,+0.948
1680356280,+2.88,+18.814, +6.264,+0.947
1680356340,+2.88,+18.814, +6.270,+0.948
1680356400,+2.88,+18.806, +6.277,+0.948
1680356460,+2.88,+18.823, +6.276,+0.948
1680356520,+2.88,+18.806, +6.282,+0.948
1680356580,+2.88,+18.814, +6.284,+0.947
1680356640,+2.88,+18.806, +6.289,+0.947
1680356700,+2.88,+18.814, +6.293,+0.948
1680356760,+2.88,+18.814, +6.291,+0.948
1680356820,+2.88,+18.831, +6.282,+0.947
1680356880,+2.88,+18.831, +6.279,+0.947
1680356940,+2.88,+18.831, +6.285,+0.948
1680357000,+2.88,+18.831, +6.285,+0.948
1680357060,+2.88,+18.840, +6.274,+0.947
1680357120,+2.88,+18.856, +6.270,+0.948
1680357180,+2.88,+18.823, +6.276,+0.947
1680357240,+2.88,+18.840, +6.278,+0.948
1680357300,+2.88,+18.840, +6.274,+0.948
1680357360,+2.88,+18.823, +6.277,+0.948
1680357420,+2.88,+18.856, +6.266,+0.948
1680357480,+2.88,+18.848, +6.257,+0.948
1680357540,+2.88,+18.856, +6.257,+0.948
1680357600,+2.88,+18.856, +6.252,+0.948
1680357660,+2.88,+18.831, +6.253,+0.948
1680357720,+2.88,+18.865, +6.241,+0.948
1680357780,+2.88,+18.848, +6.257,+0.948
1680357840,+2.88,+18.840, +6.250,+0.948
1680357900,+2.88,+18.831, +6.257,+0.948
1680357960,+2.88,+18.840, +6.261,+0.947
1680358020,+2.88,+18.840, +6.273,+0.947
1680358080,+2.88,+18.831, +6.279,+0.948
1680358140,+2.88,+18.848, +6.278,+0.948
1680358200,+2.88,+18.840, +6.282,+0.948
1680358260,+2.88,+18.840, +6.285,+0.948
1680358320,+2.88,+18.848, +6.274,+0.947
1680358380,+2.88,+18.840, +6.273,+0.947
1680358440,+2.88,+18.831, +6.275,+0.948
1680358500,+2.88,+18.848, +6.271,+0.948
1680358560,+2.88,+18.848, +6.268,+0.948
1680358620,+2.88,+18.848, +6.269,+0.948
1680358680,+2.88,+18.848, +6.261,+0.948
1680358740,+2.88,+18.873, +6.251,+0.947
1680358800,+2.88,+18.856, +6.250,+0.948
1680358860,+2.88,+18.831, +6.251,+0.948
1680358920,+2.88,+18.873, +6.232,+0.947
1680358980,+2.88,+18.865, +6.239,+0.948
1680359040,+2.88,+18.873, +6.233,+0.948
1680359100,+2.88,+18.856, +6.239,+0.948
1680359160,+2.88,+18.856, +6.238,+0.948
1680359220,+2.88,+18.873, +6.238,+0.948
1680359280,+2.88,+18.873, +6.227,+0.948
1680359340,+2.88,+18.865, +6.231,+0.948
1680359400,+2.88,+18.882, +6.234,+0.947
1680359460,+2.88,+18.873, +6.247,+0.948
1680359520,+2.88,+18.873, +6.247,+0.948
1680359580,+2.88,+18.882, +6.246,+0.948
1680359640,+2.88,+18.873, +6.251,+0.948
1680359700,+2.88,+18.882, +6.252,+0.948
1680359760,+2.88,+18.873, +6.249,+0.948
1680359820,+2.88,+18.882, +6.249,+0.948
1680359880,+2.88,+18.865, +6.251,+0.948
1680359940,+2.88,+18.865, +6.253,+0.948
1680360000,+2.88,+18.882, +6.239,+0.947
1680360060,+2.88,+18.890, +6.231,+0.947
1680360120,+2.88,+18.873, +6.238,+0.948
1680360180,+2.88,+18.890, +6.228,+0.948
1680360240,+2.88,+18.890, +6.223,+0.948
1680360300,+2.88,+18.890, +6.220,+0.948
1680360360,+2.88,+18.882, +6.220,+0.948
1680360420,+2.88,+18.898, +6.208,+0.947
1680360480,+2.88,+18.898, +6.211,+0.948
1680360540,+2.88,+18.915, +6.209,+0.948
1680360600,+2.88,+18.890, +6.211,+0.948
1680360660,+2.88,+18.890, +6.213,+0.948
1680360720,+2.88,+18.898, +6.208,+0.947
1680360780,+2.88,+18.898, +6.208,+0.948
1680360840,+2.88,+18.923, +6.197,+0.948
1680360900,+2.88,+18.923, +6.188,+0.948
1680360960,+2.88,+18.923, +6.185,+0.947
1680361020,+2.88,+18.923, +6.184,+0.948
1680361080,+2.88,+18.915, +6.184,+0.948
1680361140,+2.88,+18.932, +6.181,+0.948
1680361200,+2.88,+18.915, +6.184,+0.947
1680361260,+2.88,+18.915, +6.195,+0.948
1680361320,+2.88,+18.915, +6.221,+0.948
1680361380,+2.88,+18.923, +6.241,+0.948
1680361440,+2.88,+18.907, +6.248,+0.947
1680361500,+2.88,+18.915, +6.261,+0.947
1680361560,+2.88,+18.890, +6.277,+0.948
1680361620,+2.88,+18.915, +6.280,+0.948
1680361680,+2.88,+18.890, +6.287,+0.948
1680361740,+2.88,+18.907, +6.280,+0.947
1680361800,+2.88,+18.915, +6.287,+0.948
1680361860,+2.88,+18.898, +6.281,+0.948
1680361920,+2.88,+18.915, +6.267,+0.947
1680361980,+2.88,+18.932, +6.271,+0.948
1680362040,+2.88,+18.932, +6.267,+0.948
1680362100,+2.88,+18.915, +6.258,+0.947
1680362160,+2.88,+18.907, +6.253,+0.947
1680362220,+2.88,+18.915, +6.252,+0.948
1680362280,+2.88,+18.907, +6.249,+0.947
1680362340,+2.88,+18.915, +6.245,+0.948
1680362400,+2.88,+18.932, +6.236,+0.948
1680362460,+2.88,+18.923, +6.237,+0.948
1680362520,+2.88,+18.949, +6.217,+0.947
1680362580,+2.88,+18.932, +6.227,+0.948
1680362640,+2.88,+18.932, +6.219,+0.947
1680362700,+2.88,+18.932, +6.208,+0.947
1680362760,+2.88,+18.940, +6.194,+0.947
1680362820,+2.88,+18.940, +6.196,+0.948
1680362880,+2.88,+18.957, +6.194,+0.948
1680362940,+2.88,+18.949, +6.204,+0.948
1680363000,+2.88,+18.932, +6.211,+0.948
1680363060,+2.88,+18.940, +6.210,+0.947
1680363120,+2.88,+18.957, +6.215,+0.948
1680363180,+2.88,+18.932, +6.222,+0.947
1680363240,+2.88,+18.940, +6.222,+0.947
1680363300,+2.88,+18.940, +6.218,+0.947
1680363360,+2.88,+18.949, +6.219,+0.947
1680363420,+2.88,+18.940, +6.225,+0.948
1680363480,+2.88,+18.940, +6.227,+0.948
1680363540,+2.88,+18.949, +6.215,+0.947
1680363600,+2.88,+18.932, +6.218,+0.948
1680363660,+2.88,+18.940, +6.210,+0.947
1680363720,+2.88,+18.949, +6.201,+0.947
1680363780,+2.88,+18.932, +6.207,+0.948
1680363840,+2.88,+18.957, +6.188,+0.947
1680363900,+2.88,+18.940, +6.189,+0.947
1680363960,+2.88,+18.949, +6.186,+0.948
1680364020,+2.88,+18.940, +6.187,+0.948
1680364080,+2.88,+18.957, +6.184,+0.948
1680364140,+2.88,+18.965, +6.178,+0.948
1680364200,+2.88,+18.965, +6.176,+0.948
1680364260,+2.88,+18.965, +6.169,+0.948
1680364320,+2.88,+18.957, +6.164,+0.948
1680364380,+2.89,+18.949, +6.167,+0.948
1680364440,+2.88,+18.949, +6.157,+0.947
1680364500,+2.88,+18.957, +6.140,+0.948
1680364560,+2.89,+18.957, +6.120,+0.947
1680364620,+2.88,+18.940, +6.128,+0.947
1680364680,+2.88,+18.957, +6.119,+0.947
1680364740,+2.88,+18.949, +6.123,+0.947
1680364800,+2.88,+18.957, +6.121,+0.948
1680364860,+2.88,+18.949, +6.120,+0.947
1680364920,+2.88,+18.949, +6.120,+0.947
1680364980,+2.88,+18.957, +6.117,+0.947
1680365040,+2.88,+18.965, +6.118,+0.948
1680365100,+2.88,+18.957, +6.114,+0.947
1680365160,+2.88,+18.974, +6.110,+0.948
1680365220,+2.88,+18.965, +6.107,+0.948
1680365280,+2.88,+18.974, +6.099,+0.947
1680365340,+2.88,+18.957, +6.102,+0.947
1680365400,+2.88,+18.991, +6.096,+0.947
1680365460,+2.88,+18.974, +6.095,+0.947
1680365520,+2.88,+18.982, +6.104,+0.948
1680365580,+2.88,+18.991, +6.102,+0.948
1680365640,+2.88,+18.974, +6.099,+0.948
1680365700,+2.88,+18.982, +6.138,+0.948
1680365760,+2.88,+18.965, +6.177,+0.948
1680365820,+2.88,+18.982, +6.187,+0.947
1680365880,+2.88,+18.982, +6.188,+0.947
1680365940,+2.88,+18.965, +6.208,+0.948
1680366000,+2.89,+18.974, +6.210,+0.947
1680366060,+2.88,+18.974, +6.228,+0.947
1680366120,+2.88,+18.999, +6.225,+0.947
1680366180,+2.88,+18.965, +6.232,+0.948
1680366240,+2.88,+18.974, +6.219,+0.947
1680366300,+2.88,+18.982, +6.208,+0.947
1680366360,+2.88,+18.957, +6.225,+0.948
1680366420,+2.88,+18.991, +6.207,+0.947
1680366480,+2.88,+18.965, +6.209,+0.947
1680366540,+2.88,+18.957, +6.206,+0.947
1680366600,+2.88,+18.974, +6.207,+0.948
1680366660,+2.88,+18.982, +6.194,+0.948
1680366720,+2.88,+18.965, +6.189,+0.948
1680366780,+2.88,+18.974, +6.181,+0.948
1680366840,+2.88,+18.982, +6.170,+0.948
1680366900,+2.88,+18.991, +6.162,+0.947
1680366960,+2.88,+18.991, +6.160,+0.948
1680367020,+2.89,+18.999, +6.155,+0.948
1680367080,+2.89,+18.999, +6.153,+0.948
1680367140,+2.89,+18.999, +6.137,+0.947
1680367200,+2.89,+19.016, +6.132,+0.947
1680367260,+2.89,+19.016, +6.130,+0.948
1680367320,+2.89,+19.007, +6.131,+0.948
1680367380,+2.89,+18.999, +6.138,+0.948
1680367440,+2.89,+19.016, +6.129,+0.947
1680367500,+2.89,+18.999, +6.127,+0.947
1680367560,+2.89,+18.999, +6.112,+0.948
1680367620,+2.88,+18.999, +6.098,+0.947
1680367680,+2.88,+18.991, +6.115,+0.947
1680367740,+2.88,+18.965, +6.140,+0.948
1680367800,+2.88,+18.974, +6.152,+0.947
1680367860,+2.88,+18.974, +6.167,+0.948
1680367920,+2.88,+18.965, +6.178,+0.947
1680367980,+2.89,+18.982, +6.183,+0.947
1680368040,+2.88,+18.982, +6.186,+0.948
1680368100,+2.88,+18.982, +6.186,+0.947
1680368160,+2.88,+18.982, +6.185,+0.947
1680368220,+2.88,+19.007, +6.180,+0.948
1680368280,+2.88,+18.991, +6.175,+0.947
1680368340,+2.88,+18.982, +6.172,+0.947
1680368400,+2.88,+18.974, +6.175,+0.948
1680368460,+2.88,+18.982, +6.179,+0.948
1680368520,+2.89,+18.999, +6.158,+0.947
1680368580,+2.89,+18.991, +6.156,+0.947
1680368640,+2.89,+18.991, +6.152,+0.947
1680368700,+2.89,+18.982, +6.151,+0.948
1680368760,+2.89,+18.991, +6.144,+0.948
1680368820,+2.89,+19.024, +6.129,+0.947
1680368880,+2.89,+18.999, +6.134,+0.948
1680368940,+2.89,+19.016, +6.127,+0.948
1680369000,+2.89,+18.999, +6.118,+0.947
1680369060,+2.89,+19.024, +6.112,+0.947
1680369120,+2.89,+19.016, +6.119,+0.948
1680369180,+2.89,+19.024, +6.104,+0.948
1680369240,+2.89,+19.024, +6.096,+0.948
1680369300,+2.89,+19.033, +6.086,+0.948
1680369360,+2.89,+19.016, +6.064,+0.948
1680369420,+2.89,+19.007, +6.058,+0.947
1680369480,+2.89,+19.007, +6.051,+0.948
1680369540,+2.89,+19.016, +6.040,+0.947
1680369600,+2.89,+19.007, +6.051,+0.947
1680369660,+2.89,+18.999, +6.059,+0.948
1680369720,+2.89,+18.999, +6.067,+0.948
1680369780,+2.89,+19.007, +6.067,+0.947
1680369840,+2.89,+18.999, +6.076,+0.948
1680369900,+2.89,+19.016, +6.078,+0.948
1680369960,+2.89,+19.007, +6.069,+0.948
1680370020,+2.89,+18.999, +6.068,+0.948
1680370080,+2.89,+18.991, +6.054,+0.948
1680370140,+2.89,+18.999, +6.037,+0.948
1680370200,+2.89,+18.991, +6.024,+0.947
1680370260,+2.88,+18.991, +6.308,+0.948
1680370320,+2.88,+18.999, +6.360,+0.947
1680370380,+2.89,+19.007, +6.321,+0.948
1680370440,+2.89,+19.024, +6.158,+0.947
1680370500,+2.89,+19.041, +5.970,+0.947
1680370560,+2.89,+19.049, +5.756,+0.946
1680370620,+2.89,+19.033, +5.534,+0.946
1680370680,+2.89,+19.049, +5.330,+0.946
1680370740,+2.89,+19.049, +5.120,+0.946
1680370800,+2.89,+19.058, +4.886,+0.946
1680370860,+2.89,+19.058, +4.641,+0.946
1680370920,+2.89,+19.075, +4.396,+0.946
1680370980,+2.89,+19.066, +4.150,+0.945
1680371040,+2.89,+19.075, +3.904,+0.945
1680371100,+2.89,+19.083, +3.680,+0.945
1680371160,+2.89,+19.091, +3.464,+0.945
1680371220,+2.89,+19.100, +3.249,+0.945
1680371280,+2.89,+19.108, +3.057,+0.946
1680371340,+2.89,+19.125, +2.923,+0.945
1680371400,+2.89,+19.125, +2.777,+0.945
1680371460,+2.89,+19.133, +2.702,+0.945
1680371520,+2.89,+19.142, +2.649,+0.945
1680371580,+2.89,+19.158, +2.488,+0.945
1680371640,+2.89,+19.175, +2.355,+0.945
1680371700,+2.89,+19.158, +2.228,+0.946
1680371760,+2.89,+19.158, +2.084,+0.945
1680371820,+2.89,+19.167, +1.907,+0.945
1680371880,+2.89,+19.150, +1.798,+0.946
1680371940,+2.89,+19.167, +1.643,+0.945
1680372000,+2.89,+19.150, +1.534,+0.945
1680372060,+2.89,+19.184, +1.539,+0.946
1680372120,+2.89,+19.167, +1.475,+0.945
1680372180,+2.89,+19.167, +1.414,+0.944
1680372240,+2.89,+19.200, +1.258,+0.943
1680372300,+2.89,+19.175, +1.047,+0.941
1680372360,+2.89,+19.192, +0.855,+0.938
1680372420,+2.89,+19.200, +0.688,+0.938
1680372480,+2.89,+19.192, +0.523,+0.937
1680372540,+2.89,+19.192, +0.391,+0.936
1680372600,+2.89,+19.192, +0.298,+0.936
1680372660,+2.89,+19.184, +0.227,+0.935
1680372720,+2.89,+19.217, +0.207,+0.935
1680372780,+2.89,+19.217, +0.177,+0.935
1680372840,+2.89,+19.226, +0.123,+0.934
1680372900,+2.89,+19.217, +0.104,+0.933
1680372960,+2.89,+19.234, +0.105,+0.933
1680373020,+2.89,+19.242, +0.093,+0.933
1680373080,+2.89,+19.226, +0.084,+0.933
1680373140,+2.89,+19.242, +0.082,+0.933
1680373200,+2.89,+19.234, +0.077,+0.933
1680373260,+2.89,+19.251, +0.073,+0.933
1680373320,+2.89,+19.251, +0.071,+0.933
1680373380,+2.89,+19.259, +0.071,+0.933
1680373440,+2.89,+19.268, +0.067,+0.933
1680373500,+2.89,+19.242, +0.068,+0.933
1680373560,+2.89,+19.259, +0.068,+0.933
1680373620,+2.89,+19.259, +0.066,+0.933
1680373680,+2.89,+19.268, +0.071,+0.933
1680373740,+2.89,+19.259, +0.077,+0.933
1680373800,+2.89,+19.268, +0.078,+0.933
1680373860,+2.89,+19.268, +0.075,+0.933
1680373920,+2.89,+19.276, +0.069,+0.933
1680373980,+2.89,+19.276, +0.065,+0.933
1680374040,+2.89,+19.276, +0.066,+0.933
1680374100,+2.89,+19.276, +0.067,+0.933
1680374160,+2.89,+19.309, +0.066,+0.933
1680374220,+2.89,+19.284, +0.067,+0.933
1680374280,+2.89,+19.301, +0.063,+0.933
1680374340,+2.89,+19.301, +0.063,+0.933
1680374400,+2.89,+19.284, +0.065,+0.933
1680374460,+2.89,+19.293, +0.066,+0.933
1680374520,+2.89,+19.301, +0.066,+0.933
1680374580,+2.89,+19.293, +0.065,+0.933
1680374640,+2.89,+19.293, +0.063,+0.933
1680374700,+2.89,+19.309, +0.061,+0.933
1680374760,+2.89,+19.318, +0.060,+0.933
1680374820,+2.89,+19.318, +0.060,+0.933
1680374880,+2.89,+19.318, +0.061,+0.933
1680374940,+2.89,+19.343, +0.059,+0.933
1680375000,+2.89,+19.360, +0.059,+0.933
1680375060,+2.89,+19.377, +0.058,+0.933
1680375120,+2.88,+19.377, +0.058,+0.933
1680375180,+2.89,+19.377, +0.057,+0.933
1680375240,+2.89,+19.393, +0.058,+0.933
1680375300,+2.89,+19.393, +0.057,+0.933
1680375360,+2.88,+19.385, +0.058,+0.933
1680375420,+2.89,+19.385, +0.058,+0.933
1680375480,+2.88,+19.402, +0.057,+0.933
1680375540,+2.88,+19.393, +0.057,+0.933
1680375600,+2.89,+19.393, +0.058,+0.933
1680375660,+2.88,+19.393, +0.057,+0.933
1680375720,+2.88,+19.418, +0.057,+0.933
1680375780,+2.88,+19.410, +0.057,+0.933
1680375840,+2.88,+19.410, +0.057,+0.933
1680375900,+2.88,+19.410, +0.057,+0.933
1680375960,+2.88,+19.435, +0.057,+0.933
1680376020,+2.88,+19.444, +0.057,+0.933
1680376080,+2.88,+19.435, +0.057,+0.933
1680376140,+2.88,+19.444, +0.057,+0.933
1680376200,+2.88,+19.444, +0.056,+0.933
1680376260,+2.88,+19.452, +0.056,+0.933
1680376320,+2.88,+19.452, +0.057,+0.933
1680376380,+2.88,+19.460, +0.056,+0.933
1680376440,+2.88,+19.444, +0.056,+0.933
1680376500,+2.88,+19.452, +0.056,+0.933
1680376560,+2.88,+19.477, +0.055,+0.933
1680376620,+2.88,+19.460, +0.056,+0.933
1680376680,+2.88,+19.460, +0.055,+0.933
1680376740,+2.88,+19.485, +0.056,+0.933
1680376800,+2.88,+19.485, +0.055,+0.933
1680376860,+2.88,+19.469, +0.056,+0.933
1680376920,+2.88,+19.485, +0.056,+0.933
1680376980,+2.88,+19.477, +0.056,+0.933
1680377040,+2.88,+19.477, +0.056,+0.933
1680377100,+2.88,+19.494, +0.056,+0.933
1680377160,+2.88,+19.502, +0.055,+0.933
1680377220,+2.88,+19.502, +0.056,+0.933
1680377280,+2.88,+19.511, +0.055,+0.933
1680377340,+2.88,+19.527, +0.056,+0.933
1680377400,+2.88,+19.536, +0.055,+0.933
1680377460,+2.88,+19.527, +0.055,+0.933
1680377520,+2.88,+19.561, +0.056,+0.933
1680377580,+2.88,+19.536, +0.055,+0.933
1680377640,+2.88,+19.527, +0.055,+0.933
1680377700,+2.88,+19.553, +0.056,+0.933
1680377760,+2.88,+19.561, +0.056,+0.933
1680377820,+2.88,+19.553, +0.056,+0.933
1680377880,+2.88,+19.561, +0.055,+0.933
1680377940,+2.88,+19.578, +0.055,+0.933
1680378000,+2.88,+19.569, +0.055,+0.933
1680378060,+2.88,+19.586, +0.055,+0.933
1680378120,+2.88,+19.578, +0.055,+0.933
1680378180,+2.88,+19.578, +0.056,+0.933
1680378240,+2.88,+19.586, +0.056,+0.934
1680378300,+2.88,+19.603, +0.055,+0.933
1680378360,+2.88,+19.594, +0.055,+0.933
1680378420,+2.88,+19.603, +0.056,+0.934
1680378480,+2.88,+19.620, +0.056,+0.934
1680378540,+2.88,+19.611, +5.558,+0.938
1680378600,+2.88,+19.485, +7.191,+0.948
1680378660,+2.88,+19.477, +7.227,+0.946
1680378720,+2.88,+19.309, +7.374,+0.946
1680378780,+2.89,+19.293, +7.423,+0.945
1680378840,+2.88,+19.326, +7.382,+0.945
1680378900,+2.88,+19.318, +7.415,+0.945
1680378960,+2.88,+19.360, +7.399,+0.945
1680379020,+2.88,+19.402, +7.421,+0.945
1680379080,+2.88,+19.502, +7.418,+0.945
1680379140,+2.88,+19.586, +7.397,+0.945
1680379200,+2.88,+19.728, +7.335,+0.945
1680379260,+2.87,+19.879, +7.367,+0.947
