7450-663402
OS REV: 1.04 Sensor Cal: 1570117751
Time (sec),  BV (Volts),  T (deg C),  DO (mg/l),  Q ()
1687455540,+3.03,+19.752, +7.949,+1.033
1687455840,+3.03,+19.794, +8.000,+1.032
1687456140,+3.03,+19.836, +8.055,+1.033
1687456440,+3.03,+19.886, +8.059,+1.033
1687456740,+3.03,+19.928, +8.081,+1.033
1687457040,+3.03,+19.936, +8.095,+1.033
1687457340,+3.03,+19.953, +8.081,+1.033
1687457640,+3.03,+19.970, +8.072,+1.033
1687457940,+3.03,+20.012, +8.089,+1.033
1687458240,+3.03,+20.037, +8.156,+1.033
1687458540,+3.03,+20.095, +8.185,+1.033
1687458840,+3.03,+20.104, +8.152,+1.033
1687459140,+3.03,+20.112, +8.159,+1.033
1687459440,+3.03,+20.104, +8.181,+1.034
1687459740,+3.03,+20.146, +8.204,+1.033
1687460040,+3.03,+20.179, +8.250,+1.033
1687460340,+3.03,+20.229, +8.294,+1.033
1687460640,+3.03,+20.296, +8.304,+1.033
1687460940,+3.03,+20.296, +8.275,+1.033
1687461240,+3.03,+20.296, +8.296,+1.034
1687461540,+3.03,+20.355, +8.360,+1.033
1687461840,+3.03,+20.422, +8.378,+1.034
1687462140,+3.03,+20.455, +8.406,+1.034
1687462440,+3.03,+20.522, +8.411,+1.034
1687462740,+3.03,+20.572, +8.424,+1.034
1687463040,+3.03,+20.589, +8.441,+1.033
1687463340,+3.03,+20.647, +8.469,+1.034
1687463640,+3.03,+20.706, +8.488,+1.034
1687463940,+3.03,+20.764, +8.498,+1.034
1687464240,+3.03,+20.798, +8.535,+1.034
1687464540,+3.03,+20.881, +8.564,+1.035
1687464840,+3.03,+20.907, +8.558,+1.034
1687465140,+3.02,+20.898, +8.562,+1.034
1687465440,+3.02,+20.940, +8.586,+1.034
1687465740,+3.02,+21.015, +8.628,+1.034
1687466040,+3.02,+21.057, +8.642,+1.034
1687466340,+3.03,+21.099, +8.655,+1.035
1687466640,+3.03,+21.116, +8.673,+1.035
1687466940,+3.03,+21.132, +8.658,+1.034
1687467240,+3.03,+21.132, +8.662,+1.034
1687467540,+3.03,+21.166, +8.689,+1.035
1687467840,+3.03,+21.191, +8.683,+1.034
1687468140,+3.03,+21.216, +8.720,+1.034
1687468440,+3.03,+21.258, +8.735,+1.035
1687468740,+3.03,+21.249, +8.730,+1.034
1687469040,+3.03,+21.258, +8.740,+1.034
1687469340,+3.03,+21.274, +8.752,+1.034
1687469640,+3.03,+21.291, +8.773,+1.034
1687469940,+3.03,+21.283, +8.784,+1.034
1687470240,+3.03,+21.299, +8.787,+1.034
1687470540,+3.03,+21.291, +8.789,+1.034
1687470840,+3.03,+21.316, +8.817,+1.035
1687471140,+3.03,+21.316, +8.817,+1.034
1687471440,+3.03,+21.299, +8.835,+1.034
1687471740,+3.03,+21.316, +8.836,+1.035
1687472040,+3.03,+21.299, +8.835,+1.034
1687472340,+3.03,+21.324, +8.866,+1.035
1687472640,+3.03,+21.324, +8.860,+1.034
1687472940,+3.03,+21.324, +8.877,+1.035
1687473240,+3.03,+21.341, +8.865,+1.034
1687473540,+3.03,+21.341, +8.894,+1.035
1687473840,+3.03,+21.333, +8.918,+1.035
1687474140,+3.03,+21.358, +8.897,+1.034
1687474440,+3.03,+21.358, +8.918,+1.035
1687474740,+3.03,+21.366, +8.951,+1.035
1687475040,+3.03,+21.391, +8.953,+1.035
1687475340,+3.03,+21.408, +8.957,+1.035
1687475640,+3.03,+21.408, +8.982,+1.035
1687475940,+3.03,+21.425, +8.974,+1.035
1687476240,+3.03,+21.458, +8.964,+1.034
1687476540,+3.03,+21.475, +8.978,+1.034
1687476840,+3.03,+21.508, +8.964,+1.035
1687477140,+3.03,+21.533, +8.968,+1.034
1687477440,+3.03,+21.550, +8.994,+1.035
1687477740,+3.03,+21.584, +8.999,+1.035
1687478040,+3.03,+21.584, +8.993,+1.034
1687478340,+3.03,+21.609, +9.019,+1.035
1687478640,+3.03,+21.642, +9.004,+1.035
1687478940,+3.03,+21.659, +9.033,+1.036
1687479240,+3.03,+21.667, +9.023,+1.035
1687479540,+3.03,+21.675, +9.036,+1.036
1687479840,+3.03,+21.692, +9.026,+1.035
1687480140,+3.03,+21.701, +9.029,+1.035
1687480440,+3.03,+21.717, +9.037,+1.035
1687480740,+3.03,+21.734, +9.018,+1.035
1687481040,+3.03,+21.759, +9.028,+1.035
1687481340,+3.03,+21.751, +9.038,+1.035
1687481640,+3.03,+21.759, +9.019,+1.034
1687481940,+3.03,+21.776, +9.032,+1.035
1687482240,+3.02,+21.776, +9.038,+1.036
1687482540,+3.02,+21.776, +9.020,+1.035
1687482840,+3.02,+21.784, +9.025,+1.036
1687483140,+3.02,+21.784, +9.012,+1.035
1687483440,+3.02,+21.776, +9.026,+1.035
1687483740,+3.02,+21.751, +9.018,+1.035
1687484040,+3.02,+21.759, +9.010,+1.036
1687484340,+3.02,+21.759, +8.994,+1.035
1687484640,+3.03,+21.742, +8.977,+1.035
1687484940,+3.03,+21.717, +8.991,+1.035
1687485240,+3.03,+21.709, +8.983,+1.035
1687485540,+3.03,+21.667, +8.970,+1.035
1687485840,+3.03,+21.642, +8.946,+1.034
1687486140,+3.03,+21.642, +8.931,+1.034
1687486440,+3.03,+21.625, +8.930,+1.035
1687486740,+3.03,+21.600, +8.901,+1.034
1687487040,+3.03,+21.575, +8.890,+1.035
1687487340,+3.03,+21.575, +8.888,+1.035
1687487640,+3.03,+21.550, +8.872,+1.035
1687487940,+3.03,+21.558, +8.837,+1.035
1687488240,+3.03,+21.542, +8.841,+1.035
1687488540,+3.03,+21.517, +8.813,+1.035
1687488840,+3.03,+21.533, +8.786,+1.035
1687489140,+3.03,+21.508, +8.782,+1.034
1687489440,+3.03,+21.508, +8.754,+1.034
1687489740,+3.03,+21.475, +8.743,+1.034
1687490040,+3.03,+21.475, +8.720,+1.034
1687490340,+3.03,+21.450, +8.703,+1.034
1687490640,+3.03,+21.441, +8.672,+1.034
1687490940,+3.03,+21.425, +8.662,+1.035
1687491240,+3.03,+21.416, +8.624,+1.034
1687491540,+3.03,+21.400, +8.618,+1.035
1687491840,+3.03,+21.383, +8.574,+1.034
1687492140,+3.03,+21.358, +8.563,+1.034
1687492440,+3.03,+21.316, +8.545,+1.034
1687492740,+3.03,+21.308, +8.519,+1.034
1687493040,+3.03,+21.299, +8.503,+1.035
1687493340,+3.03,+21.266, +8.478,+1.034
1687493640,+3.03,+21.233, +8.474,+1.034
1687493940,+3.03,+21.207, +8.441,+1.034
1687494240,+3.03,+21.207, +8.411,+1.034
1687494540,+3.03,+21.182, +8.399,+1.034
1687494840,+3.03,+21.174, +8.369,+1.034
1687495140,+3.03,+21.132, +8.364,+1.035
1687495440,+3.03,+21.124, +8.342,+1.034
1687495740,+3.03,+21.107, +8.313,+1.034
1687496040,+3.03,+21.099, +8.307,+1.034
1687496340,+3.03,+21.082, +8.288,+1.034
1687496640,+3.02,+21.065, +8.281,+1.035
1687496940,+3.02,+21.049, +8.256,+1.034
1687497240,+3.02,+21.032, +8.238,+1.035
1687497540,+3.02,+21.024, +8.221,+1.034
1687497840,+3.02,+21.007, +8.199,+1.034
1687498140,+3.02,+20.998, +8.171,+1.033
1687498440,+3.02,+20.965, +8.162,+1.034
1687498740,+3.02,+20.948, +8.130,+1.033
1687499040,+3.02,+20.940, +8.111,+1.033
1687499340,+3.02,+20.923, +8.091,+1.033
1687499640,+3.02,+20.907, +8.082,+1.034
1687499940,+3.02,+20.881, +8.059,+1.033
1687500240,+3.02,+20.865, +8.033,+1.033
1687500540,+3.03,+20.831, +8.028,+1.034
1687500840,+3.03,+20.823, +8.015,+1.033
1687501140,+3.03,+20.806, +7.987,+1.033
1687501440,+3.03,+20.790, +7.974,+1.033
1687501740,+3.03,+20.781, +7.957,+1.034
1687502040,+3.03,+20.781, +7.944,+1.034
1687502340,+3.03,+20.756, +7.927,+1.033
1687502640,+3.03,+20.739, +7.904,+1.033
1687502940,+3.03,+20.723, +7.889,+1.033
1687503240,+3.03,+20.689, +7.880,+1.033
1687503540,+3.03,+20.672, +7.857,+1.033
1687503840,+3.03,+20.656, +7.843,+1.033
1687504140,+3.03,+20.656, +7.818,+1.033
1687504440,+3.03,+20.647, +7.807,+1.033
1687504740,+3.03,+20.622, +7.791,+1.033
1687505040,+3.03,+20.606, +7.771,+1.033
1687505340,+3.03,+20.580, +7.761,+1.033
1687505640,+3.03,+20.572, +7.735,+1.033
1687505940,+3.03,+20.539, +7.733,+1.033
1687506240,+3.03,+20.522, +7.711,+1.033
1687506540,+3.03,+20.505, +7.695,+1.033
1687506840,+3.03,+20.480, +7.672,+1.033
1687507140,+3.03,+20.463, +7.673,+1.034
1687507440,+3.03,+20.455, +7.644,+1.033
1687507740,+3.03,+20.430, +7.638,+1.033
1687508040,+3.03,+20.413, +7.622,+1.033
1687508340,+3.03,+20.405, +7.593,+1.032
1687508640,+3.03,+20.380, +7.587,+1.033
1687508940,+3.03,+20.380, +7.562,+1.032
1687509240,+3.03,+20.346, +7.570,+1.033
1687509540,+3.03,+20.330, +7.552,+1.033
1687509840,+3.03,+20.305, +7.536,+1.033
1687510140,+3.03,+20.254, +7.533,+1.033
1687510440,+3.03,+20.238, +7.521,+1.033
1687510740,+3.03,+20.212, +7.512,+1.033
1687511040,+3.03,+20.221, +7.484,+1.033
1687511340,+3.03,+20.204, +7.477,+1.033
1687511640,+3.03,+20.154, +7.476,+1.033
1687511940,+3.03,+20.137, +7.457,+1.033
1687512240,+3.03,+20.095, +7.452,+1.032
1687512540,+3.03,+20.062, +7.444,+1.033
1687512840,+3.03,+20.045, +7.425,+1.032
1687513140,+3.03,+20.012, +7.418,+1.033
1687513440,+3.03,+20.003, +7.412,+1.033
1687513740,+3.03,+19.987, +7.389,+1.032
1687514040,+3.03,+19.945, +7.391,+1.033
1687514340,+3.03,+19.928, +7.375,+1.032
1687514640,+3.03,+19.911, +7.366,+1.032
1687514940,+3.03,+19.878, +7.358,+1.032
1687515240,+3.03,+19.853, +7.353,+1.032
1687515540,+3.03,+19.819, +7.337,+1.033
1687515840,+3.03,+19.836, +7.325,+1.033
1687516140,+3.03,+19.794, +7.331,+1.033
1687516440,+3.03,+19.786, +7.318,+1.033
1687516740,+3.03,+19.752, +7.318,+1.033
1687517040,+3.03,+19.744, +7.300,+1.033
1687517340,+3.03,+19.702, +7.297,+1.032
1687517640,+3.03,+19.694, +7.287,+1.032
1687517940,+3.03,+19.710, +7.276,+1.033
1687518240,+3.03,+19.677, +7.278,+1.033
1687518540,+3.03,+19.652, +7.259,+1.032
1687518840,+3.03,+19.635, +7.253,+1.032
1687519140,+3.03,+19.601, +7.256,+1.033
1687519440,+3.03,+19.576, +7.259,+1.033
1687519740,+3.03,+19.576, +7.242,+1.032
1687520040,+3.03,+19.560, +7.237,+1.032
1687520340,+3.03,+19.551, +7.225,+1.032
1687520640,+3.03,+19.526, +7.227,+1.033
1687520940,+3.03,+19.509, +7.227,+1.033
1687521240,+3.03,+19.484, +7.221,+1.032
1687521540,+3.03,+19.484, +7.208,+1.032
1687521840,+3.03,+19.467, +7.202,+1.032
1687522140,+3.03,+19.451, +7.199,+1.032
1687522440,+3.03,+19.442, +7.192,+1.032
1687522740,+3.03,+19.434, +7.193,+1.032
1687523040,+3.03,+19.417, +7.191,+1.032
1687523340,+3.03,+19.409, +7.187,+1.032
1687523640,+3.03,+19.409, +7.176,+1.032
1687523940,+3.03,+19.392, +7.169,+1.032
1687524240,+3.03,+19.375, +7.167,+1.032
1687524540,+3.03,+19.358, +7.156,+1.032
1687524840,+3.03,+19.367, +7.152,+1.032
1687525140,+3.03,+19.333, +7.163,+1.033
1687525440,+3.03,+19.325, +7.144,+1.032
1687525740,+3.03,+19.317, +7.149,+1.032
1687526040,+3.03,+19.308, +7.155,+1.033
1687526340,+3.03,+19.300, +7.156,+1.032
1687526640,+3.03,+19.283, +7.143,+1.032
1687526940,+3.03,+19.275, +7.149,+1.032
1687527240,+3.03,+19.266, +7.145,+1.033
1687527540,+3.03,+19.258, +7.144,+1.033
1687527840,+3.03,+19.241, +7.144,+1.032
1687528140,+3.03,+19.208, +7.161,+1.032
1687528440,+3.03,+19.224, +7.135,+1.032
1687528740,+3.03,+19.208, +7.148,+1.033
1687529040,+3.03,+19.199, +7.156,+1.032
1687529340,+3.03,+19.191, +7.142,+1.032
1687529640,+3.03,+19.157, +7.165,+1.032
1687529940,+3.03,+19.191, +7.161,+1.032
1687530240,+3.03,+19.157, +7.180,+1.033
1687530540,+3.03,+19.166, +7.181,+1.033
1687530840,+3.03,+19.149, +7.197,+1.032
1687531140,+3.03,+19.157, +7.194,+1.033
1687531440,+3.03,+19.132, +7.210,+1.032
1687531740,+3.03,+19.132, +7.218,+1.032
1687532040,+3.03,+19.132, +7.232,+1.033
1687532340,+3.03,+19.132, +7.224,+1.032
1687532640,+3.03,+19.132, +7.234,+1.032
1687532940,+3.03,+19.140, +7.250,+1.032
1687533240,+3.03,+19.140, +7.267,+1.032
1687533540,+3.03,+19.132, +7.274,+1.032
1687533840,+3.03,+19.107, +7.301,+1.032
1687534140,+3.03,+19.124, +7.308,+1.032
1687534440,+3.03,+19.124, +7.308,+1.032
1687534740,+3.03,+19.124, +7.332,+1.033
1687535040,+3.03,+19.140, +7.354,+1.033
1687535340,+3.03,+19.124, +7.374,+1.032
1687535640,+3.03,+19.124, +7.380,+1.032
1687535940,+3.03,+19.124, +7.397,+1.032
1687536240,+3.03,+19.140, +7.424,+1.033
1687536540,+3.03,+19.140, +7.430,+1.032
1687536840,+3.03,+19.132, +7.448,+1.033
1687537140,+3.03,+19.140, +7.450,+1.033
1687537440,+3.03,+19.140, +7.477,+1.032
1687537740,+3.03,+19.140, +7.495,+1.032
1687538040,+3.03,+19.149, +7.508,+1.033
1687538340,+3.03,+19.149, +7.517,+1.032
1687538640,+3.03,+19.157, +7.528,+1.032
1687538940,+3.03,+19.157, +7.561,+1.033
1687539240,+3.03,+19.149, +7.583,+1.033
1687539540,+3.03,+19.174, +7.594,+1.032
1687539840,+3.03,+19.157, +7.616,+1.032
1687540140,+3.03,+19.166, +7.623,+1.033
1687540440,+3.03,+19.191, +7.643,+1.033
1687540740,+3.03,+19.182, +7.662,+1.032
1687541040,+3.03,+19.174, +7.677,+1.032
1687541340,+3.03,+19.166, +7.686,+1.032
1687541640,+3.03,+19.174, +7.707,+1.033
1687541940,+3.03,+19.174, +7.737,+1.033
