7450-663402
OS REV: 1.04 Sensor Cal: 1570117751
Time (sec),  BV (Volts),  T (deg C),  DO (mg/l),  Q ()
1690396260,+3.01,+23.423, +8.686,+1.038
1690396560,+3.01,+23.457, +8.841,+1.038
1690396860,+3.01,+23.499, +8.872,+1.038
1690397160,+3.01,+23.532, +8.967,+1.039
1690397460,+3.00,+23.541, +8.853,+1.038
1690397760,+3.00,+23.566, +8.982,+1.038
1690398060,+3.00,+23.608, +8.918,+1.038
1690398360,+3.00,+23.633, +9.056,+1.039
1690398660,+3.00,+23.675, +9.049,+1.038
1690398960,+3.00,+23.692, +9.109,+1.038
1690399260,+3.00,+23.742, +9.155,+1.039
1690399560,+3.00,+23.784, +9.248,+1.039
1690399860,+3.00,+23.817, +9.398,+1.039
1690400160,+3.00,+23.851, +9.483,+1.039
1690400460,+3.00,+23.893, +9.416,+1.039
1690400760,+3.00,+23.926, +9.337,+1.038
1690401060,+3.00,+23.951, +9.387,+1.039
1690401360,+3.00,+23.977, +9.449,+1.039
1690401660,+3.00,+24.035, +9.612,+1.040
1690401960,+3.00,+24.069, +9.734,+1.040
1690402260,+3.00,+24.136, +9.903,+1.040
1690402560,+3.00,+24.136, +9.731,+1.039
1690402860,+3.00,+24.178, +9.620,+1.040
1690403160,+3.00,+24.211, +9.573,+1.039
1690403460,+3.00,+24.245, +9.717,+1.040
1690403760,+3.00,+24.287, +9.578,+1.039
1690404060,+3.00,+24.312, +9.553,+1.040
1690404360,+3.00,+24.354, +9.518,+1.040
1690404660,+3.00,+24.379, +9.464,+1.040
1690404960,+3.00,+24.413, +9.413,+1.039
1690405260,+3.00,+24.430, +9.238,+1.039
1690405560,+3.00,+24.446, +9.172,+1.040
1690405860,+3.00,+24.472, +9.100,+1.039
1690406160,+3.00,+24.488, +9.122,+1.039
1690406460,+3.00,+24.522, +9.050,+1.038
1690406760,+3.00,+24.547, +9.057,+1.039
1690407060,+3.00,+24.589, +9.064,+1.039
1690407360,+3.00,+24.614, +8.943,+1.039
1690407660,+3.00,+24.648, +8.849,+1.039
1690407960,+3.00,+24.665, +8.775,+1.039
1690408260,+3.00,+24.673, +8.750,+1.039
1690408560,+3.00,+24.715, +8.733,+1.040
1690408860,+3.00,+24.740, +8.691,+1.039
1690409160,+3.00,+24.732, +8.686,+1.039
1690409460,+3.00,+24.757, +8.663,+1.038
1690409760,+3.00,+24.766, +8.676,+1.038
1690410060,+3.00,+24.782, +8.691,+1.039
1690410360,+3.00,+24.824, +8.699,+1.038
1690410660,+3.00,+24.875, +8.742,+1.040
1690410960,+3.00,+24.892, +8.784,+1.039
1690411260,+3.00,+24.892, +8.815,+1.040
1690411560,+3.00,+24.900, +8.783,+1.039
1690411860,+3.00,+24.925, +8.739,+1.039
1690412160,+3.00,+24.934, +8.721,+1.039
1690412460,+3.00,+24.934, +8.734,+1.039
1690412760,+3.00,+24.959, +8.706,+1.039
1690413060,+3.00,+24.942, +8.725,+1.039
1690413360,+3.00,+24.959, +8.744,+1.039
1690413660,+3.00,+24.993, +8.766,+1.039
1690413960,+3.00,+25.001, +8.765,+1.038
1690414260,+3.00,+24.976, +8.749,+1.039
1690414560,+3.00,+25.001, +8.759,+1.039
1690414860,+3.00,+25.018, +8.769,+1.040
1690415160,+3.00,+25.018, +8.728,+1.038
1690415460,+3.00,+25.009, +8.713,+1.039
1690415760,+3.00,+25.018, +8.700,+1.039
1690416060,+3.00,+24.993, +8.687,+1.039
1690416360,+3.00,+25.001, +8.708,+1.039
1690416660,+3.00,+25.035, +8.767,+1.039
1690416960,+3.00,+25.035, +8.795,+1.039
1690417260,+3.00,+25.043, +8.818,+1.039
1690417560,+3.00,+25.043, +8.787,+1.039
1690417860,+3.00,+25.026, +8.847,+1.039
1690418160,+3.00,+25.009, +8.837,+1.038
1690418460,+3.00,+24.993, +8.839,+1.040
1690418760,+3.00,+25.018, +8.824,+1.040
1690419060,+3.00,+25.009, +8.798,+1.039
1690419360,+3.00,+24.993, +8.822,+1.039
1690419660,+3.00,+24.993, +8.806,+1.039
1690419960,+3.00,+24.993, +8.776,+1.039
1690420260,+3.00,+24.976, +8.781,+1.039
1690420560,+3.00,+24.976, +8.793,+1.039
1690420860,+3.00,+24.959, +8.788,+1.038
1690421160,+3.00,+24.967, +8.789,+1.038
1690421460,+3.00,+24.942, +8.809,+1.039
1690421760,+3.00,+24.934, +8.817,+1.039
1690422060,+3.00,+24.934, +8.841,+1.039
1690422360,+3.00,+24.951, +8.812,+1.039
1690422660,+3.00,+24.908, +8.834,+1.040
1690422960,+3.00,+24.908, +8.818,+1.039
1690423260,+3.00,+24.892, +8.839,+1.040
1690423560,+3.00,+24.892, +8.824,+1.039
1690423860,+3.00,+24.866, +8.830,+1.038
1690424160,+3.00,+24.841, +8.834,+1.039
1690424460,+3.00,+24.824, +8.828,+1.039
1690424760,+3.00,+24.816, +8.832,+1.039
1690425060,+3.00,+24.782, +8.841,+1.038
1690425360,+3.00,+24.757, +8.814,+1.039
1690425660,+3.00,+24.749, +8.813,+1.039
1690425960,+3.00,+24.707, +8.787,+1.039
1690426260,+3.00,+24.673, +8.732,+1.039
1690426560,+3.00,+24.640, +8.741,+1.040
1690426860,+3.00,+24.631, +8.670,+1.039
1690427160,+3.00,+24.631, +8.636,+1.038
1690427460,+3.00,+24.589, +8.644,+1.039
1690427760,+3.00,+24.547, +8.624,+1.039
1690428060,+3.00,+24.539, +8.603,+1.038
1690428360,+3.00,+24.530, +8.575,+1.038
1690428660,+3.00,+24.472, +8.575,+1.039
1690428960,+3.00,+24.472, +8.540,+1.038
1690429260,+3.00,+24.446, +8.549,+1.038
1690429560,+3.00,+24.430, +8.511,+1.039
1690429860,+3.00,+24.446, +8.443,+1.038
1690430160,+3.00,+24.404, +8.431,+1.037
1690430460,+3.00,+24.404, +8.436,+1.038
1690430760,+3.00,+24.346, +8.420,+1.039
1690431060,+3.00,+24.312, +8.417,+1.038
1690431360,+3.00,+24.295, +8.421,+1.038
1690431660,+3.00,+24.295, +8.388,+1.038
1690431960,+3.00,+24.279, +8.372,+1.038
1690432260,+3.00,+24.245, +8.360,+1.038
1690432560,+3.00,+24.211, +8.364,+1.038
1690432860,+3.00,+24.220, +8.297,+1.038
1690433160,+3.00,+24.186, +8.289,+1.038
1690433460,+3.00,+24.161, +8.290,+1.038
1690433760,+3.00,+24.127, +8.245,+1.038
1690434060,+3.00,+24.136, +8.231,+1.038
1690434360,+3.00,+24.102, +8.182,+1.038
1690434660,+3.00,+24.094, +8.162,+1.037
1690434960,+3.00,+24.077, +8.124,+1.037
1690435260,+3.00,+24.060, +8.099,+1.037
1690435560,+3.00,+24.018, +8.104,+1.038
1690435860,+3.00,+24.035, +8.063,+1.038
1690436160,+3.00,+24.018, +8.034,+1.037
1690436460,+3.00,+24.002, +8.024,+1.038
1690436760,+3.00,+24.002, +7.977,+1.038
1690437060,+3.00,+23.977, +7.970,+1.038
1690437360,+3.00,+23.968, +7.947,+1.038
1690437660,+3.00,+23.935, +7.933,+1.037
1690437960,+3.00,+23.943, +7.918,+1.038
1690438260,+3.00,+23.918, +7.900,+1.037
1690438560,+3.00,+23.926, +7.876,+1.038
1690438860,+3.00,+23.901, +7.862,+1.037
1690439160,+3.00,+23.893, +7.836,+1.037
1690439460,+3.00,+23.901, +7.815,+1.037
1690439760,+3.00,+23.893, +7.772,+1.037
1690440060,+3.00,+23.884, +7.763,+1.037
1690440360,+3.00,+23.868, +7.768,+1.038
1690440660,+3.00,+23.876, +7.744,+1.037
1690440960,+3.00,+23.868, +7.776,+1.037
1690441260,+3.00,+23.868, +7.759,+1.037
1690441560,+3.00,+23.876, +7.720,+1.037
1690441860,+3.00,+23.868, +7.703,+1.037
1690442160,+3.00,+23.876, +7.674,+1.037
1690442460,+3.00,+23.851, +7.650,+1.036
1690442760,+3.00,+23.859, +7.629,+1.037
1690443060,+3.00,+23.842, +7.610,+1.037
1690443360,+3.00,+23.859, +7.584,+1.036
1690443660,+3.00,+23.834, +7.564,+1.037
1690443960,+3.00,+23.809, +7.562,+1.037
1690444260,+3.00,+23.784, +7.520,+1.036
1690444560,+3.00,+23.800, +7.494,+1.037
1690444860,+3.00,+23.784, +7.469,+1.037
1690445160,+3.00,+23.767, +7.469,+1.037
1690445460,+3.00,+23.759, +7.430,+1.037
1690445760,+3.00,+23.759, +7.358,+1.036
1690446060,+3.00,+23.733, +7.357,+1.037
1690446360,+3.00,+23.725, +7.325,+1.036
1690446660,+3.00,+23.683, +7.319,+1.037
1690446960,+3.00,+23.700, +7.274,+1.036
1690447260,+3.00,+23.666, +7.235,+1.037
1690447560,+3.00,+23.650, +7.218,+1.036
1690447860,+3.00,+23.633, +7.184,+1.036
1690448160,+3.00,+23.633, +7.151,+1.036
1690448460,+3.00,+23.625, +7.115,+1.036
1690448760,+3.00,+23.599, +7.069,+1.035
1690449060,+3.00,+23.591, +7.057,+1.036
1690449360,+3.00,+23.566, +7.024,+1.036
1690449660,+3.01,+23.541, +6.974,+1.036
1690449960,+3.00,+23.532, +6.980,+1.036
1690450260,+3.01,+23.507, +6.986,+1.036
1690450560,+3.01,+23.499, +6.942,+1.036
1690450860,+3.01,+23.482, +6.924,+1.036
1690451160,+3.01,+23.449, +6.897,+1.036
1690451460,+3.01,+23.423, +6.853,+1.035
1690451760,+3.01,+23.407, +6.820,+1.035
1690452060,+3.01,+23.365, +6.811,+1.036
1690452360,+3.01,+23.356, +6.762,+1.036
1690452660,+3.01,+23.323, +6.745,+1.035
1690452960,+3.01,+23.315, +6.741,+1.035
1690453260,+3.00,+23.273, +6.725,+1.036
1690453560,+3.00,+23.264, +6.718,+1.036
1690453860,+3.00,+23.256, +6.692,+1.036
1690454160,+3.00,+23.214, +6.678,+1.035
1690454460,+3.00,+23.172, +6.663,+1.035
1690454760,+3.00,+23.164, +6.657,+1.036
1690455060,+3.00,+23.122, +6.648,+1.036
1690455360,+3.00,+23.097, +6.639,+1.036
1690455660,+3.00,+23.089, +6.601,+1.035
1690455960,+3.00,+23.072, +6.586,+1.035
1690456260,+3.00,+23.030, +6.579,+1.035
1690456560,+3.00,+23.013, +6.546,+1.035
1690456860,+3.00,+22.988, +6.541,+1.035
1690457160,+3.00,+22.980, +6.513,+1.035
1690457460,+3.00,+22.946, +6.502,+1.035
1690457760,+3.00,+22.921, +6.495,+1.035
1690458060,+3.00,+22.905, +6.455,+1.035
1690458360,+3.00,+22.871, +6.452,+1.035
1690458660,+3.00,+22.879, +6.432,+1.035
1690458960,+3.00,+22.846, +6.438,+1.034
1690459260,+3.00,+22.813, +6.431,+1.035
1690459560,+3.00,+22.813, +6.421,+1.035
1690459860,+3.00,+22.771, +6.386,+1.035
1690460160,+3.00,+22.762, +6.380,+1.035
1690460460,+3.00,+22.729, +6.358,+1.035
1690460760,+3.00,+22.712, +6.334,+1.035
1690461060,+3.00,+22.704, +6.295,+1.035
1690461360,+3.00,+22.662, +6.309,+1.035
1690461660,+3.00,+22.645, +6.310,+1.034
1690461960,+3.01,+22.637, +6.292,+1.034
1690462260,+3.00,+22.620, +6.275,+1.035
1690462560,+3.01,+22.595, +6.264,+1.035
1690462860,+3.01,+22.570, +6.257,+1.035
1690463160,+3.01,+22.537, +6.245,+1.034
1690463460,+3.01,+22.528, +6.245,+1.035
1690463760,+3.01,+22.495, +6.218,+1.035
1690464060,+3.01,+22.486, +6.227,+1.034
1690464360,+3.01,+22.461, +6.185,+1.034
1690464660,+3.01,+22.428, +6.208,+1.034
1690464960,+3.01,+22.419, +6.186,+1.034
1690465260,+3.01,+22.411, +6.173,+1.035
1690465560,+3.01,+22.386, +6.174,+1.035
1690465860,+3.01,+22.369, +6.174,+1.035
1690466160,+3.01,+22.336, +6.156,+1.034
1690466460,+3.01,+22.327, +6.172,+1.034
1690466760,+3.01,+22.319, +6.180,+1.035
1690467060,+3.01,+22.302, +6.193,+1.034
1690467360,+3.01,+22.277, +6.197,+1.034
1690467660,+3.01,+22.244, +6.207,+1.034
1690467960,+3.01,+22.227, +6.195,+1.034
1690468260,+3.01,+22.194, +6.184,+1.034
1690468560,+3.01,+22.194, +6.183,+1.034
1690468860,+3.01,+22.169, +6.227,+1.035
1690469160,+3.00,+22.177, +6.254,+1.035
1690469460,+3.00,+22.169, +6.303,+1.035
1690469760,+3.01,+22.160, +6.353,+1.035
1690470060,+3.01,+22.177, +6.422,+1.034
1690470360,+3.01,+22.169, +6.480,+1.034
1690470660,+3.00,+22.185, +6.564,+1.034
1690470960,+3.00,+22.177, +6.735,+1.035
1690471260,+3.01,+22.177, +6.836,+1.035
1690471560,+3.00,+22.152, +7.026,+1.035
1690471860,+3.00,+22.152, +6.962,+1.035
1690472160,+3.00,+22.118, +6.934,+1.036
1690472460,+3.00,+22.118, +6.887,+1.035
1690472760,+3.00,+22.127, +6.973,+1.035
1690473060,+3.00,+22.110, +6.972,+1.035
1690473360,+3.00,+22.102, +6.992,+1.035
1690473660,+3.00,+22.118, +7.075,+1.035
1690473960,+3.00,+22.118, +7.171,+1.035
1690474260,+3.00,+22.102, +7.218,+1.035
1690474560,+3.00,+22.118, +7.279,+1.035
1690474860,+3.00,+22.127, +7.337,+1.035
1690475160,+3.00,+22.144, +7.335,+1.035
1690475460,+3.00,+22.152, +7.336,+1.035
1690475760,+3.00,+22.152, +7.411,+1.035
1690476060,+3.01,+22.185, +7.436,+1.036
1690476360,+3.01,+22.227, +7.577,+1.035
1690476660,+3.01,+22.244, +7.691,+1.036
1690476960,+3.01,+22.302, +7.733,+1.036
1690477260,+3.01,+22.319, +7.763,+1.036
1690477560,+3.01,+22.361, +7.942,+1.036
1690477860,+3.01,+22.386, +7.950,+1.036
1690478160,+3.01,+22.394, +7.885,+1.037
1690478460,+3.01,+22.411, +7.946,+1.036
1690478760,+3.01,+22.470, +7.960,+1.035
1690479060,+3.01,+22.486, +7.995,+1.037
1690479360,+3.01,+22.495, +8.054,+1.037
1690479660,+3.01,+22.537, +8.064,+1.036
1690479960,+3.01,+22.553, +8.131,+1.036
1690480260,+3.01,+22.578, +8.184,+1.037
1690480560,+3.01,+22.612, +8.482,+1.037
1690480860,+3.00,+22.628, +8.399,+1.037
1690481160,+3.00,+22.679, +8.348,+1.036
1690481460,+3.00,+22.695, +8.364,+1.037
1690481760,+3.00,+22.720, +8.473,+1.037
1690482060,+3.00,+22.762, +8.739,+1.038
1690482360,+3.00,+22.813, +8.792,+1.038
1690482660,+3.00,+22.863, +8.790,+1.037
