7450-663402
OS REV: 1.04 Sensor Cal: 1570117751
Time (sec),  BV (Volts),  T (deg C),  DO (mg/l),  Q ()
1694800620,+2.98,+21.742, +6.246,+1.025
1694800920,+2.98,+21.759, +6.263,+1.024
1694801220,+2.98,+21.818, +6.282,+1.024
1694801520,+2.98,+21.876, +6.337,+1.024
1694801820,+2.98,+21.935, +6.376,+1.025
1694802120,+2.98,+21.976, +6.396,+1.025
1694802420,+2.98,+22.035, +6.427,+1.024
1694802720,+2.98,+22.085, +6.474,+1.024
1694803020,+2.98,+22.144, +6.515,+1.025
1694803320,+2.99,+22.210, +6.543,+1.024
1694803620,+2.99,+22.277, +6.559,+1.024
1694803920,+2.99,+22.327, +6.619,+1.024
1694804220,+2.99,+22.386, +6.684,+1.025
1694804520,+2.98,+22.445, +6.710,+1.025
1694804820,+2.98,+22.545, +6.718,+1.025
1694805120,+2.98,+22.578, +6.733,+1.025
1694805420,+2.98,+22.645, +6.770,+1.025
1694805720,+2.98,+22.679, +6.822,+1.025
1694806020,+2.98,+22.712, +6.881,+1.025
1694806320,+2.98,+22.687, +6.955,+1.025
1694806620,+2.98,+22.662, +6.999,+1.024
1694806920,+2.98,+22.620, +7.021,+1.025
1694807220,+2.98,+22.570, +7.001,+1.024
1694807520,+2.98,+22.537, +7.013,+1.024
1694807820,+2.98,+22.503, +7.014,+1.024
1694808120,+2.99,+22.445, +7.028,+1.025
1694808420,+2.99,+22.411, +6.989,+1.025
1694808720,+2.99,+22.378, +6.954,+1.024
1694809020,+2.99,+22.378, +6.941,+1.024
1694809320,+2.98,+22.403, +6.930,+1.024
1694809620,+2.98,+22.411, +6.927,+1.024
1694809920,+2.98,+22.378, +6.940,+1.025
1694810220,+2.99,+22.394, +6.908,+1.025
1694810520,+2.98,+22.411, +6.883,+1.025
1694810820,+2.99,+22.386, +6.905,+1.025
1694811120,+2.99,+22.378, +6.880,+1.024
1694811420,+2.98,+22.403, +6.989,+1.025
1694811720,+2.98,+22.570, +7.122,+1.025
1694812020,+2.98,+22.737, +7.206,+1.025
1694812320,+2.98,+22.871, +7.242,+1.025
1694812620,+2.98,+22.938, +7.296,+1.025
1694812920,+2.98,+22.997, +7.295,+1.025
1694813220,+2.98,+23.013, +7.282,+1.025
1694813520,+2.98,+23.097, +7.307,+1.025
1694813820,+2.98,+23.197, +7.404,+1.025
1694814120,+2.98,+23.290, +7.627,+1.026
1694814420,+2.98,+23.290, +7.657,+1.025
1694814720,+2.98,+23.306, +7.647,+1.025
1694815020,+2.98,+23.340, +7.658,+1.025
1694815320,+2.98,+23.365, +7.662,+1.025
1694815620,+2.98,+23.423, +7.738,+1.025
1694815920,+2.98,+23.482, +7.823,+1.026
1694816220,+2.98,+23.532, +7.885,+1.026
1694816520,+2.98,+23.532, +7.964,+1.026
1694816820,+2.98,+23.557, +7.963,+1.026
1694817120,+2.98,+23.541, +7.983,+1.026
1694817420,+2.98,+23.499, +7.976,+1.026
1694817720,+2.98,+23.507, +7.997,+1.025
1694818020,+2.98,+23.474, +7.986,+1.026
1694818320,+2.98,+23.507, +7.997,+1.026
1694818620,+2.98,+23.524, +8.000,+1.027
1694818920,+2.98,+23.524, +8.018,+1.026
1694819220,+2.98,+23.524, +8.031,+1.026
1694819520,+2.98,+23.499, +8.026,+1.026
1694819820,+2.98,+23.482, +8.036,+1.026
1694820120,+2.98,+23.482, +8.128,+1.025
1694820420,+2.98,+23.482, +8.147,+1.025
1694820720,+2.98,+23.457, +8.121,+1.025
1694821020,+2.98,+23.449, +8.088,+1.027
1694821320,+2.98,+23.415, +8.096,+1.025
1694821620,+2.98,+23.390, +8.141,+1.026
1694821920,+2.98,+23.398, +8.111,+1.026
1694822220,+2.98,+23.382, +8.096,+1.026
1694822520,+2.98,+23.398, +8.077,+1.026
1694822820,+2.98,+23.398, +8.041,+1.026
1694823120,+2.98,+23.390, +8.031,+1.026
1694823420,+2.98,+23.382, +8.017,+1.026
1694823720,+2.98,+23.373, +8.066,+1.026
1694824020,+2.98,+23.348, +8.074,+1.026
1694824320,+2.98,+23.331, +8.095,+1.026
1694824620,+2.98,+23.306, +8.117,+1.026
1694824920,+2.98,+23.315, +8.132,+1.026
1694825220,+2.98,+23.298, +8.141,+1.026
1694825520,+2.98,+23.281, +8.124,+1.026
1694825820,+2.98,+23.273, +7.860,+1.026
1694826120,+2.98,+23.273, +7.928,+1.026
1694826420,+2.98,+23.256, +8.027,+1.025
1694826720,+2.98,+23.239, +8.071,+1.026
1694827020,+2.98,+23.214, +8.076,+1.026
1694827320,+2.98,+23.214, +8.047,+1.026
1694827620,+2.98,+23.214, +8.037,+1.026
1694827920,+2.98,+23.189, +8.014,+1.026
1694828220,+2.98,+23.197, +7.992,+1.026
1694828520,+2.98,+23.189, +7.974,+1.026
1694828820,+2.98,+23.164, +7.969,+1.026
1694829120,+2.98,+23.156, +7.960,+1.026
1694829420,+2.98,+23.156, +7.969,+1.025
1694829720,+2.98,+23.139, +7.988,+1.026
1694830020,+2.98,+23.130, +7.964,+1.026
1694830320,+2.98,+23.097, +7.953,+1.026
1694830620,+2.98,+23.114, +7.923,+1.026
1694830920,+2.98,+23.114, +7.893,+1.026
1694831220,+2.98,+23.097, +7.858,+1.026
1694831520,+2.98,+23.105, +7.860,+1.025
1694831820,+2.98,+23.097, +7.852,+1.025
1694832120,+2.98,+23.105, +7.856,+1.026
1694832420,+2.98,+23.122, +7.861,+1.025
1694832720,+2.98,+23.122, +7.882,+1.026
1694833020,+2.98,+23.130, +7.901,+1.026
1694833320,+2.98,+23.147, +7.889,+1.026
1694833620,+2.98,+23.130, +7.875,+1.026
1694833920,+2.98,+23.147, +7.868,+1.026
1694834220,+2.98,+23.139, +7.875,+1.025
1694834520,+2.98,+23.147, +7.856,+1.026
1694834820,+2.98,+23.139, +7.867,+1.026
1694835120,+2.98,+23.130, +7.857,+1.026
1694835420,+2.98,+23.105, +7.832,+1.026
1694835720,+2.98,+23.089, +7.816,+1.026
1694836020,+2.98,+23.080, +7.796,+1.026
1694836320,+2.98,+23.064, +7.761,+1.025
1694836620,+2.98,+23.064, +7.742,+1.026
1694836920,+2.98,+23.038, +7.719,+1.025
1694837220,+2.98,+23.022, +7.750,+1.026
1694837520,+2.98,+23.047, +7.737,+1.026
1694837820,+2.98,+23.038, +7.724,+1.025
1694838120,+2.98,+23.030, +7.705,+1.025
1694838420,+2.98,+22.997, +7.693,+1.026
1694838720,+2.98,+22.971, +7.660,+1.025
1694839020,+2.98,+22.971, +7.652,+1.026
1694839320,+2.98,+22.980, +7.636,+1.025
1694839620,+2.98,+22.955, +7.628,+1.025
1694839920,+2.98,+22.946, +7.605,+1.025
1694840220,+2.98,+22.955, +7.577,+1.025
1694840520,+2.98,+22.930, +7.566,+1.026
1694840820,+2.98,+22.921, +7.541,+1.025
1694841120,+2.98,+22.871, +7.519,+1.026
1694841420,+2.98,+22.854, +7.467,+1.025
1694841720,+2.98,+22.838, +7.409,+1.025
1694842020,+2.98,+22.804, +7.359,+1.025
1694842320,+2.98,+22.787, +7.315,+1.025
1694842620,+2.98,+22.779, +7.300,+1.025
1694842920,+2.98,+22.746, +7.256,+1.025
1694843220,+2.98,+22.720, +7.206,+1.024
1694843520,+2.98,+22.704, +7.168,+1.025
1694843820,+2.98,+22.712, +7.147,+1.025
1694844120,+2.98,+22.687, +7.149,+1.025
1694844420,+2.98,+22.704, +7.140,+1.025
1694844720,+2.98,+22.679, +7.125,+1.025
1694845020,+2.98,+22.645, +7.090,+1.025
1694845320,+2.98,+22.654, +7.074,+1.025
1694845620,+2.98,+22.637, +7.053,+1.024
1694845920,+2.98,+22.645, +7.007,+1.025
1694846220,+2.98,+22.620, +7.029,+1.025
1694846520,+2.98,+22.612, +7.069,+1.025
1694846820,+2.98,+22.612, +7.078,+1.025
1694847120,+2.98,+22.570, +7.096,+1.025
1694847420,+2.98,+22.537, +7.082,+1.025
1694847720,+2.98,+22.545, +7.051,+1.025
1694848020,+2.98,+22.511, +7.038,+1.025
1694848320,+2.98,+22.511, +7.012,+1.025
1694848620,+2.98,+22.495, +6.991,+1.025
1694848920,+2.98,+22.478, +6.972,+1.025
1694849220,+2.98,+22.470, +6.943,+1.025
1694849520,+2.98,+22.461, +6.926,+1.024
1694849820,+2.98,+22.445, +6.910,+1.025
1694850120,+2.98,+22.445, +6.884,+1.025
1694850420,+2.98,+22.386, +6.892,+1.025
1694850720,+2.99,+22.411, +6.851,+1.025
1694851020,+2.98,+22.369, +6.843,+1.025
1694851320,+2.99,+22.369, +6.813,+1.024
1694851620,+2.99,+22.361, +6.780,+1.024
1694851920,+2.99,+22.336, +6.753,+1.024
1694852220,+2.99,+22.344, +6.746,+1.025
1694852520,+2.98,+22.319, +6.726,+1.024
1694852820,+2.99,+22.319, +6.682,+1.025
1694853120,+2.99,+22.286, +6.676,+1.024
1694853420,+2.99,+22.277, +6.657,+1.024
1694853720,+2.99,+22.261, +6.651,+1.025
1694854020,+2.99,+22.261, +6.639,+1.025
1694854320,+2.99,+22.261, +6.607,+1.025
1694854620,+2.99,+22.236, +6.582,+1.024
1694854920,+2.99,+22.227, +6.586,+1.025
1694855220,+2.99,+22.219, +6.552,+1.024
1694855520,+2.99,+22.227, +6.527,+1.024
1694855820,+2.98,+22.202, +6.510,+1.025
1694856120,+2.98,+22.169, +6.494,+1.024
1694856420,+2.98,+22.202, +6.486,+1.025
1694856720,+2.98,+22.177, +6.440,+1.024
1694857020,+2.98,+22.160, +6.442,+1.025
1694857320,+2.98,+22.152, +6.435,+1.024
1694857620,+2.98,+22.152, +6.405,+1.024
1694857920,+2.98,+22.144, +6.424,+1.024
1694858220,+2.98,+22.135, +6.404,+1.024
1694858520,+2.98,+22.127, +6.384,+1.025
1694858820,+2.98,+22.093, +6.383,+1.024
1694859120,+2.98,+22.085, +6.372,+1.024
1694859420,+2.98,+22.085, +6.341,+1.024
1694859720,+2.98,+22.060, +6.346,+1.024
1694860020,+2.98,+22.043, +6.334,+1.024
1694860320,+2.98,+22.043, +6.293,+1.024
1694860620,+2.98,+22.018, +6.289,+1.024
1694860920,+2.98,+22.018, +6.262,+1.023
1694861220,+2.98,+22.027, +6.242,+1.024
1694861520,+2.98,+22.010, +6.217,+1.024
1694861820,+2.98,+21.993, +6.197,+1.024
1694862120,+2.98,+22.001, +6.188,+1.024
1694862420,+2.98,+21.968, +6.089,+1.025
1694862720,+2.98,+21.960, +6.116,+1.024
1694863020,+2.98,+21.960, +6.142,+1.024
1694863320,+2.98,+21.951, +6.147,+1.025
1694863620,+2.98,+21.960, +6.128,+1.024
1694863920,+2.98,+21.926, +6.083,+1.024
1694864220,+2.98,+21.935, +6.107,+1.024
1694864520,+2.98,+21.918, +6.075,+1.024
1694864820,+2.98,+21.910, +6.018,+1.024
1694865120,+2.98,+21.893, +5.994,+1.024
1694865420,+2.98,+21.884, +5.953,+1.024
1694865720,+2.98,+21.884, +5.883,+1.024
1694866020,+2.98,+21.876, +5.956,+1.025
1694866320,+2.98,+21.876, +5.939,+1.024
1694866620,+2.98,+21.859, +5.939,+1.024
1694866920,+2.98,+21.859, +5.903,+1.024
1694867220,+2.98,+21.859, +5.880,+1.024
1694867520,+2.98,+21.826, +5.925,+1.024
1694867820,+2.98,+21.826, +5.904,+1.024
1694868120,+2.98,+21.834, +5.887,+1.024
1694868420,+2.98,+21.801, +5.880,+1.024
1694868720,+2.98,+21.809, +5.875,+1.024
1694869020,+2.98,+21.801, +5.864,+1.024
1694869320,+2.98,+21.784, +5.843,+1.024
1694869620,+2.98,+21.809, +5.816,+1.024
1694869920,+2.98,+21.784, +5.802,+1.024
1694870220,+2.98,+21.784, +5.777,+1.024
1694870520,+2.98,+21.759, +5.776,+1.024
1694870820,+2.98,+21.742, +5.789,+1.024
1694871120,+2.98,+21.751, +5.747,+1.025
1694871420,+2.98,+21.734, +5.752,+1.024
1694871720,+2.98,+21.742, +5.752,+1.024
1694872020,+2.98,+21.726, +5.759,+1.024
1694872320,+2.98,+21.726, +5.790,+1.024
1694872620,+2.98,+21.709, +5.759,+1.024
1694872920,+2.98,+21.709, +5.759,+1.024
1694873220,+2.98,+21.684, +5.730,+1.024
1694873520,+2.98,+21.701, +5.724,+1.024
1694873820,+2.98,+21.659, +5.755,+1.024
1694874120,+2.98,+21.692, +5.755,+1.024
1694874420,+2.98,+21.659, +5.731,+1.024
1694874720,+2.98,+21.667, +5.741,+1.024
1694875020,+2.98,+21.650, +5.732,+1.024
1694875320,+2.98,+21.650, +5.747,+1.024
1694875620,+2.98,+21.634, +5.742,+1.024
1694875920,+2.98,+21.642, +5.725,+1.025
1694876220,+2.98,+21.609, +5.770,+1.024
1694876520,+2.98,+21.617, +5.758,+1.024
1694876820,+2.98,+21.617, +5.767,+1.024
1694877120,+2.98,+21.609, +5.730,+1.024
1694877420,+2.98,+21.600, +5.769,+1.024
1694877720,+2.98,+21.600, +5.762,+1.024
1694878020,+2.98,+21.609, +5.764,+1.024
1694878320,+2.99,+21.584, +5.786,+1.024
1694878620,+2.98,+21.609, +5.748,+1.024
1694878920,+2.98,+21.609, +5.772,+1.024
1694879220,+2.98,+21.609, +5.797,+1.024
1694879520,+2.98,+21.592, +5.777,+1.024
1694879820,+2.98,+21.609, +5.761,+1.024
1694880120,+2.98,+21.642, +5.809,+1.024
1694880420,+2.98,+21.650, +5.796,+1.024
1694880720,+2.98,+21.650, +5.829,+1.024
1694881020,+2.98,+21.675, +5.822,+1.024
1694881320,+2.98,+21.692, +5.884,+1.024
1694881620,+2.98,+21.701, +5.884,+1.024
1694881920,+2.98,+21.709, +5.899,+1.024
1694882220,+2.98,+21.709, +5.922,+1.024
1694882520,+2.98,+21.742, +5.931,+1.024
1694882820,+2.98,+21.784, +5.956,+1.024
1694883120,+2.98,+21.784, +5.979,+1.024
1694883420,+2.98,+21.809, +5.977,+1.024
1694883720,+2.98,+21.818, +6.013,+1.024
1694884020,+2.98,+21.809, +6.033,+1.024
1694884320,+2.98,+21.834, +6.035,+1.024
1694884620,+2.98,+21.859, +6.093,+1.025
1694884920,+2.98,+21.868, +6.069,+1.024
1694885220,+2.98,+21.876, +6.088,+1.024
1694885520,+2.98,+21.884, +6.071,+1.024
1694885820,+2.98,+21.935, +6.005,+1.024
1694886120,+2.98,+21.926, +6.054,+1.025
1694886420,+2.98,+21.960, +6.047,+1.024
1694886720,+2.98,+21.976, +6.063,+1.024
1694887020,+2.98,+22.018, +6.096,+1.024
