7450-663402
OS REV: 1.04 Sensor Cal: 1570117751
Time (sec),  BV (Volts),  T (deg C),  DO (mg/l),  Q ()
1692295920,+2.99,+26.223, +5.205,+1.030
1692296220,+2.99,+26.240, +5.261,+1.030
1692296520,+2.99,+26.274, +5.334,+1.030
1692296820,+2.99,+26.274, +5.399,+1.031
1692297120,+2.99,+26.325, +5.509,+1.030
1692297420,+2.99,+26.376, +5.611,+1.030
1692297720,+2.99,+26.409, +5.692,+1.031
1692298020,+2.99,+26.452, +5.850,+1.031
1692298320,+3.00,+26.511, +5.889,+1.031
1692298620,+3.00,+26.528, +6.005,+1.031
1692298920,+3.00,+26.553, +6.073,+1.031
1692299220,+3.00,+26.570, +6.082,+1.031
1692299520,+3.00,+26.596, +6.143,+1.031
1692299820,+3.00,+26.621, +6.206,+1.031
1692300120,+3.00,+26.663, +6.227,+1.032
1692300420,+3.00,+26.706, +6.317,+1.031
1692300720,+3.00,+26.723, +6.381,+1.032
1692301020,+3.00,+26.740, +6.420,+1.031
1692301320,+3.00,+26.731, +6.399,+1.031
1692301620,+3.00,+26.782, +6.542,+1.032
1692301920,+3.00,+26.807, +6.606,+1.032
1692302220,+2.99,+26.841, +6.748,+1.032
1692302520,+3.00,+26.892, +6.790,+1.032
1692302820,+2.99,+26.960, +6.820,+1.032
1692303120,+2.99,+27.045, +6.859,+1.032
1692303420,+2.99,+27.036, +6.912,+1.032
1692303720,+2.99,+27.045, +7.000,+1.033
1692304020,+2.99,+27.070, +7.005,+1.032
1692304320,+2.99,+27.070, +7.047,+1.032
1692304620,+2.99,+27.062, +7.077,+1.032
1692304920,+2.99,+27.062, +7.106,+1.032
1692305220,+2.99,+27.070, +7.133,+1.032
1692305520,+2.99,+27.062, +7.161,+1.032
1692305820,+2.99,+27.113, +7.228,+1.033
1692306120,+2.99,+27.130, +7.249,+1.033
1692306420,+2.99,+27.138, +7.271,+1.033
1692306720,+2.99,+27.172, +7.265,+1.033
1692307020,+2.99,+27.181, +7.280,+1.032
1692307320,+2.99,+27.206, +7.300,+1.033
1692307620,+2.99,+27.248, +7.306,+1.033
1692307920,+2.99,+27.308, +7.322,+1.032
1692308220,+2.99,+27.393, +7.330,+1.033
1692308520,+2.99,+27.435, +7.354,+1.033
1692308820,+2.99,+27.435, +7.346,+1.032
1692309120,+2.99,+27.427, +7.356,+1.033
1692309420,+2.99,+27.435, +7.427,+1.033
1692309720,+2.99,+27.444, +7.467,+1.033
1692310020,+2.99,+27.469, +7.496,+1.033
1692310320,+2.99,+27.495, +7.526,+1.033
1692310620,+2.99,+27.495, +7.549,+1.033
1692310920,+2.99,+27.529, +7.583,+1.033
1692311220,+2.99,+27.520, +7.643,+1.033
1692311520,+2.99,+27.588, +7.670,+1.034
1692311820,+3.00,+27.605, +7.693,+1.033
1692312120,+2.99,+27.623, +7.726,+1.034
1692312420,+3.00,+27.648, +7.754,+1.034
1692312720,+3.00,+27.674, +7.762,+1.034
1692313020,+3.00,+27.665, +7.803,+1.033
1692313320,+3.00,+27.725, +7.836,+1.034
1692313620,+3.00,+27.733, +7.856,+1.033
1692313920,+3.00,+27.750, +7.851,+1.033
1692314220,+2.99,+27.810, +7.873,+1.033
1692314520,+2.99,+27.810, +7.954,+1.033
1692314820,+2.99,+27.861, +8.010,+1.034
1692315120,+2.99,+27.904, +7.989,+1.033
1692315420,+2.99,+27.921, +7.986,+1.034
1692315720,+2.99,+27.921, +7.992,+1.034
1692316020,+2.99,+27.938, +8.003,+1.035
1692316320,+2.99,+27.963, +8.021,+1.034
1692316620,+2.99,+27.980, +8.023,+1.034
1692316920,+2.99,+27.989, +8.033,+1.034
1692317220,+2.99,+28.014, +8.021,+1.034
1692317520,+2.99,+28.006, +8.066,+1.033
1692317820,+2.99,+28.014, +8.091,+1.034
1692318120,+2.99,+28.031, +8.106,+1.035
1692318420,+2.99,+28.040, +8.073,+1.034
1692318720,+2.99,+28.066, +8.091,+1.034
1692319020,+2.99,+28.083, +8.115,+1.034
1692319320,+2.99,+28.125, +8.090,+1.034
1692319620,+2.99,+28.125, +8.114,+1.034
1692319920,+2.99,+28.142, +8.121,+1.034
1692320220,+2.99,+28.125, +8.100,+1.033
1692320520,+2.99,+28.151, +8.093,+1.035
1692320820,+2.99,+28.159, +8.084,+1.033
1692321120,+2.99,+28.176, +8.127,+1.034
1692321420,+2.99,+28.176, +8.142,+1.035
1692321720,+2.99,+28.193, +8.102,+1.033
1692322020,+2.99,+28.176, +8.157,+1.034
1692322320,+2.99,+28.185, +8.115,+1.034
1692322620,+2.99,+28.142, +8.149,+1.034
1692322920,+2.99,+28.108, +8.172,+1.034
1692323220,+2.99,+28.108, +8.156,+1.034
1692323520,+2.99,+28.117, +8.134,+1.034
1692323820,+2.99,+28.083, +8.138,+1.034
1692324120,+2.99,+28.066, +8.138,+1.034
1692324420,+2.99,+28.057, +8.111,+1.034
1692324720,+2.99,+28.048, +8.119,+1.034
1692325020,+2.99,+28.040, +8.103,+1.034
1692325320,+2.99,+28.040, +8.091,+1.034
1692325620,+2.99,+28.031, +8.039,+1.033
1692325920,+2.99,+28.023, +8.038,+1.033
1692326220,+2.99,+28.023, +8.029,+1.034
1692326520,+2.99,+27.980, +8.024,+1.034
1692326820,+2.99,+27.955, +7.996,+1.034
1692327120,+2.99,+27.946, +7.983,+1.034
1692327420,+2.99,+27.929, +7.943,+1.034
1692327720,+2.99,+27.929, +7.920,+1.034
1692328020,+2.99,+27.886, +7.898,+1.033
1692328320,+2.99,+27.869, +7.856,+1.034
1692328620,+2.99,+27.869, +7.823,+1.033
1692328920,+2.99,+27.827, +7.808,+1.034
1692329220,+3.00,+27.818, +7.787,+1.034
1692329520,+3.00,+27.784, +7.764,+1.034
1692329820,+3.00,+27.759, +7.735,+1.033
1692330120,+3.00,+27.750, +7.698,+1.032
1692330420,+3.00,+27.733, +7.674,+1.033
1692330720,+2.99,+27.708, +7.654,+1.033
1692331020,+2.99,+27.691, +7.639,+1.034
1692331320,+3.00,+27.674, +7.575,+1.033
1692331620,+3.00,+27.648, +7.541,+1.033
1692331920,+2.99,+27.623, +7.518,+1.033
1692332220,+2.99,+27.597, +7.517,+1.032
1692332520,+2.99,+27.597, +7.484,+1.033
1692332820,+2.99,+27.554, +7.444,+1.034
1692333120,+2.99,+27.529, +7.429,+1.033
1692333420,+2.99,+27.529, +7.376,+1.033
1692333720,+2.99,+27.503, +7.328,+1.033
1692334020,+2.99,+27.495, +7.277,+1.032
1692334320,+2.99,+27.469, +7.274,+1.033
1692334620,+2.99,+27.452, +7.183,+1.033
1692334920,+2.99,+27.444, +7.102,+1.032
1692335220,+2.99,+27.427, +7.080,+1.032
1692335520,+2.99,+27.393, +7.004,+1.033
1692335820,+2.99,+27.359, +6.949,+1.032
1692336120,+2.99,+27.342, +6.899,+1.032
1692336420,+2.99,+27.291, +6.853,+1.033
1692336720,+2.99,+27.265, +6.804,+1.032
1692337020,+2.99,+27.240, +6.740,+1.032
1692337320,+2.99,+27.215, +6.713,+1.033
1692337620,+2.99,+27.206, +6.643,+1.032
1692337920,+2.99,+27.181, +6.591,+1.032
1692338220,+2.99,+27.138, +6.548,+1.032
1692338520,+2.99,+27.104, +6.509,+1.032
1692338820,+2.99,+27.070, +6.489,+1.031
1692339120,+2.99,+27.053, +6.469,+1.032
1692339420,+2.99,+27.011, +6.438,+1.031
1692339720,+2.99,+26.985, +6.437,+1.031
1692340020,+2.99,+26.977, +6.395,+1.032
1692340320,+2.99,+26.943, +6.315,+1.031
1692340620,+2.99,+26.909, +6.317,+1.031
1692340920,+3.00,+26.892, +6.305,+1.032
1692341220,+3.00,+26.858, +6.268,+1.031
1692341520,+3.00,+26.841, +6.224,+1.031
1692341820,+3.00,+26.816, +6.187,+1.031
1692342120,+3.00,+26.807, +6.180,+1.031
1692342420,+3.00,+26.757, +6.168,+1.031
1692342720,+3.00,+26.740, +6.159,+1.032
1692343020,+3.00,+26.723, +6.136,+1.031
1692343320,+3.00,+26.706, +6.108,+1.031
1692343620,+3.00,+26.680, +6.079,+1.031
1692343920,+3.00,+26.663, +6.028,+1.031
1692344220,+3.00,+26.621, +6.033,+1.031
1692344520,+3.00,+26.613, +6.004,+1.031
1692344820,+3.00,+26.613, +5.949,+1.031
1692345120,+3.00,+26.613, +5.916,+1.031
1692345420,+3.00,+26.579, +5.895,+1.031
1692345720,+3.00,+26.562, +5.920,+1.031
1692346020,+3.00,+26.536, +5.917,+1.031
1692346320,+3.00,+26.528, +5.901,+1.031
1692346620,+3.00,+26.502, +5.848,+1.030
1692346920,+3.00,+26.494, +5.827,+1.031
1692347220,+2.99,+26.469, +5.785,+1.030
1692347520,+2.99,+26.460, +5.773,+1.030
1692347820,+2.99,+26.443, +5.747,+1.030
1692348120,+2.99,+26.443, +5.709,+1.030
1692348420,+2.99,+26.426, +5.742,+1.030
1692348720,+2.99,+26.426, +5.709,+1.030
1692349020,+2.99,+26.367, +5.738,+1.030
1692349320,+2.99,+26.359, +5.739,+1.031
1692349620,+2.99,+26.333, +5.692,+1.031
1692349920,+2.99,+26.316, +5.667,+1.030
1692350220,+2.99,+26.316, +5.626,+1.030
1692350520,+2.99,+26.291, +5.609,+1.030
1692350820,+2.99,+26.257, +5.587,+1.030
1692351120,+2.99,+26.257, +5.588,+1.030
1692351420,+2.99,+26.223, +5.580,+1.031
1692351720,+2.99,+26.207, +5.553,+1.030
1692352020,+2.99,+26.198, +5.526,+1.030
1692352320,+2.99,+26.164, +5.520,+1.031
1692352620,+2.99,+26.139, +5.512,+1.030
1692352920,+2.99,+26.114, +5.504,+1.030
1692353220,+2.99,+26.122, +5.474,+1.030
1692353520,+2.99,+26.105, +5.448,+1.030
1692353820,+2.99,+26.088, +5.437,+1.030
1692354120,+2.99,+26.054, +5.437,+1.030
1692354420,+2.99,+26.046, +5.438,+1.031
1692354720,+2.99,+26.046, +5.423,+1.030
1692355020,+2.99,+26.012, +5.396,+1.030
1692355320,+3.00,+26.012, +5.380,+1.030
1692355620,+3.00,+25.987, +5.381,+1.030
1692355920,+3.00,+25.962, +5.374,+1.030
1692356220,+3.00,+25.936, +5.333,+1.030
1692356520,+3.00,+25.945, +5.332,+1.030
1692356820,+3.00,+25.902, +5.357,+1.030
1692357120,+3.00,+25.902, +5.350,+1.030
1692357420,+3.00,+25.902, +5.319,+1.030
1692357720,+3.00,+25.877, +5.319,+1.030
1692358020,+3.00,+25.869, +5.303,+1.030
1692358320,+3.00,+25.852, +5.298,+1.030
1692358620,+3.00,+25.843, +5.267,+1.030
1692358920,+3.00,+25.827, +5.265,+1.030
1692359220,+3.00,+25.818, +5.261,+1.030
1692359520,+3.00,+25.801, +5.238,+1.030
1692359820,+3.00,+25.784, +5.205,+1.030
1692360120,+3.00,+25.751, +5.196,+1.030
1692360420,+3.00,+25.734, +5.219,+1.030
1692360720,+3.00,+25.717, +5.204,+1.030
1692361020,+3.00,+25.717, +5.204,+1.030
1692361320,+3.00,+25.683, +5.184,+1.030
1692361620,+3.00,+25.658, +5.169,+1.030
1692361920,+3.00,+25.666, +5.171,+1.030
1692362220,+3.00,+25.649, +5.173,+1.030
1692362520,+3.00,+25.641, +5.175,+1.030
1692362820,+3.00,+25.624, +5.141,+1.030
1692363120,+3.00,+25.607, +5.140,+1.030
1692363420,+3.00,+25.607, +5.105,+1.030
1692363720,+3.00,+25.574, +5.103,+1.030
1692364020,+3.00,+25.565, +5.104,+1.030
1692364320,+3.00,+25.540, +5.038,+1.030
1692364620,+3.00,+25.548, +5.034,+1.030
1692364920,+3.00,+25.506, +5.037,+1.030
1692365220,+3.00,+25.489, +5.086,+1.030
1692365520,+3.00,+25.489, +5.090,+1.029
1692365820,+3.00,+25.472, +5.120,+1.030
1692366120,+3.00,+25.430, +5.091,+1.030
1692366420,+3.00,+25.447, +5.080,+1.030
1692366720,+3.00,+25.422, +5.028,+1.030
1692367020,+3.00,+25.413, +5.016,+1.030
1692367320,+3.00,+25.413, +4.983,+1.030
1692367620,+3.00,+25.405, +4.963,+1.030
1692367920,+3.00,+25.413, +4.980,+1.030
1692368220,+3.00,+25.388, +4.980,+1.030
1692368520,+3.00,+25.397, +4.965,+1.030
1692368820,+2.99,+25.363, +4.980,+1.030
1692369120,+2.99,+25.363, +4.986,+1.030
1692369420,+2.99,+25.371, +4.942,+1.030
1692369720,+2.99,+25.354, +4.965,+1.030
1692370020,+2.99,+25.321, +4.967,+1.029
1692370320,+2.99,+25.296, +5.006,+1.030
1692370620,+2.99,+25.304, +5.022,+1.030
1692370920,+2.99,+25.304, +5.038,+1.030
1692371220,+2.99,+25.279, +5.044,+1.030
1692371520,+2.99,+25.262, +5.067,+1.030
1692371820,+2.99,+25.287, +5.115,+1.030
1692372120,+2.99,+25.270, +5.178,+1.030
1692372420,+2.99,+25.296, +5.164,+1.030
1692372720,+2.99,+25.287, +5.176,+1.030
1692373020,+2.99,+25.279, +5.136,+1.030
1692373320,+2.99,+25.253, +5.171,+1.030
1692373620,+2.99,+25.262, +5.179,+1.030
1692373920,+2.99,+25.237, +5.171,+1.030
1692374220,+2.99,+25.262, +5.207,+1.030
1692374520,+2.99,+25.253, +5.233,+1.030
1692374820,+2.99,+25.279, +5.301,+1.030
1692375120,+2.99,+25.270, +5.332,+1.030
1692375420,+2.99,+25.270, +5.333,+1.030
1692375720,+2.99,+25.262, +5.334,+1.030
1692376020,+2.99,+25.262, +5.330,+1.030
1692376320,+2.99,+25.296, +5.349,+1.030
1692376620,+2.99,+25.296, +5.403,+1.030
1692376920,+2.99,+25.304, +5.411,+1.030
1692377220,+2.99,+25.354, +5.509,+1.030
1692377520,+2.99,+25.363, +5.504,+1.030
1692377820,+2.99,+25.371, +5.534,+1.030
1692378120,+3.00,+25.380, +5.592,+1.030
1692378420,+3.00,+25.413, +5.604,+1.030
1692378720,+3.00,+25.405, +5.616,+1.030
1692379020,+3.00,+25.422, +5.732,+1.031
1692379320,+3.00,+25.439, +5.778,+1.030
1692379620,+3.00,+25.464, +5.955,+1.030
1692379920,+3.00,+25.481, +6.026,+1.031
1692380220,+3.00,+25.531, +6.102,+1.031
1692380520,+3.00,+25.574, +6.241,+1.031
1692380820,+3.00,+25.590, +6.287,+1.031
1692381120,+3.00,+25.607, +6.262,+1.031
1692381420,+3.00,+25.633, +6.274,+1.031
1692381720,+3.00,+25.666, +6.295,+1.031
1692382020,+3.00,+25.692, +6.329,+1.031
1692382320,+3.00,+25.734, +6.423,+1.031
