7450-663402
OS REV: 1.04 Sensor Cal: 1570117751
Time (sec),  BV (Volts),  T (deg C),  DO (mg/l),  Q ()
1688498280,+3.01,+24.925, +7.591,+1.017
1688498580,+3.01,+24.984, +7.606,+1.016
1688498880,+3.01,+24.993, +7.692,+1.017
1688499180,+3.01,+25.051, +7.845,+1.017
1688499480,+3.01,+25.110, +8.061,+1.017
1688499780,+3.01,+25.136, +8.006,+1.017
1688500080,+3.01,+25.178, +8.066,+1.018
1688500380,+3.01,+25.228, +8.155,+1.018
1688500680,+3.01,+25.279, +8.199,+1.017
1688500980,+3.01,+25.304, +8.264,+1.018
1688501280,+3.01,+25.371, +8.289,+1.018
1688501580,+3.01,+25.413, +8.289,+1.018
1688501880,+3.01,+25.422, +8.345,+1.018
1688502180,+3.01,+25.481, +8.355,+1.018
1688502480,+3.01,+25.523, +8.336,+1.018
1688502780,+3.01,+25.548, +8.342,+1.018
1688503080,+3.01,+25.574, +8.331,+1.019
1688503380,+3.01,+25.624, +8.319,+1.018
1688503680,+3.01,+25.658, +8.320,+1.018
1688503980,+3.01,+25.692, +8.296,+1.019
1688504280,+3.01,+25.751, +8.269,+1.018
1688504580,+3.01,+25.776, +8.253,+1.018
1688504880,+3.01,+25.818, +8.272,+1.019
1688505180,+3.01,+25.877, +8.243,+1.018
1688505480,+3.01,+25.928, +8.267,+1.018
1688505780,+3.01,+25.987, +8.298,+1.018
1688506080,+3.01,+26.046, +8.316,+1.018
1688506380,+3.01,+26.088, +8.322,+1.018
1688506680,+3.01,+26.122, +8.306,+1.019
1688506980,+3.01,+26.130, +8.266,+1.018
1688507280,+3.01,+26.156, +8.287,+1.019
1688507580,+3.01,+26.190, +8.285,+1.019
1688507880,+3.01,+26.232, +8.282,+1.018
1688508180,+3.01,+26.274, +8.271,+1.018
1688508480,+3.01,+26.316, +8.297,+1.019
1688508780,+3.01,+26.376, +8.305,+1.018
1688509080,+3.01,+26.418, +8.330,+1.018
1688509380,+3.01,+26.469, +8.310,+1.018
1688509680,+3.01,+26.511, +8.340,+1.019
1688509980,+3.01,+26.553, +8.347,+1.019
1688510280,+3.01,+26.604, +8.321,+1.018
1688510580,+3.01,+26.638, +8.336,+1.019
1688510880,+3.01,+26.697, +8.328,+1.018
1688511180,+3.01,+26.731, +8.383,+1.019
1688511480,+3.01,+26.790, +8.372,+1.019
1688511780,+3.01,+26.824, +8.384,+1.019
1688512080,+3.01,+26.867, +8.352,+1.018
1688512380,+3.01,+26.901, +8.372,+1.018
1688512680,+3.01,+26.943, +8.403,+1.019
1688512980,+3.01,+27.002, +8.408,+1.019
1688513280,+3.01,+27.028, +8.412,+1.019
1688513580,+3.01,+27.053, +8.386,+1.019
1688513880,+3.01,+27.121, +8.387,+1.019
1688514180,+3.01,+27.164, +8.402,+1.020
1688514480,+3.01,+27.189, +8.419,+1.019
1688514780,+3.01,+27.231, +8.424,+1.020
1688515080,+3.01,+27.257, +8.451,+1.020
1688515380,+3.01,+27.291, +8.452,+1.020
1688515680,+3.01,+27.316, +8.440,+1.019
1688515980,+3.00,+27.359, +8.447,+1.019
1688516280,+3.01,+27.367, +8.471,+1.020
1688516580,+3.00,+27.376, +8.465,+1.019
1688516880,+3.00,+27.376, +8.463,+1.019
1688517180,+3.00,+27.410, +8.462,+1.019
1688517480,+3.00,+27.410, +8.463,+1.019
1688517780,+3.00,+27.410, +8.449,+1.019
1688518080,+3.00,+27.427, +8.449,+1.019
1688518380,+3.00,+27.435, +8.441,+1.019
1688518680,+3.00,+27.435, +8.428,+1.020
1688518980,+3.00,+27.427, +8.415,+1.019
1688519280,+3.00,+27.427, +8.380,+1.019
1688519580,+3.00,+27.427, +8.387,+1.019
1688519880,+3.00,+27.427, +8.394,+1.020
1688520180,+3.00,+27.427, +8.376,+1.019
1688520480,+3.00,+27.435, +8.361,+1.018
1688520780,+3.00,+27.427, +8.354,+1.019
1688521080,+3.00,+27.435, +8.327,+1.019
1688521380,+3.00,+27.435, +8.319,+1.019
1688521680,+3.00,+27.435, +8.304,+1.019
1688521980,+3.00,+27.444, +8.290,+1.020
1688522280,+3.00,+27.452, +8.265,+1.018
1688522580,+3.00,+27.435, +8.266,+1.019
1688522880,+3.00,+27.452, +8.260,+1.019
1688523180,+3.00,+27.461, +8.254,+1.019
1688523480,+3.00,+27.469, +8.214,+1.019
1688523780,+3.00,+27.452, +8.175,+1.019
1688524080,+3.00,+27.461, +8.180,+1.019
1688524380,+3.00,+27.478, +8.160,+1.019
1688524680,+3.00,+27.452, +8.143,+1.019
1688524980,+3.00,+27.478, +8.130,+1.019
1688525280,+3.00,+27.469, +8.115,+1.019
1688525580,+3.00,+27.469, +8.095,+1.019
1688525880,+3.00,+27.461, +8.072,+1.019
1688526180,+3.00,+27.469, +8.051,+1.019
1688526480,+3.00,+27.452, +8.018,+1.019
1688526780,+3.00,+27.444, +7.998,+1.018
1688527080,+3.00,+27.444, +8.012,+1.019
1688527380,+3.00,+27.444, +7.974,+1.019
1688527680,+3.00,+27.461, +7.936,+1.018
1688527980,+3.00,+27.444, +7.907,+1.018
1688528280,+3.00,+27.435, +7.901,+1.019
1688528580,+3.00,+27.444, +7.860,+1.018
1688528880,+3.00,+27.435, +7.838,+1.019
1688529180,+3.00,+27.427, +7.794,+1.018
1688529480,+3.00,+27.401, +7.775,+1.018
1688529780,+3.00,+27.376, +7.746,+1.019
1688530080,+3.00,+27.376, +7.700,+1.019
1688530380,+3.00,+27.359, +7.677,+1.018
1688530680,+3.00,+27.367, +7.591,+1.018
1688530980,+3.00,+27.333, +7.579,+1.017
1688531280,+3.00,+27.333, +7.571,+1.018
1688531580,+3.01,+27.308, +7.549,+1.018
1688531880,+3.01,+27.291, +7.493,+1.018
1688532180,+3.01,+27.257, +7.455,+1.018
1688532480,+3.01,+27.240, +7.442,+1.018
1688532780,+3.01,+27.223, +7.371,+1.018
1688533080,+3.01,+27.198, +7.342,+1.017
1688533380,+3.01,+27.164, +7.323,+1.018
1688533680,+3.01,+27.138, +7.269,+1.018
1688533980,+3.01,+27.104, +7.254,+1.017
1688534280,+3.01,+27.062, +7.239,+1.017
1688534580,+3.01,+27.045, +7.210,+1.017
1688534880,+3.01,+27.019, +7.166,+1.017
1688535180,+3.01,+26.977, +7.124,+1.017
1688535480,+3.01,+26.968, +7.124,+1.018
1688535780,+3.01,+26.926, +7.099,+1.017
1688536080,+3.01,+26.901, +7.073,+1.017
1688536380,+3.01,+26.867, +7.072,+1.018
1688536680,+3.01,+26.824, +7.060,+1.018
1688536980,+3.01,+26.816, +7.024,+1.017
1688537280,+3.01,+26.773, +7.018,+1.017
1688537580,+3.01,+26.765, +7.004,+1.017
1688537880,+3.01,+26.723, +6.988,+1.017
1688538180,+3.01,+26.689, +6.989,+1.017
1688538480,+3.01,+26.680, +6.946,+1.017
1688538780,+3.01,+26.638, +6.931,+1.017
1688539080,+3.01,+26.638, +6.907,+1.017
1688539380,+3.01,+26.587, +6.901,+1.017
1688539680,+3.01,+26.570, +6.863,+1.017
1688539980,+3.01,+26.553, +6.851,+1.017
1688540280,+3.01,+26.528, +6.827,+1.017
1688540580,+3.01,+26.511, +6.821,+1.016
1688540880,+3.01,+26.486, +6.799,+1.016
1688541180,+3.01,+26.460, +6.783,+1.017
1688541480,+3.01,+26.435, +6.760,+1.016
1688541780,+3.01,+26.409, +6.742,+1.016
1688542080,+3.01,+26.384, +6.724,+1.017
1688542380,+3.01,+26.359, +6.724,+1.017
1688542680,+3.01,+26.342, +6.677,+1.017
1688542980,+3.01,+26.316, +6.645,+1.016
1688543280,+3.01,+26.291, +6.677,+1.016
1688543580,+3.01,+26.249, +6.654,+1.016
1688543880,+3.01,+26.232, +6.637,+1.016
1688544180,+3.01,+26.215, +6.587,+1.016
1688544480,+3.01,+26.190, +6.601,+1.016
1688544780,+3.01,+26.156, +6.587,+1.016
1688545080,+3.01,+26.139, +6.576,+1.016
1688545380,+3.01,+26.105, +6.559,+1.016
1688545680,+3.01,+26.088, +6.541,+1.016
1688545980,+3.01,+26.046, +6.544,+1.016
1688546280,+3.01,+26.046, +6.506,+1.016
1688546580,+3.01,+25.995, +6.525,+1.016
1688546880,+3.01,+25.970, +6.516,+1.017
1688547180,+3.01,+25.945, +6.497,+1.016
1688547480,+3.01,+25.928, +6.481,+1.016
1688547780,+3.01,+25.894, +6.487,+1.016
1688548080,+3.01,+25.860, +6.474,+1.016
1688548380,+3.01,+25.818, +6.461,+1.016
1688548680,+3.01,+25.801, +6.443,+1.016
1688548980,+3.01,+25.776, +6.422,+1.015
1688549280,+3.01,+25.759, +6.393,+1.016
1688549580,+3.01,+25.700, +6.418,+1.016
1688549880,+3.01,+25.692, +6.399,+1.016
1688550180,+3.01,+25.666, +6.402,+1.016
1688550480,+3.01,+25.641, +6.390,+1.016
1688550780,+3.01,+25.607, +6.367,+1.015
1688551080,+3.01,+25.582, +6.312,+1.015
1688551380,+3.01,+25.548, +6.322,+1.016
1688551680,+3.01,+25.540, +6.331,+1.016
1688551980,+3.01,+25.498, +6.317,+1.016
1688552280,+3.01,+25.464, +6.317,+1.015
1688552580,+3.01,+25.422, +6.306,+1.016
1688552880,+3.01,+25.397, +6.297,+1.015
1688553180,+3.01,+25.371, +6.312,+1.015
1688553480,+3.01,+25.346, +6.292,+1.015
1688553780,+3.01,+25.338, +6.250,+1.015
1688554080,+3.01,+25.279, +6.226,+1.015
1688554380,+3.01,+25.262, +6.245,+1.015
1688554680,+3.01,+25.220, +6.248,+1.015
1688554980,+3.01,+25.195, +6.220,+1.015
1688555280,+3.01,+25.152, +6.233,+1.015
1688555580,+3.01,+25.127, +6.225,+1.015
1688555880,+3.01,+25.102, +6.221,+1.015
1688556180,+3.01,+25.051, +6.237,+1.015
1688556480,+3.01,+25.009, +6.229,+1.015
1688556780,+3.01,+25.001, +6.208,+1.015
1688557080,+3.01,+24.967, +6.210,+1.015
1688557380,+3.01,+24.934, +6.190,+1.015
1688557680,+3.01,+24.908, +6.186,+1.015
1688557980,+3.01,+24.858, +6.189,+1.015
1688558280,+3.01,+24.824, +6.156,+1.015
1688558580,+3.01,+24.791, +5.718,+1.014
1688558880,+3.01,+24.774, +5.702,+1.014
1688559180,+3.01,+24.749, +5.906,+1.015
1688559480,+3.01,+24.698, +5.801,+1.014
1688559780,+3.01,+24.682, +5.762,+1.014
1688560080,+3.01,+24.640, +5.702,+1.014
1688560380,+3.01,+24.614, +6.085,+1.015
1688560680,+3.01,+24.572, +6.083,+1.015
1688560980,+3.02,+24.547, +6.064,+1.015
1688561280,+3.02,+24.530, +6.046,+1.014
1688561580,+3.02,+24.497, +5.965,+1.014
1688561880,+3.02,+24.480, +5.991,+1.014
1688562180,+3.02,+24.438, +6.096,+1.015
1688562480,+3.02,+24.404, +6.055,+1.014
1688562780,+3.02,+24.371, +6.033,+1.015
1688563080,+3.01,+24.354, +6.044,+1.014
1688563380,+3.01,+24.337, +6.011,+1.014
1688563680,+3.01,+24.287, +5.963,+1.014
1688563980,+3.01,+24.295, +5.979,+1.014
1688564280,+3.01,+24.245, +6.007,+1.014
1688564580,+3.01,+24.228, +6.047,+1.015
1688564880,+3.01,+24.186, +6.061,+1.015
1688565180,+3.01,+24.178, +6.111,+1.015
1688565480,+3.01,+24.144, +6.095,+1.014
1688565780,+3.01,+24.127, +6.055,+1.014
1688566080,+3.01,+24.102, +6.102,+1.015
1688566380,+3.01,+24.077, +6.087,+1.014
1688566680,+3.01,+24.060, +6.051,+1.014
1688566980,+3.01,+24.027, +6.111,+1.014
1688567280,+3.01,+24.002, +6.110,+1.014
1688567580,+3.01,+23.977, +6.169,+1.015
1688567880,+3.01,+23.977, +6.198,+1.015
1688568180,+3.01,+23.951, +6.244,+1.015
1688568480,+3.01,+23.951, +6.229,+1.015
1688568780,+3.01,+23.943, +6.315,+1.015
1688569080,+3.01,+23.935, +6.415,+1.015
1688569380,+3.01,+23.926, +6.489,+1.015
1688569680,+3.01,+23.893, +6.404,+1.015
1688569980,+3.01,+23.876, +6.387,+1.014
1688570280,+3.01,+23.884, +6.502,+1.015
1688570580,+3.01,+23.868, +6.563,+1.015
1688570880,+3.01,+23.842, +6.589,+1.015
1688571180,+3.01,+23.842, +6.606,+1.015
1688571480,+3.01,+23.834, +6.663,+1.015
1688571780,+3.01,+23.876, +6.696,+1.015
1688572080,+3.01,+23.893, +6.710,+1.015
1688572380,+3.01,+23.868, +6.738,+1.015
1688572680,+3.01,+23.868, +6.781,+1.015
1688572980,+3.01,+23.893, +6.788,+1.015
1688573280,+3.01,+23.909, +6.876,+1.015
1688573580,+3.01,+23.909, +6.911,+1.015
1688573880,+3.01,+23.935, +6.875,+1.015
1688574180,+3.01,+23.968, +6.929,+1.015
1688574480,+3.01,+23.977, +7.019,+1.016
1688574780,+3.01,+23.993, +7.023,+1.016
1688575080,+3.01,+24.002, +7.089,+1.015
1688575380,+3.01,+24.018, +7.113,+1.015
1688575680,+3.01,+24.035, +7.197,+1.016
1688575980,+3.01,+24.060, +7.188,+1.016
1688576280,+3.01,+24.077, +7.201,+1.016
1688576580,+3.01,+24.094, +7.258,+1.016
1688576880,+3.01,+24.102, +7.245,+1.016
1688577180,+3.01,+24.144, +7.300,+1.016
1688577480,+3.01,+24.178, +7.337,+1.015
1688577780,+3.01,+24.195, +7.329,+1.016
1688578080,+3.01,+24.245, +7.367,+1.016
1688578380,+3.01,+24.262, +7.475,+1.017
1688578680,+3.01,+24.295, +7.512,+1.017
1688578980,+3.01,+24.362, +7.494,+1.016
1688579280,+3.01,+24.379, +7.525,+1.017
1688579580,+3.01,+24.388, +7.551,+1.017
1688579880,+3.02,+24.430, +7.555,+1.016
1688580180,+3.01,+24.480, +7.615,+1.016
1688580480,+3.01,+24.522, +7.614,+1.016
1688580780,+3.01,+24.547, +7.593,+1.016
1688581080,+3.01,+24.581, +7.654,+1.016
1688581380,+3.01,+24.631, +7.697,+1.016
1688581680,+3.01,+24.656, +7.758,+1.016
1688581980,+3.01,+24.698, +7.727,+1.016
1688582280,+3.01,+24.724, +7.738,+1.017
1688582580,+3.01,+24.757, +7.775,+1.017
1688582880,+3.01,+24.816, +7.889,+1.017
1688583180,+3.01,+24.866, +7.915,+1.017
1688583480,+3.01,+24.908, +7.970,+1.017
1688583780,+3.01,+24.934, +8.031,+1.017
1688584080,+3.01,+24.976, +7.998,+1.017
1688584380,+3.01,+25.009, +7.955,+1.017
1688584680,+3.01,+25.043, +7.983,+1.017
