7450-663402
OS REV: 1.04 Sensor Cal: 1570117751
Time (sec),  BV (Volts),  T (deg C),  DO (mg/l),  Q ()
1694195940,+2.99,+20.514, +6.921,+1.026
1694196240,+2.99,+20.530, +6.958,+1.027
1694196540,+2.99,+20.564, +6.974,+1.026
1694196840,+2.99,+20.606, +6.985,+1.026
1694197140,+2.99,+20.597, +7.002,+1.026
1694197440,+2.99,+20.647, +7.028,+1.027
1694197740,+2.99,+20.656, +7.064,+1.027
1694198040,+2.99,+20.672, +7.030,+1.026
1694198340,+2.99,+20.698, +7.056,+1.026
1694198640,+2.99,+20.739, +7.061,+1.026
1694198940,+2.98,+20.773, +7.087,+1.027
1694199240,+2.98,+20.831, +7.173,+1.027
1694199540,+2.98,+20.881, +7.244,+1.026
1694199840,+2.98,+20.932, +7.311,+1.026
1694200140,+2.98,+20.898, +7.334,+1.027
1694200440,+2.98,+20.932, +7.352,+1.026
1694200740,+2.98,+20.957, +7.404,+1.027
1694201040,+2.98,+20.957, +7.477,+1.027
1694201340,+2.98,+20.982, +7.436,+1.027
1694201640,+2.98,+21.015, +7.438,+1.027
1694201940,+2.98,+21.049, +7.482,+1.027
1694202240,+2.98,+21.074, +7.497,+1.027
1694202540,+2.99,+21.082, +7.521,+1.027
1694202840,+2.98,+21.065, +7.514,+1.027
1694203140,+2.99,+21.090, +7.510,+1.027
1694203440,+2.99,+21.116, +7.529,+1.027
1694203740,+2.99,+21.116, +7.522,+1.027
1694204040,+2.99,+21.132, +7.533,+1.027
1694204340,+2.99,+21.141, +7.557,+1.026
1694204640,+2.99,+21.157, +7.560,+1.026
1694204940,+2.99,+21.182, +7.587,+1.027
1694205240,+2.99,+21.207, +7.683,+1.028
1694205540,+2.99,+21.191, +7.671,+1.027
1694205840,+2.99,+21.191, +7.681,+1.027
1694206140,+2.99,+21.199, +7.699,+1.027
1694206440,+2.99,+21.241, +7.807,+1.027
1694206740,+2.99,+21.258, +7.839,+1.027
1694207040,+2.99,+21.258, +7.869,+1.027
1694207340,+2.99,+21.258, +7.872,+1.027
1694207640,+2.99,+21.274, +7.896,+1.027
1694207940,+2.99,+21.291, +7.921,+1.027
1694208240,+2.99,+21.308, +7.925,+1.027
1694208540,+2.99,+21.341, +7.922,+1.027
1694208840,+2.99,+21.391, +7.920,+1.027
1694209140,+2.99,+21.400, +7.949,+1.027
1694209440,+2.99,+21.425, +7.958,+1.027
1694209740,+2.99,+21.433, +7.990,+1.027
1694210040,+2.99,+21.458, +8.014,+1.028
1694210340,+2.99,+21.467, +8.030,+1.027
1694210640,+2.99,+21.483, +8.029,+1.027
1694210940,+2.99,+21.492, +8.043,+1.028
1694211240,+2.99,+21.508, +8.032,+1.028
1694211540,+2.99,+21.533, +8.022,+1.027
1694211840,+2.99,+21.550, +8.039,+1.027
1694212140,+2.99,+21.575, +8.045,+1.027
1694212440,+2.99,+21.600, +8.054,+1.027
1694212740,+2.99,+21.609, +8.100,+1.028
1694213040,+2.99,+21.634, +8.124,+1.028
1694213340,+2.99,+21.625, +8.146,+1.027
1694213640,+2.99,+21.659, +8.156,+1.028
1694213940,+2.98,+21.701, +8.165,+1.028
1694214240,+2.98,+21.726, +8.169,+1.028
1694214540,+2.98,+21.751, +8.187,+1.027
1694214840,+2.98,+21.751, +8.229,+1.028
1694215140,+2.98,+21.767, +8.191,+1.027
1694215440,+2.98,+21.776, +8.225,+1.028
1694215740,+2.98,+21.818, +8.212,+1.027
1694216040,+2.98,+21.843, +8.206,+1.028
1694216340,+2.98,+21.859, +8.189,+1.027
1694216640,+2.98,+21.859, +8.249,+1.027
1694216940,+2.98,+21.901, +8.284,+1.028
1694217240,+2.98,+21.901, +8.298,+1.027
1694217540,+2.98,+21.910, +8.293,+1.028
1694217840,+2.98,+21.918, +8.295,+1.027
1694218140,+2.98,+21.910, +8.338,+1.028
1694218440,+2.98,+21.935, +8.333,+1.027
1694218740,+2.98,+21.943, +8.373,+1.028
1694219040,+2.98,+21.943, +8.389,+1.028
1694219340,+2.98,+21.968, +8.377,+1.027
1694219640,+2.98,+21.968, +8.375,+1.028
1694219940,+2.98,+21.993, +8.385,+1.027
1694220240,+2.98,+22.010, +8.392,+1.027
1694220540,+2.98,+22.027, +8.390,+1.027
1694220840,+2.98,+22.027, +8.404,+1.028
1694221140,+2.98,+22.052, +8.407,+1.028
1694221440,+2.98,+22.052, +8.421,+1.028
1694221740,+2.98,+22.085, +8.428,+1.027
1694222040,+2.98,+22.093, +8.445,+1.028
1694222340,+2.98,+22.127, +8.453,+1.027
1694222640,+2.98,+22.152, +8.467,+1.028
1694222940,+2.98,+22.194, +8.487,+1.028
1694223240,+2.99,+22.202, +8.505,+1.028
1694223540,+2.99,+22.244, +8.462,+1.027
1694223840,+2.99,+22.244, +8.472,+1.028
1694224140,+2.99,+22.252, +8.525,+1.028
1694224440,+2.99,+22.261, +8.544,+1.028
1694224740,+2.99,+22.269, +8.563,+1.028
1694225040,+2.99,+22.252, +8.565,+1.028
1694225340,+2.99,+22.244, +8.539,+1.027
1694225640,+2.99,+22.261, +8.513,+1.028
1694225940,+2.99,+22.219, +8.494,+1.027
1694226240,+2.99,+22.194, +8.503,+1.028
1694226540,+2.98,+22.194, +8.498,+1.027
1694226840,+2.98,+22.185, +8.481,+1.028
1694227140,+2.98,+22.169, +8.452,+1.027
1694227440,+2.98,+22.152, +8.445,+1.027
1694227740,+2.98,+22.135, +8.438,+1.028
1694228040,+2.98,+22.118, +8.399,+1.027
1694228340,+2.98,+22.093, +8.367,+1.028
1694228640,+2.98,+22.085, +8.346,+1.027
1694228940,+2.98,+22.035, +8.320,+1.027
1694229240,+2.98,+22.001, +8.292,+1.027
1694229540,+2.98,+21.976, +8.318,+1.027
1694229840,+2.98,+21.968, +8.317,+1.028
1694230140,+2.98,+21.960, +8.301,+1.027
1694230440,+2.98,+21.918, +8.272,+1.027
1694230740,+2.98,+21.926, +8.263,+1.027
1694231040,+2.98,+21.901, +8.251,+1.027
1694231340,+2.98,+21.893, +8.224,+1.028
1694231640,+2.98,+21.876, +8.197,+1.028
1694231940,+2.98,+21.851, +8.175,+1.027
1694232240,+2.98,+21.818, +8.169,+1.027
1694232540,+2.98,+21.834, +8.143,+1.028
1694232840,+2.98,+21.784, +8.115,+1.027
1694233140,+2.98,+21.784, +8.118,+1.028
1694233440,+2.98,+21.751, +8.092,+1.027
1694233740,+2.98,+21.726, +8.074,+1.027
1694234040,+2.99,+21.701, +8.050,+1.027
1694234340,+2.98,+21.692, +8.042,+1.028
1694234640,+2.99,+21.659, +8.012,+1.027
1694234940,+2.99,+21.642, +7.979,+1.027
1694235240,+2.99,+21.609, +7.950,+1.028
1694235540,+2.99,+21.592, +7.926,+1.028
1694235840,+2.99,+21.584, +7.894,+1.027
1694236140,+2.99,+21.558, +7.855,+1.027
1694236440,+2.99,+21.542, +7.821,+1.027
1694236740,+2.99,+21.517, +7.803,+1.027
1694237040,+2.99,+21.483, +7.799,+1.027
1694237340,+2.99,+21.458, +7.770,+1.028
1694237640,+2.99,+21.433, +7.725,+1.027
1694237940,+2.99,+21.400, +7.698,+1.027
1694238240,+2.99,+21.383, +7.700,+1.027
1694238540,+2.99,+21.366, +7.661,+1.027
1694238840,+2.99,+21.341, +7.644,+1.027
1694239140,+2.99,+21.333, +7.610,+1.028
1694239440,+2.99,+21.316, +7.576,+1.027
1694239740,+2.99,+21.283, +7.562,+1.027
1694240040,+2.99,+21.266, +7.510,+1.027
1694240340,+2.99,+21.258, +7.491,+1.027
1694240640,+2.99,+21.224, +7.443,+1.027
1694240940,+2.99,+21.233, +7.456,+1.027
1694241240,+2.99,+21.199, +7.443,+1.027
1694241540,+2.99,+21.182, +7.426,+1.027
1694241840,+2.99,+21.149, +7.401,+1.027
1694242140,+2.99,+21.157, +7.374,+1.027
1694242440,+2.99,+21.124, +7.348,+1.027
1694242740,+2.99,+21.116, +7.324,+1.027
1694243040,+2.99,+21.116, +7.305,+1.027
1694243340,+2.99,+21.090, +7.281,+1.026
1694243640,+2.98,+21.082, +7.275,+1.027
1694243940,+2.98,+21.065, +7.259,+1.027
1694244240,+2.98,+21.049, +7.229,+1.027
1694244540,+2.98,+21.040, +7.208,+1.026
1694244840,+2.98,+21.007, +7.218,+1.026
1694245140,+2.98,+21.007, +7.201,+1.026
1694245440,+2.98,+21.007, +7.189,+1.026
1694245740,+2.98,+20.982, +7.183,+1.026
1694246040,+2.98,+20.973, +7.160,+1.026
1694246340,+2.98,+20.948, +7.155,+1.027
1694246640,+2.98,+20.948, +7.118,+1.027
1694246940,+2.98,+20.940, +7.090,+1.027
1694247240,+2.98,+20.932, +7.070,+1.027
1694247540,+2.98,+20.907, +7.053,+1.026
1694247840,+2.98,+20.907, +7.057,+1.027
1694248140,+2.98,+20.890, +7.039,+1.026
1694248440,+2.98,+20.881, +7.018,+1.027
1694248740,+2.98,+20.865, +6.983,+1.027
1694249040,+2.98,+20.865, +6.956,+1.026
1694249340,+2.98,+20.856, +6.958,+1.026
1694249640,+2.98,+20.848, +6.945,+1.026
1694249940,+2.98,+20.831, +6.944,+1.027
1694250240,+2.98,+20.823, +6.921,+1.026
1694250540,+2.98,+20.806, +6.911,+1.026
1694250840,+2.98,+20.806, +6.887,+1.026
1694251140,+2.98,+20.815, +6.890,+1.027
1694251440,+2.98,+20.790, +6.885,+1.027
1694251740,+2.98,+20.781, +6.858,+1.027
1694252040,+2.99,+20.773, +6.840,+1.027
1694252340,+2.99,+20.756, +6.835,+1.027
1694252640,+2.99,+20.781, +6.798,+1.026
1694252940,+2.98,+20.773, +6.781,+1.027
1694253240,+2.98,+20.756, +6.777,+1.027
1694253540,+2.99,+20.748, +6.766,+1.026
1694253840,+2.99,+20.723, +6.763,+1.026
1694254140,+2.99,+20.739, +6.741,+1.026
1694254440,+2.99,+20.739, +6.721,+1.027
1694254740,+2.99,+20.739, +6.674,+1.027
1694255040,+2.99,+20.731, +6.686,+1.027
1694255340,+2.99,+20.731, +6.667,+1.026
1694255640,+2.99,+20.731, +6.630,+1.026
1694255940,+2.99,+20.714, +6.623,+1.026
1694256240,+2.99,+20.698, +6.581,+1.026
1694256540,+2.99,+20.714, +6.542,+1.026
1694256840,+2.99,+20.706, +6.548,+1.026
1694257140,+2.99,+20.698, +6.539,+1.026
1694257440,+2.99,+20.689, +6.534,+1.026
1694257740,+2.99,+20.706, +6.504,+1.027
1694258040,+2.99,+20.664, +6.474,+1.026
1694258340,+2.99,+20.672, +6.501,+1.027
1694258640,+2.99,+20.689, +6.454,+1.026
1694258940,+2.99,+20.656, +6.481,+1.026
1694259240,+2.99,+20.664, +6.477,+1.026
1694259540,+2.99,+20.647, +6.459,+1.026
1694259840,+2.99,+20.681, +6.426,+1.026
1694260140,+2.99,+20.656, +6.403,+1.026
1694260440,+2.99,+20.647, +6.369,+1.026
1694260740,+2.99,+20.631, +6.379,+1.027
1694261040,+2.99,+20.614, +6.388,+1.026
1694261340,+2.99,+20.631, +6.344,+1.026
1694261640,+2.99,+20.606, +6.330,+1.026
1694261940,+2.99,+20.606, +6.373,+1.026
1694262240,+2.99,+20.614, +6.347,+1.026
1694262540,+2.99,+20.580, +6.329,+1.026
1694262840,+2.99,+20.580, +6.314,+1.026
1694263140,+2.99,+20.589, +6.301,+1.026
1694263440,+2.99,+20.564, +6.280,+1.026
1694263740,+2.99,+20.564, +6.276,+1.026
1694264040,+2.99,+20.530, +6.297,+1.026
1694264340,+2.99,+20.547, +6.306,+1.027
1694264640,+2.99,+20.564, +6.282,+1.026
1694264940,+2.99,+20.505, +6.286,+1.026
1694265240,+2.99,+20.530, +6.260,+1.026
1694265540,+2.99,+20.514, +6.252,+1.026
1694265840,+2.99,+20.497, +6.293,+1.026
1694266140,+2.99,+20.497, +6.276,+1.026
1694266440,+2.99,+20.489, +6.278,+1.026
1694266740,+2.99,+20.489, +6.234,+1.026
1694267040,+2.99,+20.489, +6.212,+1.026
1694267340,+2.99,+20.463, +6.225,+1.026
1694267640,+2.99,+20.455, +6.208,+1.027
1694267940,+2.99,+20.430, +6.208,+1.026
1694268240,+2.99,+20.422, +6.211,+1.026
1694268540,+2.99,+20.413, +6.234,+1.026
1694268840,+2.99,+20.388, +6.259,+1.026
1694269140,+2.99,+20.363, +6.261,+1.026
1694269440,+2.99,+20.346, +6.270,+1.026
1694269740,+2.99,+20.346, +6.266,+1.026
1694270040,+2.99,+20.355, +6.269,+1.026
1694270340,+2.99,+20.330, +6.282,+1.026
1694270640,+2.99,+20.321, +6.292,+1.026
1694270940,+2.99,+20.313, +6.304,+1.026
1694271240,+2.99,+20.296, +6.304,+1.026
1694271540,+2.99,+20.305, +6.279,+1.026
1694271840,+2.99,+20.288, +6.291,+1.026
1694272140,+2.99,+20.279, +6.315,+1.026
1694272440,+2.99,+20.279, +6.299,+1.026
1694272740,+2.99,+20.263, +6.295,+1.026
1694273040,+2.99,+20.288, +6.298,+1.026
1694273340,+2.99,+20.254, +6.295,+1.026
1694273640,+2.99,+20.288, +6.293,+1.026
1694273940,+2.99,+20.263, +6.310,+1.027
1694274240,+2.99,+20.238, +6.298,+1.026
1694274540,+2.99,+20.271, +6.294,+1.026
1694274840,+2.99,+20.263, +6.307,+1.027
1694275140,+2.99,+20.254, +6.297,+1.026
1694275440,+2.99,+20.246, +6.311,+1.026
1694275740,+2.99,+20.254, +6.322,+1.026
1694276040,+2.99,+20.246, +6.343,+1.027
1694276340,+2.99,+20.279, +6.377,+1.026
1694276640,+2.99,+20.330, +6.439,+1.027
1694276940,+2.99,+20.355, +6.452,+1.026
1694277240,+2.99,+20.371, +6.478,+1.027
1694277540,+2.99,+20.380, +6.488,+1.027
1694277840,+2.99,+20.380, +6.515,+1.027
1694278140,+2.99,+20.413, +6.517,+1.027
1694278440,+2.99,+20.405, +6.543,+1.026
1694278740,+2.99,+20.413, +6.552,+1.026
1694279040,+2.99,+20.438, +6.573,+1.026
1694279340,+2.99,+20.463, +6.623,+1.027
1694279640,+2.99,+20.480, +6.684,+1.026
1694279940,+2.99,+20.505, +6.706,+1.027
1694280240,+2.99,+20.497, +6.727,+1.027
1694280540,+2.99,+20.522, +6.718,+1.026
1694280840,+2.99,+20.530, +6.742,+1.026
1694281140,+2.99,+20.539, +6.770,+1.027
1694281440,+2.99,+20.572, +6.790,+1.027
1694281740,+2.99,+20.589, +6.824,+1.027
1694282040,+2.99,+20.580, +6.893,+1.027
1694282340,+2.99,+20.606, +6.948,+1.027
