7450-663402
OS REV: 1.04 Sensor Cal: 1570117751
Time (sec),  BV (Volts),  T (deg C),  DO (mg/l),  Q ()
1691776500,+3.00,+23.692, +7.152,+1.033
1691776800,+3.00,+23.692, +7.170,+1.033
1691777100,+3.00,+23.725, +7.153,+1.033
1691777400,+3.00,+23.759, +7.268,+1.033
1691777700,+3.00,+23.792, +7.294,+1.032
1691778000,+3.00,+23.800, +7.320,+1.032
1691778300,+3.00,+23.859, +7.372,+1.033
1691778600,+3.00,+23.884, +7.526,+1.033
1691778900,+3.00,+23.943, +7.628,+1.034
1691779200,+3.00,+23.968, +7.793,+1.034
1691779500,+3.00,+24.018, +7.888,+1.034
1691779800,+3.00,+24.044, +7.953,+1.034
1691780100,+3.00,+24.044, +7.848,+1.033
1691780400,+3.00,+24.077, +7.854,+1.034
1691780700,+3.00,+24.102, +7.935,+1.034
1691781000,+3.00,+24.119, +7.940,+1.034
1691781300,+3.00,+24.169, +8.019,+1.033
1691781600,+2.99,+24.220, +8.104,+1.034
1691781900,+3.00,+24.245, +8.124,+1.034
1691782200,+3.00,+24.312, +8.324,+1.034
1691782500,+3.00,+24.354, +8.493,+1.035
1691782800,+3.00,+24.371, +8.507,+1.034
1691783100,+3.00,+24.413, +8.588,+1.034
1691783400,+3.00,+24.446, +8.701,+1.034
1691783700,+3.00,+24.463, +8.809,+1.035
1691784000,+3.00,+24.514, +8.825,+1.034
1691784300,+3.00,+24.556, +8.849,+1.035
1691784600,+3.00,+24.547, +8.930,+1.035
1691784900,+3.00,+24.572, +8.971,+1.035
1691785200,+3.00,+24.572, +8.978,+1.035
1691785500,+3.00,+24.614, +8.942,+1.035
1691785800,+3.00,+24.665, +8.904,+1.035
1691786100,+3.00,+24.665, +8.908,+1.035
1691786400,+3.00,+24.656, +8.870,+1.035
1691786700,+3.00,+24.682, +8.802,+1.035
1691787000,+3.00,+24.715, +8.739,+1.034
1691787300,+3.00,+24.757, +8.668,+1.035
1691787600,+3.00,+24.774, +8.642,+1.036
1691787900,+3.00,+24.799, +8.600,+1.035
1691788200,+3.00,+24.791, +8.577,+1.034
1691788500,+3.00,+24.841, +8.555,+1.034
1691788800,+3.00,+24.858, +8.565,+1.035
1691789100,+3.00,+24.841, +8.576,+1.034
1691789400,+3.00,+24.866, +8.548,+1.035
1691789700,+3.00,+24.892, +8.544,+1.035
1691790000,+3.00,+24.942, +8.490,+1.034
1691790300,+3.00,+24.976, +8.450,+1.035
1691790600,+3.00,+24.976, +8.403,+1.035
1691790900,+3.00,+25.026, +8.371,+1.034
1691791200,+3.00,+25.051, +8.376,+1.034
1691791500,+3.00,+25.068, +8.382,+1.035
1691791800,+2.99,+25.085, +8.392,+1.034
1691792100,+2.99,+25.068, +8.361,+1.034
1691792400,+2.99,+25.110, +8.370,+1.034
1691792700,+2.99,+25.169, +8.408,+1.035
1691793000,+2.99,+25.169, +8.408,+1.035
1691793300,+2.99,+25.195, +8.388,+1.035
1691793600,+2.99,+25.245, +8.366,+1.035
1691793900,+2.99,+25.245, +8.399,+1.035
1691794200,+2.99,+25.287, +8.399,+1.035
1691794500,+2.99,+25.329, +8.410,+1.034
1691794800,+3.00,+25.363, +8.428,+1.035
1691795100,+3.00,+25.422, +8.433,+1.035
1691795400,+3.00,+25.430, +8.448,+1.035
1691795700,+3.00,+25.447, +8.444,+1.035
1691796000,+3.00,+25.489, +8.444,+1.035
1691796300,+3.00,+25.498, +8.470,+1.035
1691796600,+3.00,+25.540, +8.438,+1.034
1691796900,+3.00,+25.582, +8.431,+1.035
1691797200,+3.00,+25.624, +8.439,+1.035
1691797500,+3.00,+25.675, +8.417,+1.035
1691797800,+3.00,+25.734, +8.437,+1.035
1691798100,+3.00,+25.759, +8.456,+1.035
1691798400,+3.00,+25.784, +8.463,+1.035
1691798700,+3.00,+25.793, +8.499,+1.035
1691799000,+3.00,+25.784, +8.479,+1.035
1691799300,+3.00,+25.801, +8.471,+1.035
1691799600,+3.00,+25.827, +8.462,+1.034
1691799900,+3.00,+25.827, +8.460,+1.035
1691800200,+3.00,+25.843, +8.497,+1.035
1691800500,+3.00,+25.843, +8.564,+1.036
1691800800,+3.00,+25.843, +8.533,+1.035
1691801100,+3.00,+25.835, +8.517,+1.035
1691801400,+3.00,+25.852, +8.489,+1.035
1691801700,+3.00,+25.869, +8.516,+1.035
1691802000,+3.00,+25.869, +8.518,+1.035
1691802300,+3.00,+25.860, +8.550,+1.035
1691802600,+3.00,+25.886, +8.519,+1.035
1691802900,+3.00,+25.843, +8.533,+1.035
1691803200,+3.00,+25.843, +8.523,+1.036
1691803500,+3.00,+25.852, +8.499,+1.035
1691803800,+3.00,+25.818, +8.521,+1.035
1691804100,+3.00,+25.801, +8.498,+1.035
1691804400,+3.00,+25.793, +8.480,+1.036
1691804700,+3.00,+25.784, +8.472,+1.035
1691805000,+3.00,+25.734, +8.457,+1.035
1691805300,+3.00,+25.708, +8.454,+1.035
1691805600,+3.00,+25.683, +8.427,+1.035
1691805900,+3.00,+25.666, +8.404,+1.035
1691806200,+3.00,+25.633, +8.405,+1.035
1691806500,+3.00,+25.607, +8.392,+1.035
1691806800,+3.00,+25.590, +8.361,+1.035
1691807100,+3.00,+25.574, +8.351,+1.035
1691807400,+3.00,+25.506, +8.357,+1.034
1691807700,+3.00,+25.498, +8.351,+1.035
1691808000,+3.00,+25.472, +8.308,+1.035
1691808300,+3.00,+25.447, +8.291,+1.034
1691808600,+3.00,+25.422, +8.278,+1.035
1691808900,+3.00,+25.388, +8.254,+1.035
1691809200,+3.00,+25.380, +8.226,+1.035
1691809500,+2.99,+25.380, +8.166,+1.034
1691809800,+2.99,+25.321, +8.133,+1.034
1691810100,+2.99,+25.296, +8.094,+1.034
1691810400,+2.99,+25.245, +8.087,+1.034
1691810700,+2.99,+25.220, +8.073,+1.034
1691811000,+2.99,+25.161, +8.030,+1.034
1691811300,+2.99,+25.144, +7.999,+1.034
1691811600,+2.99,+25.127, +7.979,+1.034
1691811900,+2.99,+25.077, +7.944,+1.034
1691812200,+2.99,+25.051, +7.945,+1.034
1691812500,+3.00,+25.035, +7.914,+1.034
1691812800,+3.00,+24.993, +7.856,+1.034
1691813100,+3.00,+24.984, +7.846,+1.034
1691813400,+3.00,+24.951, +7.808,+1.033
1691813700,+3.00,+24.942, +7.794,+1.034
1691814000,+3.00,+24.900, +7.768,+1.034
1691814300,+3.00,+24.875, +7.714,+1.034
1691814600,+3.00,+24.850, +7.683,+1.034
1691814900,+3.00,+24.808, +7.687,+1.034
1691815200,+3.00,+24.808, +7.643,+1.034
1691815500,+3.00,+24.791, +7.628,+1.034
1691815800,+3.00,+24.757, +7.625,+1.034
1691816100,+3.00,+24.757, +7.562,+1.034
1691816400,+3.00,+24.732, +7.517,+1.033
1691816700,+3.00,+24.673, +7.537,+1.034
1691817000,+3.00,+24.631, +7.543,+1.034
1691817300,+3.00,+24.614, +7.481,+1.033
1691817600,+3.00,+24.589, +7.451,+1.033
1691817900,+3.00,+24.572, +7.398,+1.033
1691818200,+3.00,+24.547, +7.368,+1.033
1691818500,+3.00,+24.514, +7.348,+1.033
1691818800,+3.00,+24.514, +7.322,+1.033
1691819100,+3.00,+24.514, +7.280,+1.033
1691819400,+3.00,+24.463, +7.259,+1.033
1691819700,+3.00,+24.463, +7.214,+1.033
1691820000,+3.00,+24.438, +7.221,+1.034
1691820300,+3.00,+24.430, +7.207,+1.033
1691820600,+3.00,+24.396, +7.188,+1.033
1691820900,+3.00,+24.379, +7.145,+1.033
1691821200,+3.00,+24.362, +7.098,+1.033
1691821500,+3.00,+24.346, +7.070,+1.033
1691821800,+3.00,+24.337, +7.039,+1.033
1691822100,+3.00,+24.320, +7.011,+1.033
1691822400,+3.00,+24.295, +6.984,+1.032
1691822700,+3.00,+24.279, +6.977,+1.033
1691823000,+3.00,+24.270, +6.970,+1.033
1691823300,+2.99,+24.237, +6.983,+1.033
1691823600,+2.99,+24.220, +6.957,+1.033
1691823900,+2.99,+24.228, +6.948,+1.032
1691824200,+2.99,+24.211, +6.925,+1.032
1691824500,+2.99,+24.203, +6.922,+1.032
1691824800,+2.99,+24.186, +6.889,+1.033
1691825100,+3.00,+24.169, +6.862,+1.032
1691825400,+3.00,+24.161, +6.862,+1.032
1691825700,+2.99,+24.136, +6.853,+1.033
1691826000,+3.00,+24.127, +6.830,+1.032
1691826300,+2.99,+24.144, +6.830,+1.033
1691826600,+3.00,+24.127, +6.781,+1.033
1691826900,+3.00,+24.127, +6.776,+1.033
1691827200,+3.00,+24.119, +6.766,+1.032
1691827500,+3.00,+24.102, +6.710,+1.032
1691827800,+3.00,+24.119, +6.667,+1.033
1691828100,+3.00,+24.102, +6.685,+1.032
1691828400,+3.00,+24.077, +6.696,+1.032
1691828700,+3.00,+24.102, +6.675,+1.033
1691829000,+3.00,+24.094, +6.593,+1.032
1691829300,+3.00,+24.069, +6.577,+1.032
1691829600,+3.00,+24.044, +6.555,+1.032
1691829900,+3.00,+24.044, +6.564,+1.032
1691830200,+3.00,+24.027, +6.539,+1.032
1691830500,+3.00,+24.027, +6.578,+1.032
1691830800,+3.00,+24.018, +6.580,+1.032
1691831100,+3.00,+24.010, +6.539,+1.032
1691831400,+3.00,+24.010, +6.540,+1.032
1691831700,+3.00,+24.010, +6.498,+1.032
1691832000,+3.00,+23.993, +6.465,+1.032
1691832300,+3.00,+23.985, +6.434,+1.032
1691832600,+3.00,+23.968, +6.470,+1.032
1691832900,+3.00,+23.960, +6.452,+1.032
1691833200,+3.00,+23.960, +6.434,+1.033
1691833500,+3.00,+23.960, +6.407,+1.032
1691833800,+3.00,+23.935, +6.377,+1.032
1691834100,+3.00,+23.926, +6.351,+1.032
1691834400,+3.00,+23.935, +6.333,+1.032
1691834700,+3.00,+23.901, +6.326,+1.032
1691835000,+3.00,+23.909, +6.322,+1.032
1691835300,+3.00,+23.918, +6.262,+1.032
1691835600,+3.00,+23.884, +6.250,+1.032
1691835900,+3.00,+23.893, +6.230,+1.032
1691836200,+3.00,+23.876, +6.224,+1.032
1691836500,+3.00,+23.868, +6.180,+1.032
1691836800,+3.00,+23.842, +6.199,+1.032
1691837100,+3.00,+23.826, +6.170,+1.032
1691837400,+3.00,+23.834, +6.156,+1.032
1691837700,+3.00,+23.826, +6.117,+1.032
1691838000,+3.00,+23.842, +6.059,+1.032
1691838300,+3.00,+23.809, +6.040,+1.032
1691838600,+3.00,+23.784, +6.068,+1.032
1691838900,+3.00,+23.784, +6.084,+1.031
1691839200,+3.00,+23.775, +6.085,+1.032
1691839500,+3.00,+23.725, +6.078,+1.032
1691839800,+3.00,+23.725, +6.086,+1.032
1691840100,+3.00,+23.717, +6.082,+1.032
1691840400,+3.00,+23.692, +6.039,+1.031
1691840700,+3.00,+23.683, +6.002,+1.032
1691841000,+3.00,+23.700, +5.985,+1.031
1691841300,+3.00,+23.666, +5.958,+1.031
1691841600,+3.00,+23.650, +5.952,+1.031
1691841900,+3.00,+23.633, +5.961,+1.032
1691842200,+3.00,+23.608, +5.942,+1.032
1691842500,+3.00,+23.599, +5.876,+1.031
1691842800,+3.00,+23.583, +5.876,+1.032
1691843100,+3.00,+23.566, +5.884,+1.032
1691843400,+3.00,+23.549, +5.836,+1.031
1691843700,+3.00,+23.524, +5.810,+1.031
1691844000,+3.00,+23.507, +5.806,+1.031
1691844300,+3.00,+23.499, +5.803,+1.032
1691844600,+3.00,+23.490, +5.792,+1.032
1691844900,+3.00,+23.449, +5.754,+1.030
1691845200,+3.00,+23.449, +5.767,+1.031
1691845500,+3.00,+23.415, +5.753,+1.031
1691845800,+3.00,+23.398, +5.747,+1.032
1691846100,+3.00,+23.382, +5.723,+1.031
1691846400,+3.00,+23.390, +5.710,+1.031
1691846700,+3.00,+23.340, +5.689,+1.031
1691847000,+3.00,+23.331, +5.680,+1.031
1691847300,+3.00,+23.290, +5.693,+1.031
1691847600,+3.00,+23.306, +5.675,+1.031
1691847900,+3.00,+23.290, +5.673,+1.031
1691848200,+3.00,+23.264, +5.643,+1.031
1691848500,+3.00,+23.239, +5.655,+1.031
1691848800,+3.00,+23.231, +5.683,+1.031
1691849100,+3.00,+23.223, +5.656,+1.031
1691849400,+3.00,+23.197, +5.651,+1.031
1691849700,+3.00,+23.181, +5.648,+1.031
1691850000,+3.00,+23.164, +5.651,+1.031
1691850300,+3.00,+23.181, +5.648,+1.031
1691850600,+3.00,+23.147, +5.648,+1.031
1691850900,+3.00,+23.130, +5.634,+1.031
1691851200,+3.00,+23.105, +5.650,+1.031
1691851500,+3.00,+23.097, +5.659,+1.031
1691851800,+3.00,+23.105, +5.660,+1.031
1691852100,+3.00,+23.072, +5.645,+1.031
1691852400,+3.00,+23.072, +5.677,+1.031
1691852700,+3.00,+23.072, +5.676,+1.031
1691853000,+3.00,+23.072, +5.722,+1.032
1691853300,+3.00,+23.072, +5.778,+1.031
1691853600,+3.00,+23.097, +5.855,+1.031
1691853900,+3.00,+23.114, +5.909,+1.031
1691854200,+3.00,+23.114, +5.935,+1.031
1691854500,+3.00,+23.097, +5.971,+1.031
1691854800,+3.00,+23.105, +6.003,+1.031
1691855100,+3.00,+23.097, +6.027,+1.032
1691855400,+3.00,+23.114, +6.039,+1.032
1691855700,+3.00,+23.080, +6.073,+1.031
1691856000,+3.00,+23.105, +6.084,+1.032
1691856300,+3.00,+23.089, +6.109,+1.031
1691856600,+3.00,+23.105, +6.127,+1.031
1691856900,+3.00,+23.080, +6.144,+1.031
1691857200,+3.00,+23.072, +6.205,+1.031
1691857500,+3.00,+23.072, +6.257,+1.031
1691857800,+3.00,+23.089, +6.258,+1.032
1691858100,+3.00,+23.097, +6.283,+1.031
1691858400,+3.00,+23.080, +6.332,+1.031
1691858700,+3.00,+23.097, +6.367,+1.032
1691859000,+3.00,+23.105, +6.343,+1.032
1691859300,+3.00,+23.139, +6.347,+1.032
1691859600,+3.00,+23.147, +6.374,+1.031
1691859900,+3.00,+23.181, +6.388,+1.032
1691860200,+3.00,+23.189, +6.421,+1.032
1691860500,+3.00,+23.223, +6.424,+1.032
1691860800,+3.00,+23.256, +6.461,+1.032
1691861100,+3.00,+23.290, +6.556,+1.032
1691861400,+3.00,+23.290, +6.593,+1.032
1691861700,+3.00,+23.340, +6.603,+1.032
1691862000,+3.00,+23.373, +6.635,+1.032
1691862300,+3.00,+23.432, +6.772,+1.032
1691862600,+3.00,+23.482, +6.920,+1.032
1691862900,+3.00,+23.524, +7.040,+1.032
