7450-663402
OS REV: 1.04 Sensor Cal: 1570117751
Time (sec),  BV (Volts),  T (deg C),  DO (mg/l),  Q ()
1695754740,+2.99,+19.283, +7.268,+1.025
1695755040,+2.99,+19.300, +7.281,+1.026
1695755340,+2.99,+19.275, +7.287,+1.025
1695755640,+2.99,+19.291, +7.313,+1.026
1695755940,+2.99,+19.384, +7.331,+1.026
1695756240,+2.99,+19.417, +7.338,+1.026
1695756540,+2.99,+19.467, +7.305,+1.025
1695756840,+2.99,+19.417, +7.339,+1.025
1695757140,+2.98,+19.501, +7.324,+1.026
1695757440,+2.98,+19.568, +7.331,+1.026
1695757740,+2.98,+19.585, +7.344,+1.026
1695758040,+2.98,+19.643, +7.436,+1.025
1695758340,+2.98,+19.652, +7.480,+1.026
1695758640,+2.98,+19.668, +7.507,+1.025
1695758940,+2.98,+19.677, +7.539,+1.025
1695759240,+2.98,+19.744, +7.579,+1.025
1695759540,+2.98,+19.811, +7.609,+1.026
1695759840,+2.98,+19.811, +7.647,+1.025
1695760140,+2.98,+19.886, +7.677,+1.026
1695760440,+2.98,+19.903, +7.702,+1.026
1695760740,+2.98,+19.903, +7.711,+1.026
1695761040,+2.98,+19.920, +7.731,+1.025
1695761340,+2.98,+19.970, +7.780,+1.026
1695761640,+2.98,+20.012, +7.825,+1.026
1695761940,+2.98,+20.054, +7.877,+1.026
1695762240,+2.99,+20.112, +7.933,+1.026
1695762540,+2.99,+20.171, +7.935,+1.025
1695762840,+2.99,+20.154, +7.995,+1.026
1695763140,+2.99,+20.171, +8.003,+1.026
1695763440,+2.99,+20.154, +7.995,+1.026
1695763740,+2.99,+20.179, +8.020,+1.026
1695764040,+2.99,+20.179, +8.048,+1.026
1695764340,+2.99,+20.238, +8.045,+1.026
1695764640,+2.99,+20.263, +8.119,+1.026
1695764940,+2.99,+20.254, +8.124,+1.026
1695765240,+2.99,+20.271, +8.111,+1.026
1695765540,+2.99,+20.279, +8.106,+1.025
1695765840,+2.99,+20.288, +8.096,+1.026
1695766140,+2.99,+20.263, +8.089,+1.025
1695766440,+2.99,+20.204, +8.101,+1.026
1695766740,+2.99,+20.137, +8.084,+1.025
1695767040,+2.99,+20.146, +8.061,+1.025
1695767340,+2.99,+20.112, +8.068,+1.026
1695767640,+2.99,+20.079, +8.069,+1.026
1695767940,+2.99,+20.079, +8.070,+1.026
1695768240,+2.98,+20.045, +8.073,+1.026
1695768540,+2.98,+20.028, +8.092,+1.026
1695768840,+2.98,+20.028, +8.102,+1.027
1695769140,+2.98,+19.978, +8.113,+1.027
1695769440,+2.98,+19.961, +8.100,+1.026
1695769740,+2.98,+19.953, +8.086,+1.026
1695770040,+2.98,+19.970, +8.096,+1.026
1695770340,+2.98,+19.945, +8.110,+1.026
1695770640,+2.98,+19.945, +8.128,+1.026
1695770940,+2.98,+19.945, +8.117,+1.026
1695771240,+2.98,+19.945, +8.121,+1.026
1695771540,+2.98,+19.970, +8.142,+1.026
1695771840,+2.98,+19.936, +8.133,+1.026
1695772140,+2.98,+19.945, +8.153,+1.027
1695772440,+2.98,+19.936, +8.167,+1.025
1695772740,+2.98,+19.953, +8.164,+1.026
1695773040,+2.98,+19.953, +8.183,+1.026
1695773340,+2.98,+19.961, +8.179,+1.026
1695773640,+2.98,+19.945, +8.201,+1.026
1695773940,+2.98,+19.970, +8.200,+1.026
1695774240,+2.98,+19.978, +8.210,+1.026
1695774540,+2.98,+19.987, +8.205,+1.026
1695774840,+2.98,+20.020, +8.202,+1.026
1695775140,+2.98,+20.020, +8.216,+1.026
1695775440,+2.98,+20.037, +8.225,+1.026
1695775740,+2.98,+20.045, +8.228,+1.026
1695776040,+2.99,+20.054, +8.251,+1.027
1695776340,+2.99,+20.079, +8.229,+1.026
1695776640,+2.99,+20.095, +8.245,+1.026
1695776940,+2.99,+20.129, +8.247,+1.026
1695777240,+2.99,+20.154, +8.256,+1.026
1695777540,+2.99,+20.129, +8.263,+1.026
1695777840,+2.99,+20.162, +8.252,+1.026
1695778140,+2.99,+20.171, +8.271,+1.026
1695778440,+2.99,+20.196, +8.292,+1.026
1695778740,+2.99,+20.221, +8.302,+1.027
1695779040,+2.99,+20.212, +8.286,+1.026
1695779340,+2.99,+20.229, +8.301,+1.026
1695779640,+2.99,+20.246, +8.264,+1.026
1695779940,+2.99,+20.229, +8.283,+1.026
1695780240,+2.99,+20.246, +8.287,+1.026
1695780540,+2.99,+20.229, +8.308,+1.026
1695780840,+2.99,+20.246, +8.272,+1.026
1695781140,+2.99,+20.204, +8.266,+1.026
1695781440,+2.99,+20.229, +8.259,+1.026
1695781740,+2.99,+20.229, +8.250,+1.026
1695782040,+2.99,+20.229, +8.244,+1.025
1695782340,+2.99,+20.212, +8.237,+1.026
1695782640,+2.99,+20.204, +8.195,+1.026
1695782940,+2.99,+20.196, +8.206,+1.027
1695783240,+2.99,+20.187, +8.230,+1.025
1695783540,+2.99,+20.171, +8.212,+1.026
1695783840,+2.99,+20.162, +8.183,+1.026
1695784140,+2.99,+20.146, +8.181,+1.026
1695784440,+2.99,+20.129, +8.161,+1.026
1695784740,+2.99,+20.104, +8.160,+1.026
1695785040,+2.99,+20.112, +8.117,+1.026
1695785340,+2.99,+20.095, +8.095,+1.026
1695785640,+2.99,+20.087, +8.099,+1.026
1695785940,+2.98,+20.070, +8.101,+1.026
1695786240,+2.98,+20.028, +8.096,+1.026
1695786540,+2.98,+20.028, +8.057,+1.026
1695786840,+2.98,+20.003, +8.037,+1.026
1695787140,+2.98,+20.003, +7.998,+1.026
1695787440,+2.98,+19.978, +7.978,+1.026
1695787740,+2.98,+19.953, +7.960,+1.026
1695788040,+2.98,+19.961, +7.962,+1.026
1695788340,+2.98,+19.928, +7.929,+1.025
1695788640,+2.98,+19.928, +7.902,+1.026
1695788940,+2.98,+19.894, +7.890,+1.025
1695789240,+2.98,+19.886, +7.860,+1.026
1695789540,+2.98,+19.869, +7.845,+1.026
1695789840,+2.98,+19.853, +7.841,+1.026
1695790140,+2.98,+19.853, +7.805,+1.025
1695790440,+2.98,+19.819, +7.789,+1.025
1695790740,+2.98,+19.819, +7.778,+1.026
1695791040,+2.98,+19.802, +7.761,+1.026
1695791340,+2.98,+19.794, +7.735,+1.026
1695791640,+2.98,+19.769, +7.715,+1.026
1695791940,+2.98,+19.761, +7.698,+1.025
1695792240,+2.98,+19.761, +7.679,+1.026
1695792540,+2.98,+19.727, +7.664,+1.026
1695792840,+2.98,+19.702, +7.624,+1.025
1695793140,+2.98,+19.685, +7.632,+1.025
1695793440,+2.98,+19.677, +7.621,+1.026
1695793740,+2.98,+19.660, +7.590,+1.026
1695794040,+2.98,+19.635, +7.567,+1.025
1695794340,+2.98,+19.652, +7.549,+1.026
1695794640,+2.98,+19.643, +7.533,+1.025
1695794940,+2.98,+19.627, +7.527,+1.025
1695795240,+2.98,+19.618, +7.506,+1.026
1695795540,+2.98,+19.627, +7.464,+1.025
1695795840,+2.98,+19.585, +7.472,+1.026
1695796140,+2.98,+19.576, +7.470,+1.026
1695796440,+2.98,+19.601, +7.456,+1.025
1695796740,+2.98,+19.593, +7.431,+1.025
1695797040,+2.98,+19.576, +7.417,+1.026
1695797340,+2.98,+19.560, +7.413,+1.025
1695797640,+2.98,+19.560, +7.417,+1.026
1695797940,+2.98,+19.543, +7.376,+1.025
1695798240,+2.98,+19.534, +7.380,+1.026
1695798540,+2.98,+19.543, +7.343,+1.026
1695798840,+2.98,+19.534, +7.342,+1.025
1695799140,+2.98,+19.526, +7.361,+1.026
1695799440,+2.98,+19.526, +7.333,+1.026
1695799740,+2.98,+19.509, +7.325,+1.026
1695800040,+2.98,+19.501, +7.322,+1.026
1695800340,+2.98,+19.484, +7.311,+1.026
1695800640,+2.98,+19.484, +7.326,+1.025
1695800940,+2.99,+19.451, +7.321,+1.025
1695801240,+2.98,+19.476, +7.284,+1.026
1695801540,+2.99,+19.467, +7.270,+1.025
1695801840,+2.98,+19.484, +7.251,+1.026
1695802140,+2.98,+19.459, +7.223,+1.025
1695802440,+2.98,+19.459, +7.224,+1.026
1695802740,+2.98,+19.442, +7.233,+1.025
1695803040,+2.99,+19.451, +7.206,+1.026
1695803340,+2.99,+19.459, +7.199,+1.026
1695803640,+2.99,+19.425, +7.190,+1.025
1695803940,+2.99,+19.442, +7.179,+1.025
1695804240,+2.99,+19.434, +7.180,+1.026
1695804540,+2.99,+19.417, +7.171,+1.026
1695804840,+2.99,+19.409, +7.180,+1.025
1695805140,+2.99,+19.409, +7.172,+1.026
1695805440,+2.99,+19.409, +7.156,+1.026
1695805740,+2.99,+19.409, +7.139,+1.025
1695806040,+2.99,+19.409, +7.115,+1.026
1695806340,+2.99,+19.409, +7.131,+1.026
1695806640,+2.99,+19.392, +7.116,+1.025
1695806940,+2.99,+19.375, +7.125,+1.026
1695807240,+2.99,+19.367, +7.129,+1.025
1695807540,+2.99,+19.350, +7.113,+1.025
1695807840,+2.99,+19.342, +7.113,+1.025
1695808140,+2.99,+19.367, +7.093,+1.026
1695808440,+2.99,+19.350, +7.047,+1.025
1695808740,+2.99,+19.325, +7.085,+1.025
1695809040,+2.99,+19.308, +7.085,+1.025
1695809340,+2.99,+19.317, +7.086,+1.025
1695809640,+2.99,+19.333, +7.038,+1.025
1695809940,+2.99,+19.300, +7.012,+1.025
1695810240,+2.99,+19.291, +7.028,+1.025
1695810540,+2.99,+19.291, +7.001,+1.026
1695810840,+2.99,+19.266, +6.997,+1.026
1695811140,+2.99,+19.266, +6.998,+1.026
1695811440,+2.99,+19.241, +7.013,+1.025
1695811740,+2.99,+19.224, +6.990,+1.025
1695812040,+2.99,+19.191, +7.017,+1.025
1695812340,+2.99,+19.216, +6.995,+1.026
1695812640,+2.99,+19.191, +6.983,+1.025
1695812940,+2.99,+19.166, +6.985,+1.025
1695813240,+2.99,+19.174, +6.956,+1.025
1695813540,+2.99,+19.149, +6.956,+1.025
1695813840,+2.99,+19.149, +6.950,+1.025
1695814140,+2.99,+19.149, +6.947,+1.025
1695814440,+2.99,+19.157, +6.934,+1.025
1695814740,+2.99,+19.140, +6.926,+1.025
1695815040,+2.99,+19.107, +6.917,+1.025
1695815340,+2.99,+19.090, +6.956,+1.025
1695815640,+2.99,+19.090, +6.947,+1.026
1695815940,+2.99,+19.099, +6.879,+1.025
1695816240,+2.99,+19.073, +6.892,+1.026
1695816540,+2.99,+19.082, +6.891,+1.025
1695816840,+2.99,+19.057, +6.902,+1.025
1695817140,+2.99,+19.048, +6.889,+1.026
1695817440,+2.99,+19.023, +6.873,+1.025
1695817740,+2.99,+19.006, +6.900,+1.025
1695818040,+2.99,+19.006, +6.878,+1.026
1695818340,+2.99,+18.973, +6.882,+1.025
1695818640,+2.99,+18.973, +6.858,+1.025
1695818940,+2.99,+18.939, +6.895,+1.025
1695819240,+2.98,+18.939, +6.897,+1.026
1695819540,+2.98,+18.931, +6.867,+1.025
1695819840,+2.98,+18.931, +6.864,+1.025
1695820140,+2.98,+18.914, +6.866,+1.025
1695820440,+2.98,+18.897, +6.851,+1.025
1695820740,+2.98,+18.880, +6.846,+1.025
1695821040,+2.98,+18.889, +6.825,+1.026
1695821340,+2.98,+18.880, +6.811,+1.026
1695821640,+2.98,+18.889, +6.809,+1.025
1695821940,+2.98,+18.872, +6.841,+1.026
1695822240,+2.98,+18.847, +6.849,+1.025
1695822540,+2.98,+18.847, +6.844,+1.026
1695822840,+2.98,+18.847, +6.847,+1.025
1695823140,+2.98,+18.830, +6.838,+1.025
1695823440,+2.98,+18.813, +6.858,+1.025
1695823740,+2.98,+18.847, +6.859,+1.025
1695824040,+2.98,+18.796, +6.812,+1.025
1695824340,+2.98,+18.813, +6.815,+1.026
1695824640,+2.98,+18.813, +6.799,+1.025
1695824940,+2.98,+18.822, +6.785,+1.025
1695825240,+2.98,+18.796, +6.802,+1.025
1695825540,+2.98,+18.796, +6.796,+1.025
1695825840,+2.98,+18.788, +6.801,+1.026
1695826140,+2.98,+18.780, +6.786,+1.026
1695826440,+2.98,+18.780, +6.802,+1.025
1695826740,+2.98,+18.746, +6.809,+1.025
1695827040,+2.98,+18.763, +6.798,+1.025
1695827340,+2.98,+18.738, +6.798,+1.025
1695827640,+2.98,+18.738, +6.785,+1.025
1695827940,+2.98,+18.721, +6.785,+1.025
1695828240,+2.98,+18.738, +6.808,+1.025
1695828540,+2.98,+18.721, +6.824,+1.025
1695828840,+2.98,+18.721, +6.814,+1.025
1695829140,+2.98,+18.721, +6.844,+1.026
1695829440,+2.98,+18.721, +6.812,+1.025
1695829740,+2.98,+18.687, +6.819,+1.026
1695830040,+2.98,+18.696, +6.814,+1.026
1695830340,+2.98,+18.712, +6.799,+1.025
1695830640,+2.98,+18.704, +6.816,+1.025
1695830940,+2.98,+18.729, +6.840,+1.025
1695831240,+2.98,+18.721, +6.846,+1.026
1695831540,+2.98,+18.729, +6.861,+1.026
1695831840,+2.98,+18.729, +6.866,+1.025
1695832140,+2.98,+18.729, +6.863,+1.025
1695832440,+2.98,+18.738, +6.883,+1.025
1695832740,+2.98,+18.746, +6.896,+1.026
1695833040,+2.98,+18.738, +6.918,+1.025
1695833340,+2.98,+18.738, +6.923,+1.025
1695833640,+2.98,+18.746, +6.940,+1.026
1695833940,+2.98,+18.754, +6.933,+1.025
1695834240,+2.98,+18.754, +6.947,+1.026
1695834540,+2.98,+18.754, +6.964,+1.026
1695834840,+2.98,+18.746, +6.975,+1.026
1695835140,+2.98,+18.738, +6.988,+1.025
1695835440,+2.98,+18.763, +7.002,+1.025
1695835740,+2.98,+18.754, +7.041,+1.026
1695836040,+2.98,+18.763, +7.068,+1.026
1695836340,+2.98,+18.780, +7.059,+1.025
1695836640,+2.98,+18.796, +7.088,+1.026
1695836940,+2.98,+18.830, +7.122,+1.025
1695837240,+2.98,+18.822, +7.133,+1.025
1695837540,+2.98,+18.847, +7.130,+1.025
1695837840,+2.98,+18.847, +7.129,+1.025
1695838140,+2.98,+18.864, +7.153,+1.025
1695838440,+2.98,+18.864, +7.175,+1.025
1695838740,+2.99,+18.427, +8.809,+1.026
1695839040,+2.99,+17.247, +9.018,+1.024
1695839340,+2.99,+17.018, +9.064,+1.024
1695839640,+2.99,+16.891, +9.085,+1.024
1695839940,+2.99,+16.798, +9.096,+1.024
1695840240,+2.99,+16.713, +9.116,+1.025
1695840540,+2.99,+16.705, +9.095,+1.025
1695840840,+2.99,+16.645, +9.107,+1.025
1695841140,+2.99,+16.620, +9.068,+1.025
