7450-663402
OS REV: 1.04 Sensor Cal: 1570117751
Time (sec),  BV (Volts),  T (deg C),  DO (mg/l),  Q ()
1662656160,+3.11,+22.813, +6.330,+1.056
1662656460,+3.11,+22.871, +6.400,+1.057
1662656760,+3.11,+22.930, +6.430,+1.057
1662657060,+3.11,+22.971, +6.449,+1.056
1662657360,+3.11,+23.013, +6.524,+1.057
1662657660,+3.11,+23.030, +6.578,+1.057
1662657960,+3.11,+23.089, +6.631,+1.057
1662658260,+3.11,+23.156, +6.734,+1.058
1662658560,+3.11,+23.181, +6.792,+1.057
1662658860,+3.11,+23.223, +6.884,+1.057
1662659160,+3.12,+23.264, +6.977,+1.057
1662659460,+3.12,+23.356, +7.042,+1.057
1662659760,+3.12,+23.398, +7.092,+1.057
1662660060,+3.12,+23.474, +7.165,+1.057
1662660360,+3.12,+23.532, +7.221,+1.057
1662660660,+3.12,+23.574, +7.300,+1.058
1662660960,+3.11,+23.625, +7.359,+1.057
1662661260,+3.11,+23.666, +7.440,+1.057
1662661560,+3.11,+23.733, +7.497,+1.057
1662661860,+3.11,+23.784, +7.597,+1.058
1662662160,+3.11,+23.834, +7.715,+1.058
1662662460,+3.11,+23.884, +7.809,+1.059
1662662760,+3.11,+23.951, +7.843,+1.058
1662663060,+3.11,+24.002, +7.928,+1.058
1662663360,+3.11,+24.060, +8.041,+1.059
1662663660,+3.11,+24.119, +8.142,+1.059
1662663960,+3.11,+24.153, +8.192,+1.059
1662664260,+3.11,+24.169, +8.215,+1.058
1662664560,+3.11,+24.203, +8.275,+1.059
1662664860,+3.11,+24.245, +8.317,+1.058
1662665160,+3.11,+24.245, +8.393,+1.058
1662665460,+3.11,+24.287, +8.485,+1.059
1662665760,+3.11,+24.320, +8.563,+1.059
1662666060,+3.11,+24.337, +8.620,+1.059
1662666360,+3.11,+24.337, +8.653,+1.059
1662666660,+3.11,+24.320, +8.693,+1.059
1662666960,+3.11,+24.337, +8.730,+1.059
1662667260,+3.11,+24.362, +8.780,+1.059
1662667560,+3.11,+24.379, +8.844,+1.059
1662667860,+3.11,+24.404, +8.898,+1.060
1662668160,+3.11,+24.438, +8.953,+1.060
1662668460,+3.11,+24.488, +8.989,+1.060
1662668760,+3.11,+24.530, +9.020,+1.060
1662669060,+3.11,+24.572, +9.054,+1.060
1662669360,+3.11,+24.606, +9.111,+1.060
1662669660,+3.11,+24.640, +9.173,+1.060
1662669960,+3.11,+24.648, +9.211,+1.060
1662670260,+3.11,+24.682, +9.254,+1.060
1662670560,+3.11,+24.690, +9.294,+1.060
1662670860,+3.11,+24.698, +9.370,+1.060
1662671160,+3.11,+24.690, +9.412,+1.060
1662671460,+3.11,+24.707, +9.461,+1.060
1662671760,+3.11,+24.698, +9.472,+1.060
1662672060,+3.11,+24.724, +9.502,+1.060
1662672360,+3.11,+24.749, +9.542,+1.060
1662672660,+3.11,+24.757, +9.580,+1.060
1662672960,+3.11,+24.766, +9.632,+1.061
1662673260,+3.11,+24.782, +9.663,+1.061
1662673560,+3.11,+24.774, +9.695,+1.060
1662673860,+3.11,+24.757, +9.712,+1.060
1662674160,+3.11,+24.766, +9.740,+1.061
1662674460,+3.11,+24.732, +9.745,+1.060
1662674760,+3.11,+24.757, +9.746,+1.061
1662675060,+3.11,+24.740, +9.743,+1.060
1662675360,+3.11,+24.749, +9.746,+1.060
1662675660,+3.11,+24.740, +9.760,+1.060
1662675960,+3.11,+24.749, +9.771,+1.061
1662676260,+3.11,+24.732, +9.769,+1.060
1662676560,+3.11,+24.740, +9.768,+1.060
1662676860,+3.11,+24.707, +9.768,+1.060
1662677160,+3.11,+24.690, +9.759,+1.061
1662677460,+3.11,+24.698, +9.732,+1.060
1662677760,+3.11,+24.682, +9.725,+1.061
1662678060,+3.11,+24.673, +9.701,+1.061
1662678360,+3.11,+24.682, +9.674,+1.060
1662678660,+3.11,+24.665, +9.663,+1.061
1662678960,+3.11,+24.640, +9.624,+1.060
1662679260,+3.11,+24.640, +9.578,+1.059
1662679560,+3.11,+24.614, +9.550,+1.060
1662679860,+3.11,+24.606, +9.530,+1.060
1662680160,+3.11,+24.598, +9.499,+1.060
1662680460,+3.11,+24.614, +9.473,+1.060
1662680760,+3.11,+24.581, +9.469,+1.060
1662681060,+3.11,+24.614, +9.433,+1.060
1662681360,+3.11,+24.589, +9.417,+1.060
1662681660,+3.11,+24.606, +9.415,+1.060
1662681960,+3.11,+24.598, +9.403,+1.060
1662682260,+3.11,+24.598, +9.378,+1.060
1662682560,+3.11,+24.606, +9.346,+1.059
1662682860,+3.11,+24.589, +9.340,+1.060
1662683160,+3.11,+24.581, +9.328,+1.060
1662683460,+3.11,+24.606, +9.316,+1.060
1662683760,+3.11,+24.589, +9.317,+1.061
1662684060,+3.11,+24.581, +9.307,+1.060
1662684360,+3.11,+24.589, +9.294,+1.060
1662684660,+3.11,+24.589, +9.286,+1.059
1662684960,+3.11,+24.589, +9.294,+1.061
1662685260,+3.11,+24.614, +9.266,+1.060
1662685560,+3.11,+24.598, +9.252,+1.060
1662685860,+3.11,+24.598, +9.207,+1.060
1662686160,+3.11,+24.589, +9.196,+1.060
1662686460,+3.11,+24.614, +9.149,+1.060
1662686760,+3.11,+24.614, +9.127,+1.060
1662687060,+3.11,+24.614, +9.101,+1.060
1662687360,+3.11,+24.598, +9.056,+1.059
1662687660,+3.11,+24.589, +9.026,+1.060
1662687960,+3.11,+24.589, +9.010,+1.060
1662688260,+3.11,+24.564, +9.011,+1.060
1662688560,+3.11,+24.572, +8.947,+1.059
1662688860,+3.11,+24.572, +8.950,+1.060
1662689160,+3.11,+24.556, +8.929,+1.059
1662689460,+3.11,+24.556, +8.916,+1.060
1662689760,+3.11,+24.547, +8.890,+1.059
1662690060,+3.11,+24.530, +8.921,+1.060
1662690360,+3.11,+24.514, +8.950,+1.060
1662690660,+3.11,+24.505, +8.882,+1.059
1662690960,+3.11,+24.514, +8.817,+1.059
1662691260,+3.11,+24.488, +8.779,+1.059
1662691560,+3.11,+24.488, +8.785,+1.060
1662691860,+3.11,+24.480, +8.786,+1.059
1662692160,+3.11,+24.480, +8.767,+1.059
1662692460,+3.11,+24.472, +8.767,+1.060
1662692760,+3.11,+24.455, +8.775,+1.060
1662693060,+3.11,+24.438, +8.749,+1.059
1662693360,+3.11,+24.438, +8.752,+1.059
1662693660,+3.11,+24.379, +8.762,+1.059
1662693960,+3.11,+24.379, +8.734,+1.059
1662694260,+3.11,+24.354, +8.721,+1.060
1662694560,+3.11,+24.362, +8.689,+1.060
1662694860,+3.11,+24.287, +8.671,+1.059
1662695160,+3.11,+24.279, +8.646,+1.059
1662695460,+3.11,+24.270, +8.624,+1.060
1662695760,+3.11,+24.253, +8.568,+1.059
1662696060,+3.11,+24.245, +8.527,+1.059
1662696360,+3.11,+24.245, +8.474,+1.059
1662696660,+3.11,+24.211, +8.433,+1.059
1662696960,+3.11,+24.195, +8.372,+1.059
1662697260,+3.11,+24.186, +8.328,+1.059
1662697560,+3.11,+24.178, +8.277,+1.059
1662697860,+3.11,+24.169, +8.207,+1.059
1662698160,+3.11,+24.136, +8.162,+1.059
1662698460,+3.11,+24.119, +8.115,+1.059
1662698760,+3.11,+24.119, +8.064,+1.060
1662699060,+3.11,+24.077, +8.011,+1.059
1662699360,+3.11,+24.069, +7.944,+1.059
1662699660,+3.11,+24.052, +7.878,+1.058
1662699960,+3.11,+24.018, +7.814,+1.058
1662700260,+3.11,+24.002, +7.747,+1.059
1662700560,+3.11,+24.002, +7.671,+1.058
1662700860,+3.11,+23.951, +7.627,+1.059
1662701160,+3.11,+23.935, +7.571,+1.058
1662701460,+3.11,+23.901, +7.525,+1.058
1662701760,+3.11,+23.884, +7.470,+1.058
1662702060,+3.11,+23.876, +7.426,+1.058
1662702360,+3.11,+23.842, +7.387,+1.058
1662702660,+3.11,+23.817, +7.338,+1.058
1662702960,+3.11,+23.792, +7.296,+1.058
1662703260,+3.11,+23.775, +7.245,+1.058
1662703560,+3.11,+23.742, +7.197,+1.058
1662703860,+3.11,+23.708, +7.150,+1.057
1662704160,+3.11,+23.708, +7.107,+1.057
1662704460,+3.11,+23.658, +7.085,+1.058
1662704760,+3.11,+23.650, +7.039,+1.058
1662705060,+3.11,+23.625, +6.998,+1.057
1662705360,+3.11,+23.599, +6.966,+1.058
1662705660,+3.11,+23.591, +6.909,+1.057
1662705960,+3.11,+23.549, +6.883,+1.058
1662706260,+3.11,+23.524, +6.832,+1.057
1662706560,+3.11,+23.507, +6.787,+1.057
1662706860,+3.11,+23.482, +6.751,+1.057
1662707160,+3.11,+23.482, +6.715,+1.058
1662707460,+3.12,+23.440, +6.666,+1.058
1662707760,+3.12,+23.423, +6.612,+1.057
1662708060,+3.12,+23.423, +6.551,+1.057
1662708360,+3.12,+23.382, +6.488,+1.057
1662708660,+3.12,+23.365, +6.442,+1.057
1662708960,+3.12,+23.323, +6.389,+1.057
1662709260,+3.12,+23.331, +6.350,+1.057
1662709560,+3.12,+23.315, +6.299,+1.057
1662709860,+3.12,+23.315, +6.258,+1.057
1662710160,+3.11,+23.256, +6.231,+1.057
1662710460,+3.11,+23.248, +6.197,+1.057
1662710760,+3.11,+23.214, +6.161,+1.057
1662711060,+3.11,+23.206, +6.114,+1.057
1662711360,+3.11,+23.197, +6.083,+1.057
1662711660,+3.11,+23.197, +6.043,+1.057
1662711960,+3.11,+23.164, +6.003,+1.057
1662712260,+3.11,+23.130, +5.968,+1.056
1662712560,+3.11,+23.122, +5.959,+1.057
1662712860,+3.11,+23.105, +5.945,+1.057
1662713160,+3.11,+23.097, +5.921,+1.057
1662713460,+3.11,+23.072, +5.901,+1.057
1662713760,+3.11,+23.064, +5.875,+1.057
1662714060,+3.11,+23.030, +5.860,+1.057
1662714360,+3.11,+23.047, +5.828,+1.057
1662714660,+3.11,+23.013, +5.811,+1.057
1662714960,+3.11,+23.005, +5.780,+1.057
1662715260,+3.11,+22.971, +5.758,+1.057
1662715560,+3.11,+22.938, +5.733,+1.057
1662715860,+3.11,+22.938, +5.707,+1.057
1662716160,+3.11,+22.921, +5.685,+1.057
1662716460,+3.11,+22.888, +5.682,+1.057
1662716760,+3.11,+22.863, +5.659,+1.057
1662717060,+3.11,+22.854, +5.637,+1.057
1662717360,+3.11,+22.821, +5.610,+1.057
1662717660,+3.11,+22.854, +5.576,+1.057
1662717960,+3.11,+22.804, +5.591,+1.057
1662718260,+3.11,+22.787, +5.555,+1.057
1662718560,+3.11,+22.779, +5.546,+1.057
1662718860,+3.11,+22.729, +5.537,+1.056
1662719160,+3.11,+22.746, +5.505,+1.057
1662719460,+3.11,+22.712, +5.483,+1.057
1662719760,+3.11,+22.695, +5.453,+1.057
1662720060,+3.11,+22.704, +5.465,+1.057
1662720360,+3.11,+22.687, +5.469,+1.057
1662720660,+3.11,+22.662, +5.463,+1.057
1662720960,+3.11,+22.654, +5.443,+1.057
1662721260,+3.11,+22.645, +5.415,+1.057
1662721560,+3.11,+22.628, +5.395,+1.057
1662721860,+3.11,+22.628, +5.361,+1.057
1662722160,+3.11,+22.587, +5.366,+1.057
1662722460,+3.12,+22.595, +5.361,+1.057
1662722760,+3.12,+22.595, +5.355,+1.057
1662723060,+3.11,+22.603, +5.307,+1.057
1662723360,+3.11,+22.595, +5.286,+1.057
1662723660,+3.11,+22.570, +5.251,+1.057
1662723960,+3.12,+22.553, +5.260,+1.056
1662724260,+3.12,+22.562, +5.217,+1.056
1662724560,+3.12,+22.545, +5.205,+1.057
1662724860,+3.12,+22.545, +5.196,+1.057
1662725160,+3.12,+22.495, +5.197,+1.056
1662725460,+3.12,+22.503, +5.189,+1.057
1662725760,+3.12,+22.461, +5.195,+1.057
1662726060,+3.12,+22.461, +5.181,+1.057
1662726360,+3.12,+22.436, +5.173,+1.057
1662726660,+3.12,+22.419, +5.185,+1.057
1662726960,+3.12,+22.428, +5.127,+1.057
1662727260,+3.12,+22.394, +5.151,+1.057
1662727560,+3.12,+22.394, +5.111,+1.057
1662727860,+3.12,+22.378, +5.124,+1.057
1662728160,+3.12,+22.378, +5.124,+1.056
1662728460,+3.12,+22.344, +5.133,+1.057
1662728760,+3.12,+22.386, +5.120,+1.057
1662729060,+3.12,+22.361, +5.123,+1.057
1662729360,+3.12,+22.353, +5.126,+1.057
1662729660,+3.12,+22.336, +5.107,+1.057
1662729960,+3.12,+22.336, +5.130,+1.057
1662730260,+3.12,+22.311, +5.125,+1.056
1662730560,+3.12,+22.294, +5.112,+1.057
1662730860,+3.12,+22.311, +5.108,+1.056
1662731160,+3.12,+22.294, +5.111,+1.057
1662731460,+3.12,+22.294, +5.120,+1.057
1662731760,+3.12,+22.269, +5.108,+1.057
1662732060,+3.12,+22.269, +5.101,+1.056
1662732360,+3.12,+22.261, +5.118,+1.057
1662732660,+3.12,+22.261, +5.116,+1.057
1662732960,+3.12,+22.244, +5.115,+1.057
1662733260,+3.12,+22.252, +5.110,+1.057
1662733560,+3.12,+22.244, +5.134,+1.057
1662733860,+3.12,+22.244, +5.145,+1.057
1662734160,+3.12,+22.236, +5.153,+1.057
1662734460,+3.12,+22.244, +5.182,+1.057
1662734760,+3.12,+22.236, +5.204,+1.057
1662735060,+3.12,+22.219, +5.217,+1.057
1662735360,+3.12,+22.210, +5.243,+1.057
1662735660,+3.12,+22.210, +5.264,+1.057
1662735960,+3.11,+22.185, +5.287,+1.057
1662736260,+3.11,+22.202, +5.323,+1.057
1662736560,+3.11,+22.194, +5.338,+1.056
1662736860,+3.11,+22.185, +5.375,+1.057
1662737160,+3.11,+22.152, +5.385,+1.057
1662737460,+3.11,+22.160, +5.411,+1.057
1662737760,+3.11,+22.160, +5.442,+1.056
1662738060,+3.11,+22.135, +5.445,+1.056
1662738360,+3.11,+22.144, +5.463,+1.057
1662738660,+3.11,+22.185, +5.533,+1.057
1662738960,+3.12,+22.244, +5.602,+1.057
1662739260,+3.12,+22.286, +5.660,+1.057
1662739560,+3.12,+22.294, +5.704,+1.057
1662739860,+3.12,+22.319, +5.745,+1.057
1662740160,+3.12,+22.361, +5.787,+1.057
1662740460,+3.12,+22.386, +5.850,+1.057
1662740760,+3.12,+22.428, +5.901,+1.057
1662741060,+3.12,+22.453, +5.946,+1.056
1662741360,+3.12,+22.503, +6.029,+1.057
1662741660,+3.12,+22.511, +6.062,+1.057
1662741960,+3.12,+22.562, +6.120,+1.057
1662742260,+3.12,+22.587, +6.178,+1.057
1662742560,+3.12,+22.612, +6.236,+1.057
