7450-521120
OS REV: 1.04 Sensor Cal: 1570120153
Time (sec),  BV (Volts),  T (deg C),  DO (mg/l),  Q ()
1657852560,+3.19,+22.168, +8.228,+0.942
1657852860,+3.19,+22.143, +8.225,+0.942
1657853160,+3.19,+22.117, +8.208,+0.942
1657853460,+3.19,+22.076, +8.207,+0.942
1657853760,+3.19,+22.067, +8.192,+0.942
1657854060,+3.19,+22.042, +8.177,+0.942
1657854360,+3.19,+22.025, +8.168,+0.942
1657854660,+3.19,+22.000, +8.158,+0.942
1657854960,+3.19,+21.958, +8.154,+0.942
1657855260,+3.19,+21.933, +8.140,+0.941
1657855560,+3.19,+21.917, +8.132,+0.942
1657855860,+3.19,+21.883, +8.128,+0.942
1657856160,+3.19,+21.858, +8.120,+0.942
1657856460,+3.19,+21.858, +8.114,+0.943
1657856760,+3.19,+21.816, +8.095,+0.942
1657857060,+3.19,+21.791, +8.092,+0.942
1657857360,+3.19,+21.774, +8.070,+0.941
1657857660,+3.19,+21.724, +8.080,+0.942
1657857960,+3.19,+21.716, +8.054,+0.942
1657858260,+3.19,+21.682, +8.056,+0.942
1657858560,+3.19,+21.649, +8.049,+0.942
1657858860,+3.19,+21.607, +8.049,+0.942
1657859160,+3.19,+21.590, +8.037,+0.942
1657859460,+3.19,+21.573, +8.037,+0.942
1657859760,+3.19,+21.565, +8.033,+0.942
1657860060,+3.19,+21.515, +8.020,+0.941
1657860360,+3.19,+21.490, +8.019,+0.941
1657860660,+3.19,+21.473, +8.022,+0.942
1657860960,+3.19,+21.456, +8.018,+0.942
1657861260,+3.19,+21.431, +8.031,+0.943
1657861560,+3.19,+21.423, +8.008,+0.941
1657861860,+3.19,+21.364, +8.026,+0.942
1657862160,+3.20,+21.356, +8.015,+0.941
1657862460,+3.19,+21.339, +8.015,+0.942
1657862760,+3.20,+21.322, +8.011,+0.941
1657863060,+3.20,+21.314, +8.013,+0.942
1657863360,+3.20,+21.289, +8.008,+0.941
1657863660,+3.20,+21.281, +7.991,+0.940
1657863960,+3.20,+21.239, +8.014,+0.941
1657864260,+3.20,+21.214, +8.005,+0.941
1657864560,+3.20,+21.197, +8.011,+0.941
1657864860,+3.20,+21.180, +8.014,+0.941
1657865160,+3.20,+21.180, +8.009,+0.941
1657865460,+3.19,+21.155, +8.015,+0.941
1657865760,+3.19,+21.122, +8.017,+0.941
1657866060,+3.19,+21.122, +8.009,+0.941
1657866360,+3.19,+21.088, +8.026,+0.942
1657866660,+3.19,+21.063, +8.021,+0.941
1657866960,+3.19,+21.021, +8.043,+0.942
1657867260,+3.19,+21.021, +8.031,+0.942
1657867560,+3.19,+21.013, +8.027,+0.941
1657867860,+3.19,+20.979, +8.032,+0.941
1657868160,+3.19,+20.954, +8.027,+0.941
1657868460,+3.19,+20.946, +8.036,+0.941
1657868760,+3.19,+20.929, +8.038,+0.942
1657869060,+3.19,+20.929, +8.031,+0.941
1657869360,+3.19,+20.912, +8.034,+0.941
1657869660,+3.19,+20.879, +8.043,+0.941
1657869960,+3.19,+20.879, +8.040,+0.942
1657870260,+3.19,+20.870, +8.042,+0.941
1657870560,+3.19,+20.845, +8.050,+0.942
1657870860,+3.19,+20.837, +8.048,+0.941
1657871160,+3.19,+20.812, +8.049,+0.941
1657871460,+3.19,+20.812, +8.049,+0.941
1657871760,+3.19,+20.787, +8.048,+0.941
1657872060,+3.19,+20.778, +8.045,+0.941
1657872360,+3.19,+20.737, +8.053,+0.941
1657872660,+3.19,+20.745, +8.062,+0.941
1657872960,+3.19,+20.720, +8.062,+0.941
1657873260,+3.19,+20.711, +8.069,+0.941
1657873560,+3.19,+20.728, +8.055,+0.941
1657873860,+3.19,+20.703, +8.069,+0.941
1657874160,+3.19,+20.686, +8.073,+0.942
1657874460,+3.19,+20.695, +8.067,+0.941
1657874760,+3.19,+20.661, +8.074,+0.941
1657875060,+3.19,+20.653, +8.081,+0.942
1657875360,+3.19,+20.661, +8.074,+0.942
1657875660,+3.19,+20.628, +8.076,+0.941
1657875960,+3.19,+20.619, +8.075,+0.941
1657876260,+3.19,+20.603, +8.088,+0.941
1657876560,+3.19,+20.586, +8.084,+0.941
1657876860,+3.19,+20.577, +8.081,+0.941
1657877160,+3.19,+20.577, +8.084,+0.941
1657877460,+3.19,+20.561, +8.086,+0.941
1657877760,+3.19,+20.552, +8.089,+0.941
1657878060,+3.19,+20.544, +8.094,+0.941
1657878360,+3.19,+20.519, +8.091,+0.941
1657878660,+3.19,+20.527, +8.094,+0.941
1657878960,+3.19,+20.519, +8.093,+0.941
1657879260,+3.19,+20.494, +8.098,+0.941
1657879560,+3.19,+20.502, +8.098,+0.941
1657879860,+3.20,+20.485, +8.091,+0.940
1657880160,+3.19,+20.469, +8.097,+0.941
1657880460,+3.20,+20.452, +8.113,+0.941
1657880760,+3.20,+20.443, +8.107,+0.941
1657881060,+3.20,+20.427, +8.109,+0.941
1657881360,+3.20,+20.418, +8.114,+0.941
1657881660,+3.20,+20.402, +8.110,+0.941
1657881960,+3.20,+20.393, +8.119,+0.941
1657882260,+3.20,+20.385, +8.122,+0.941
1657882560,+3.20,+20.368, +8.126,+0.941
1657882860,+3.20,+20.368, +8.124,+0.941
1657883160,+3.20,+20.351, +8.125,+0.941
1657883460,+3.20,+20.351, +8.129,+0.941
1657883760,+3.20,+20.335, +8.129,+0.941
1657884060,+3.20,+20.326, +8.141,+0.942
1657884360,+3.20,+20.318, +8.133,+0.941
1657884660,+3.20,+20.276, +8.136,+0.941
1657884960,+3.20,+20.284, +8.142,+0.941
1657885260,+3.20,+20.268, +8.143,+0.941
1657885560,+3.20,+20.242, +8.148,+0.941
1657885860,+3.20,+20.251, +8.150,+0.941
1657886160,+3.20,+20.234, +8.152,+0.941
1657886460,+3.20,+20.201, +8.163,+0.941
1657886760,+3.20,+20.209, +8.151,+0.941
1657887060,+3.20,+20.184, +8.159,+0.941
1657887360,+3.20,+20.192, +8.156,+0.941
1657887660,+3.20,+20.175, +8.164,+0.941
1657887960,+3.20,+20.142, +8.174,+0.941
1657888260,+3.20,+20.142, +8.173,+0.941
1657888560,+3.20,+20.117, +8.176,+0.941
1657888860,+3.20,+20.125, +8.172,+0.941
1657889160,+3.20,+20.100, +8.177,+0.941
1657889460,+3.20,+20.108, +8.181,+0.941
1657889760,+3.20,+20.067, +8.198,+0.941
1657890060,+3.20,+20.083, +8.176,+0.940
1657890360,+3.19,+20.083, +8.187,+0.941
1657890660,+3.19,+20.058, +8.193,+0.941
1657890960,+3.19,+20.041, +8.199,+0.941
1657891260,+3.19,+20.025, +8.215,+0.941
1657891560,+3.19,+20.008, +8.216,+0.941
1657891860,+3.19,+20.008, +8.218,+0.941
1657892160,+3.19,+20.000, +8.228,+0.941
1657892460,+3.19,+19.991, +8.241,+0.941
1657892760,+3.19,+19.974, +8.243,+0.941
1657893060,+3.19,+19.941, +8.252,+0.941
1657893360,+3.19,+19.941, +8.267,+0.941
1657893660,+3.19,+19.924, +8.271,+0.941
1657893960,+3.19,+19.924, +8.276,+0.941
1657894260,+3.19,+19.916, +8.289,+0.941
1657894560,+3.19,+19.907, +8.311,+0.942
1657894860,+3.19,+19.899, +8.309,+0.940
1657895160,+3.19,+19.899, +8.315,+0.941
1657895460,+3.19,+19.891, +8.333,+0.941
1657895760,+3.19,+19.882, +8.345,+0.941
1657896060,+3.19,+19.874, +8.366,+0.941
1657896360,+3.19,+19.865, +8.372,+0.941
1657896660,+3.19,+19.857, +8.376,+0.940
1657896960,+3.19,+19.865, +8.401,+0.941
1657897260,+3.19,+19.865, +8.414,+0.941
1657897560,+3.19,+19.882, +8.415,+0.941
1657897860,+3.19,+19.840, +8.443,+0.941
1657898160,+3.19,+19.865, +8.450,+0.941
1657898460,+3.19,+19.882, +8.466,+0.941
1657898760,+3.19,+19.865, +8.492,+0.941
1657899060,+3.19,+19.899, +8.509,+0.942
1657899360,+3.19,+19.874, +8.519,+0.941
1657899660,+3.19,+19.874, +8.519,+0.941
1657899960,+3.19,+19.874, +8.531,+0.941
1657900260,+3.19,+19.891, +8.539,+0.941
1657900560,+3.19,+19.874, +8.553,+0.941
1657900860,+3.19,+19.891, +8.568,+0.941
1657901160,+3.19,+19.899, +8.584,+0.941
1657901460,+3.19,+19.907, +8.584,+0.941
1657901760,+3.19,+19.941, +8.594,+0.941
1657902060,+3.19,+19.941, +8.604,+0.941
1657902360,+3.19,+19.974, +8.611,+0.941
1657902660,+3.19,+19.974, +8.617,+0.941
1657902960,+3.19,+19.958, +8.638,+0.941
1657903260,+3.19,+20.000, +8.635,+0.941
1657903560,+3.19,+20.000, +8.648,+0.941
1657903860,+3.19,+20.041, +8.645,+0.941
1657904160,+3.19,+20.025, +8.668,+0.941
1657904460,+3.20,+20.050, +8.670,+0.941
1657904760,+3.19,+20.058, +8.680,+0.941
1657905060,+3.20,+20.083, +8.687,+0.941
1657905360,+3.20,+20.117, +8.690,+0.941
1657905660,+3.20,+20.142, +8.693,+0.941
1657905960,+3.20,+20.167, +8.698,+0.941
1657906260,+3.20,+20.192, +8.711,+0.941
1657906560,+3.20,+20.217, +8.719,+0.941
1657906860,+3.20,+20.251, +8.730,+0.941
1657907160,+3.20,+20.268, +8.747,+0.941
1657907460,+3.20,+20.293, +8.755,+0.941
1657907760,+3.20,+20.335, +8.752,+0.941
1657908060,+3.20,+20.385, +8.757,+0.941
1657908360,+3.20,+20.418, +8.760,+0.941
1657908660,+3.20,+20.452, +8.764,+0.941
1657908960,+3.19,+20.502, +8.766,+0.941
1657909260,+3.19,+20.519, +8.781,+0.941
1657909560,+3.19,+20.552, +8.784,+0.941
1657909860,+3.19,+20.611, +8.777,+0.941
1657910160,+3.19,+20.653, +8.781,+0.941
1657910460,+3.19,+20.695, +8.785,+0.941
1657910760,+3.19,+20.745, +8.790,+0.941
1657911060,+3.19,+20.778, +8.794,+0.941
1657911360,+3.19,+20.803, +8.807,+0.942
1657911660,+3.19,+20.870, +8.795,+0.941
1657911960,+3.19,+20.929, +8.796,+0.942
1657912260,+3.19,+20.954, +8.793,+0.941
1657912560,+3.19,+21.004, +8.798,+0.941
1657912860,+3.19,+21.055, +8.794,+0.941
1657913160,+3.19,+21.096, +8.787,+0.941
1657913460,+3.19,+21.130, +8.804,+0.941
1657913760,+3.20,+21.172, +8.789,+0.941
1657914060,+3.20,+21.222, +8.791,+0.941
1657914360,+3.20,+21.272, +8.799,+0.942
1657914660,+3.20,+21.281, +8.809,+0.942
1657914960,+3.19,+21.331, +8.797,+0.941
1657915260,+3.19,+21.373, +8.794,+0.941
1657915560,+3.20,+21.423, +8.785,+0.941
1657915860,+3.19,+21.481, +8.792,+0.942
1657916160,+3.19,+21.481, +8.795,+0.942
1657916460,+3.19,+21.523, +8.797,+0.942
1657916760,+3.19,+21.557, +8.797,+0.942
1657917060,+3.19,+21.599, +8.793,+0.942
1657917360,+3.19,+21.624, +8.796,+0.942
1657917660,+3.19,+21.666, +8.792,+0.942
1657917960,+3.19,+21.716, +8.779,+0.941
1657918260,+3.19,+21.732, +8.788,+0.942
1657918560,+3.19,+21.783, +8.789,+0.942
1657918860,+3.19,+21.825, +8.781,+0.942
1657919160,+3.19,+21.858, +8.792,+0.942
1657919460,+3.19,+21.900, +8.768,+0.942
1657919760,+3.19,+21.917, +8.784,+0.942
1657920060,+3.19,+21.958, +8.782,+0.942
1657920360,+3.19,+21.975, +8.801,+0.942
1657920660,+3.19,+22.017, +8.769,+0.942
1657920960,+3.19,+22.025, +8.781,+0.942
1657921260,+3.19,+22.059, +8.780,+0.942
1657921560,+3.19,+22.109, +8.769,+0.942
1657921860,+3.19,+22.143, +8.773,+0.942
1657922160,+3.19,+22.159, +8.776,+0.942
1657922460,+3.19,+22.201, +8.760,+0.942
1657922760,+3.19,+22.201, +8.761,+0.942
1657923060,+3.19,+22.218, +8.760,+0.942
1657923360,+3.19,+22.260, +8.756,+0.942
1657923660,+3.19,+22.285, +8.752,+0.942
1657923960,+3.19,+22.310, +8.756,+0.942
1657924260,+3.19,+22.335, +8.733,+0.942
1657924560,+3.19,+22.335, +8.751,+0.942
1657924860,+3.19,+22.377, +8.725,+0.942
1657925160,+3.19,+22.377, +8.729,+0.942
1657925460,+3.19,+22.410, +8.731,+0.943
1657925760,+3.19,+22.427, +8.737,+0.943
1657926060,+3.19,+22.444, +8.742,+0.943
1657926360,+3.19,+22.477, +8.714,+0.942
1657926660,+3.19,+22.486, +8.722,+0.942
1657926960,+3.19,+22.486, +8.723,+0.943
1657927260,+3.19,+22.503, +8.694,+0.942
1657927560,+3.19,+22.528, +8.698,+0.942
1657927860,+3.19,+22.503, +8.710,+0.942
1657928160,+3.19,+22.519, +8.695,+0.942
1657928460,+3.19,+22.519, +8.697,+0.942
1657928760,+3.19,+22.544, +8.664,+0.942
1657929060,+3.19,+22.536, +8.687,+0.943
1657929360,+3.19,+22.536, +8.663,+0.942
1657929660,+3.19,+22.544, +8.667,+0.942
1657929960,+3.19,+22.536, +8.658,+0.942
1657930260,+3.19,+22.511, +8.661,+0.942
1657930560,+3.19,+22.519, +8.642,+0.942
1657930860,+3.19,+22.511, +8.635,+0.942
1657931160,+3.19,+22.528, +8.634,+0.942
1657931460,+3.19,+22.503, +8.624,+0.942
1657931760,+3.19,+22.503, +8.624,+0.942
1657932060,+3.19,+22.469, +8.623,+0.942
1657932360,+3.19,+22.469, +8.612,+0.942
1657932660,+3.19,+22.461, +8.603,+0.942
1657932960,+3.19,+22.461, +8.590,+0.942
1657933260,+3.19,+22.436, +8.588,+0.942
1657933560,+3.19,+22.410, +8.582,+0.943
1657933860,+3.19,+22.394, +8.569,+0.942
1657934160,+3.19,+22.385, +8.564,+0.943
1657934460,+3.19,+22.360, +8.574,+0.943
1657934760,+3.19,+22.352, +8.535,+0.942
1657935060,+3.19,+22.318, +8.545,+0.942
1657935360,+3.19,+22.310, +8.525,+0.942
1657935660,+3.19,+22.268, +8.507,+0.942
1657935960,+3.19,+22.268, +8.498,+0.942
1657936260,+3.19,+22.243, +8.482,+0.942
1657936560,+3.19,+22.210, +8.475,+0.942
1657936860,+3.19,+22.176, +8.462,+0.943
1657937160,+3.19,+22.143, +8.447,+0.942
1657937460,+3.19,+22.109, +8.381,+0.942
1657937760,+3.19,+22.050, +8.347,+0.941
1657938060,+3.19,+22.017, +8.350,+0.942
1657938360,+3.19,+22.000, +8.321,+0.942
1657938660,+3.19,+21.958, +8.311,+0.942
1657938960,+3.19,+21.933, +8.289,+0.941
