7450-663402
OS REV: 1.04 Sensor Cal: 1570117751
Time (sec),  BV (Volts),  T (deg C),  DO (mg/l),  Q ()
1661968860,+3.12,+22.879, +7.156,+1.060
1661969160,+3.12,+22.938, +7.143,+1.060
1661969460,+3.12,+22.963, +7.234,+1.060
1661969760,+3.12,+22.997, +7.303,+1.060
1661970060,+3.12,+23.047, +7.291,+1.061
1661970360,+3.12,+23.089, +7.405,+1.060
1661970660,+3.12,+23.139, +7.561,+1.061
1661970960,+3.12,+23.197, +7.582,+1.061
1661971260,+3.12,+23.223, +7.710,+1.060
1661971560,+3.12,+23.290, +7.920,+1.061
1661971860,+3.13,+23.348, +8.054,+1.061
1661972160,+3.13,+23.398, +8.103,+1.061
1661972460,+3.13,+23.440, +8.112,+1.061
1661972760,+3.12,+23.490, +8.277,+1.061
1661973060,+3.12,+23.524, +8.318,+1.062
1661973360,+3.12,+23.566, +8.342,+1.061
1661973660,+3.12,+23.633, +8.487,+1.062
1661973960,+3.12,+23.675, +8.591,+1.061
1661974260,+3.12,+23.700, +8.681,+1.062
1661974560,+3.12,+23.733, +8.750,+1.062
1661974860,+3.12,+23.784, +8.879,+1.061
1661975160,+3.12,+23.826, +9.050,+1.062
1661975460,+3.12,+23.859, +9.091,+1.062
1661975760,+3.12,+23.901, +9.228,+1.062
1661976060,+3.12,+23.943, +9.313,+1.062
1661976360,+3.12,+23.951, +9.303,+1.062
1661976660,+3.12,+23.951, +9.368,+1.062
1661976960,+3.12,+23.951, +9.412,+1.063
1661977260,+3.12,+24.002, +9.468,+1.063
1661977560,+3.12,+24.027, +9.467,+1.063
1661977860,+3.12,+24.069, +9.584,+1.062
1661978160,+3.12,+24.044, +9.567,+1.062
1661978460,+3.12,+24.035, +9.538,+1.063
1661978760,+3.12,+24.069, +9.526,+1.062
1661979060,+3.12,+24.086, +9.583,+1.063
1661979360,+3.12,+24.102, +9.633,+1.063
1661979660,+3.12,+24.119, +9.642,+1.062
1661979960,+3.12,+24.144, +9.681,+1.063
1661980260,+3.12,+24.178, +9.697,+1.063
1661980560,+3.12,+24.161, +9.696,+1.062
1661980860,+3.12,+24.153, +9.714,+1.063
1661981160,+3.12,+24.195, +9.720,+1.063
1661981460,+3.12,+24.186, +9.734,+1.062
1661981760,+3.12,+24.237, +9.762,+1.063
1661982060,+3.12,+24.279, +9.812,+1.063
1661982360,+3.12,+24.388, +9.948,+1.063
1661982660,+3.12,+24.505, +9.950,+1.063
1661982960,+3.12,+24.572,+10.262,+1.064
1661983260,+3.12,+24.589,+10.257,+1.063
1661983560,+3.12,+24.656,+10.509,+1.064
1661983860,+3.12,+24.673,+10.638,+1.064
1661984160,+3.12,+24.698,+10.688,+1.063
1661984460,+3.12,+24.707,+10.689,+1.064
1661984760,+3.12,+24.715,+10.723,+1.064
1661985060,+3.12,+24.690,+10.663,+1.063
1661985360,+3.12,+24.648,+10.534,+1.064
1661985660,+3.12,+24.631,+10.519,+1.064
1661985960,+3.12,+24.648,+10.484,+1.063
1661986260,+3.12,+24.648,+10.223,+1.064
1661986560,+3.12,+24.623,+10.419,+1.064
1661986860,+3.12,+24.640,+10.390,+1.063
1661987160,+3.12,+24.598,+10.415,+1.064
1661987460,+3.12,+24.606,+10.428,+1.064
1661987760,+3.12,+24.606,+10.372,+1.063
1661988060,+3.12,+24.614,+10.363,+1.064
1661988360,+3.12,+24.631,+10.362,+1.063
1661988660,+3.12,+24.640,+10.407,+1.063
1661988960,+3.12,+24.640,+10.411,+1.064
1661989260,+3.12,+24.623,+10.375,+1.064
1661989560,+3.12,+24.606,+10.305,+1.063
1661989860,+3.12,+24.614,+10.208,+1.063
1661990160,+3.12,+24.606,+10.216,+1.063
1661990460,+3.12,+24.606,+10.192,+1.063
1661990760,+3.12,+24.572,+10.143,+1.063
1661991060,+3.12,+24.589,+10.089,+1.064
1661991360,+3.12,+24.564,+10.010,+1.063
1661991660,+3.12,+24.589, +9.934,+1.063
1661991960,+3.12,+24.581, +9.863,+1.063
1661992260,+3.12,+24.572, +9.814,+1.062
1661992560,+3.12,+24.581, +9.769,+1.063
1661992860,+3.12,+24.581, +9.708,+1.063
1661993160,+3.12,+24.589, +9.657,+1.063
1661993460,+3.12,+24.589, +9.589,+1.063
1661993760,+3.12,+24.581, +9.567,+1.063
1661994060,+3.12,+24.589, +9.531,+1.063
1661994360,+3.12,+24.606, +9.525,+1.063
1661994660,+3.12,+24.606, +9.476,+1.062
1661994960,+3.12,+24.623, +9.469,+1.063
1661995260,+3.12,+24.631, +9.410,+1.063
1661995560,+3.12,+24.631, +9.267,+1.063
1661995860,+3.12,+24.640, +9.364,+1.063
1661996160,+3.12,+24.656, +9.307,+1.063
1661996460,+3.12,+24.665, +9.297,+1.062
1661996760,+3.12,+24.665, +9.310,+1.063
1661997060,+3.12,+24.673, +9.281,+1.063
1661997360,+3.12,+24.682, +9.276,+1.064
1661997660,+3.12,+24.690, +9.265,+1.063
1661997960,+3.12,+24.698, +9.236,+1.063
1661998260,+3.12,+24.707, +9.207,+1.063
1661998560,+3.12,+24.690, +9.199,+1.063
1661998860,+3.12,+24.707, +9.154,+1.063
1661999160,+3.12,+24.707, +9.129,+1.062
1661999460,+3.12,+24.715, +9.123,+1.063
1661999760,+3.12,+24.698, +9.096,+1.063
1662000060,+3.12,+24.698, +9.046,+1.062
1662000360,+3.12,+24.707, +9.011,+1.062
1662000660,+3.12,+24.682, +8.994,+1.063
1662000960,+3.12,+24.656, +8.979,+1.062
1662001260,+3.12,+24.673, +8.953,+1.063
1662001560,+3.12,+24.665, +8.954,+1.063
1662001860,+3.12,+24.640, +8.945,+1.062
1662002160,+3.12,+24.631, +8.930,+1.062
1662002460,+3.12,+24.631, +8.957,+1.064
1662002760,+3.12,+24.614, +8.921,+1.063
1662003060,+3.12,+24.606, +8.893,+1.062
1662003360,+3.12,+24.589, +8.884,+1.063
1662003660,+3.12,+24.564, +8.864,+1.062
1662003960,+3.12,+24.539, +8.878,+1.062
1662004260,+3.12,+24.480, +8.008,+1.061
1662004560,+3.12,+24.480, +8.824,+1.062
1662004860,+3.12,+24.430, +8.827,+1.063
1662005160,+3.12,+24.404, +8.748,+1.062
1662005460,+3.12,+24.379, +8.683,+1.062
1662005760,+3.12,+24.354, +8.613,+1.062
1662006060,+3.12,+24.312, +8.571,+1.062
1662006360,+3.12,+24.279, +8.521,+1.062
1662006660,+3.12,+24.253, +8.452,+1.062
1662006960,+3.12,+24.211, +8.344,+1.061
1662007260,+3.12,+24.211, +8.270,+1.062
1662007560,+3.12,+24.144, +7.988,+1.061
1662007860,+3.12,+24.111, +7.769,+1.061
1662008160,+3.12,+24.077, +7.757,+1.061
1662008460,+3.12,+24.060, +7.713,+1.061
1662008760,+3.12,+24.018, +7.710,+1.061
1662009060,+3.12,+23.968, +7.852,+1.062
1662009360,+3.12,+23.943, +7.776,+1.061
1662009660,+3.12,+23.918, +7.682,+1.061
1662009960,+3.12,+23.868, +7.629,+1.061
1662010260,+3.12,+23.834, +7.588,+1.061
1662010560,+3.12,+23.809, +7.521,+1.061
1662010860,+3.12,+23.800, +7.473,+1.061
1662011160,+3.12,+23.767, +7.419,+1.060
1662011460,+3.12,+23.750, +7.362,+1.060
1662011760,+3.12,+23.733, +7.304,+1.061
1662012060,+3.12,+23.692, +7.258,+1.061
1662012360,+3.12,+23.683, +7.247,+1.061
1662012660,+3.12,+23.633, +7.216,+1.061
1662012960,+3.12,+23.608, +7.188,+1.061
1662013260,+3.12,+23.599, +7.168,+1.060
1662013560,+3.12,+23.574, +7.135,+1.060
1662013860,+3.12,+23.541, +7.103,+1.061
1662014160,+3.12,+23.541, +7.089,+1.060
1662014460,+3.12,+23.499, +7.074,+1.060
1662014760,+3.12,+23.474, +7.013,+1.060
1662015060,+3.12,+23.457, +6.988,+1.060
1662015360,+3.13,+23.432, +6.963,+1.060
1662015660,+3.12,+23.407, +6.922,+1.061
1662015960,+3.12,+23.382, +6.896,+1.060
1662016260,+3.12,+23.348, +6.881,+1.060
1662016560,+3.13,+23.340, +6.857,+1.061
1662016860,+3.12,+23.290, +6.830,+1.060
1662017160,+3.12,+23.281, +6.797,+1.060
1662017460,+3.12,+23.264, +6.770,+1.060
1662017760,+3.12,+23.239, +6.728,+1.060
1662018060,+3.12,+23.197, +6.696,+1.060
1662018360,+3.12,+23.189, +6.681,+1.060
1662018660,+3.12,+23.172, +6.650,+1.060
1662018960,+3.12,+23.172, +6.641,+1.060
1662019260,+3.12,+23.130, +6.608,+1.060
1662019560,+3.12,+23.089, +6.588,+1.060
1662019860,+3.12,+23.072, +6.552,+1.060
1662020160,+3.12,+23.030, +6.496,+1.060
1662020460,+3.12,+23.022, +6.466,+1.060
1662020760,+3.12,+22.997, +6.474,+1.060
1662021060,+3.12,+23.005, +6.466,+1.060
1662021360,+3.12,+22.988, +6.356,+1.060
1662021660,+3.12,+22.963, +6.388,+1.060
1662021960,+3.12,+22.938, +6.395,+1.060
1662022260,+3.12,+22.896, +6.349,+1.060
1662022560,+3.12,+22.879, +6.335,+1.060
1662022860,+3.12,+22.879, +6.308,+1.060
1662023160,+3.12,+22.854, +6.276,+1.060
1662023460,+3.12,+22.829, +6.256,+1.060
1662023760,+3.12,+22.813, +6.211,+1.059
1662024060,+3.12,+22.787, +6.193,+1.060
1662024360,+3.12,+22.779, +6.189,+1.060
1662024660,+3.12,+22.762, +6.166,+1.059
1662024960,+3.12,+22.771, +6.139,+1.059
1662025260,+3.12,+22.746, +6.122,+1.059
1662025560,+3.12,+22.754, +6.099,+1.060
1662025860,+3.12,+22.746, +6.078,+1.059
1662026160,+3.12,+22.729, +6.085,+1.059
1662026460,+3.12,+22.720, +6.049,+1.059
1662026760,+3.12,+22.704, +6.024,+1.059
1662027060,+3.12,+22.687, +6.035,+1.060
1662027360,+3.12,+22.687, +6.045,+1.060
1662027660,+3.12,+22.662, +5.797,+1.059
1662027960,+3.12,+22.645, +5.962,+1.060
1662028260,+3.12,+22.637, +5.981,+1.059
1662028560,+3.12,+22.637, +5.942,+1.060
1662028860,+3.12,+22.645, +5.963,+1.059
1662029160,+3.12,+22.645, +5.956,+1.059
1662029460,+3.12,+22.612, +5.947,+1.060
1662029760,+3.12,+22.612, +5.911,+1.059
1662030060,+3.12,+22.595, +5.930,+1.060
1662030360,+3.13,+22.553, +5.924,+1.059
1662030660,+3.12,+22.562, +5.895,+1.060
1662030960,+3.12,+22.562, +5.857,+1.060
1662031260,+3.12,+22.545, +4.383,+1.056
1662031560,+3.12,+22.528, +5.245,+1.059
1662031860,+3.13,+22.537, +5.669,+1.060
1662032160,+3.13,+22.511, +5.769,+1.059
1662032460,+3.13,+22.511, +5.799,+1.060
1662032760,+3.13,+22.495, +5.785,+1.059
1662033060,+3.13,+22.478, +5.800,+1.059
1662033360,+3.13,+22.478, +5.789,+1.060
1662033660,+3.13,+22.453, +5.768,+1.060
1662033960,+3.13,+22.428, +5.766,+1.060
1662034260,+3.13,+22.419, +5.782,+1.060
1662034560,+3.13,+22.411, +5.795,+1.060
1662034860,+3.13,+22.386, +5.789,+1.060
1662035160,+3.13,+22.361, +4.494,+1.050
1662035460,+3.13,+22.353, +5.453,+1.060
1662035760,+3.13,+22.327, +5.718,+1.059
1662036060,+3.13,+22.336, +5.734,+1.060
1662036360,+3.13,+22.327, +5.725,+1.059
1662036660,+3.13,+22.344, +5.722,+1.059
1662036960,+3.13,+22.311, +5.707,+1.059
1662037260,+3.13,+22.336, +5.678,+1.060
1662037560,+3.13,+22.327, +5.672,+1.060
1662037860,+3.13,+22.327, +5.685,+1.060
1662038160,+3.13,+22.327, +5.690,+1.060
1662038460,+3.13,+22.311, +5.691,+1.060
1662038760,+3.13,+22.302, +5.676,+1.059
1662039060,+3.13,+22.302, +5.651,+1.059
1662039360,+3.13,+22.286, +5.639,+1.060
1662039660,+3.13,+22.269, +5.639,+1.059
1662039960,+3.13,+22.261, +5.625,+1.060
1662040260,+3.13,+22.244, +5.604,+1.059
1662040560,+3.13,+22.227, +5.603,+1.060
1662040860,+3.12,+22.202, +5.588,+1.060
1662041160,+3.12,+22.169, +5.606,+1.059
1662041460,+3.12,+22.169, +5.608,+1.059
1662041760,+3.12,+22.177, +5.588,+1.059
1662042060,+3.12,+22.160, +5.585,+1.059
1662042360,+3.12,+22.177, +5.602,+1.060
1662042660,+3.12,+22.152, +5.583,+1.060
1662042960,+3.12,+22.152, +5.604,+1.059
1662043260,+3.12,+22.135, +5.615,+1.060
1662043560,+3.12,+22.118, +5.632,+1.057
1662043860,+3.12,+22.127, +5.645,+1.057
1662044160,+3.12,+22.135, +5.662,+1.057
1662044460,+3.12,+22.135, +5.681,+1.058
1662044760,+3.12,+22.118, +5.731,+1.057
1662045060,+3.12,+22.093, +5.755,+1.057
1662045360,+3.12,+22.077, +5.779,+1.057
1662045660,+3.12,+22.093, +5.809,+1.057
1662045960,+3.12,+22.085, +5.827,+1.057
1662046260,+3.12,+22.085, +5.840,+1.057
1662046560,+3.12,+22.052, +5.896,+1.058
1662046860,+3.12,+22.068, +5.936,+1.057
1662047160,+3.12,+22.077, +6.081,+1.057
1662047460,+3.12,+22.077, +6.131,+1.058
1662047760,+3.12,+22.110, +6.371,+1.058
1662048060,+3.12,+22.152, +6.406,+1.058
1662048360,+3.12,+22.177, +6.650,+1.058
1662048660,+3.13,+22.219, +6.629,+1.058
1662048960,+3.13,+22.244, +6.571,+1.057
1662049260,+3.13,+22.269, +6.648,+1.058
1662049560,+3.13,+22.302, +6.736,+1.058
1662049860,+3.13,+22.336, +6.767,+1.058
1662050160,+3.13,+22.353, +6.765,+1.058
1662050460,+3.13,+22.378, +6.812,+1.058
1662050760,+3.13,+22.369, +6.762,+1.058
1662051060,+3.13,+22.411, +6.839,+1.058
1662051360,+3.13,+22.445, +6.894,+1.058
1662051660,+3.13,+22.470, +6.993,+1.058
1662051960,+3.12,+22.511, +7.017,+1.058
1662052260,+3.12,+22.570, +7.094,+1.058
1662052560,+3.12,+22.595, +7.152,+1.058
1662052860,+3.12,+22.595, +7.252,+1.058
1662053160,+3.12,+22.662, +7.336,+1.058
1662053460,+3.12,+22.695, +7.508,+1.058
1662053760,+3.12,+22.746, +7.592,+1.058
1662054060,+3.12,+22.771, +7.599,+1.058
1662054360,+3.12,+22.787, +7.647,+1.059
1662054660,+3.12,+22.821, +7.707,+1.058
1662054960,+3.12,+22.846, +7.727,+1.058
1662055260,+3.12,+22.896, +7.805,+1.058
