7450-663402
OS REV: 1.04 Sensor Cal: 1570117751
Time (sec),  BV (Volts),  T (deg C),  DO (mg/l),  Q ()
1661275260,+3.12,+27.938, +7.805,+0.985
1661275560,+3.12,+29.823, +7.730,+0.987
1661275860,+3.12,+32.272, +7.457,+0.986
1661276160,+3.11,+34.264, +7.295,+0.984
1661276460,+3.11,+36.050, +7.053,+0.979
1661276760,+3.11,+36.446, +7.126,+0.979
1661277060,+3.11,+36.428, +7.224,+0.978
1661277360,+3.11,+35.289, +6.917,+0.975
1661277660,+3.11,+33.821, +6.999,+0.977
1661277960,+3.11,+33.001, +7.174,+0.977
1661278260,+3.12,+28.211, +7.243,+1.057
1661278560,+3.12,+25.144, +7.167,+1.057
1661278860,+3.13,+24.547, +7.320,+1.057
1661279160,+3.13,+24.388, +7.458,+1.058
1661279460,+3.13,+24.354, +7.554,+1.059
1661279760,+3.13,+24.354, +7.642,+1.059
1661280060,+3.13,+24.371, +7.711,+1.059
1661280360,+3.13,+24.404, +7.822,+1.060
1661280660,+3.13,+24.438, +7.907,+1.060
1661280960,+3.13,+24.472, +7.993,+1.060
1661281260,+3.13,+24.497, +8.066,+1.059
1661281560,+3.13,+24.530, +8.146,+1.060
1661281860,+3.13,+24.547, +8.243,+1.060
1661282160,+3.13,+24.589, +8.305,+1.059
1661282460,+3.13,+24.598, +8.389,+1.059
1661282760,+3.13,+24.623, +8.494,+1.060
1661283060,+3.13,+24.665, +8.589,+1.060
1661283360,+3.13,+24.656, +8.634,+1.059
1661283660,+3.13,+24.665, +8.710,+1.059
1661283960,+3.13,+24.715, +8.793,+1.059
1661284260,+3.13,+24.740, +8.892,+1.060
1661284560,+3.13,+24.766, +8.981,+1.060
1661284860,+3.13,+24.782, +9.080,+1.060
1661285160,+3.13,+24.816, +9.169,+1.059
1661285460,+3.13,+24.824, +9.228,+1.060
1661285760,+3.13,+24.841, +9.284,+1.059
1661286060,+3.13,+24.883, +9.358,+1.060
1661286360,+3.13,+24.925, +9.430,+1.060
1661286660,+3.13,+24.967, +9.468,+1.060
1661286960,+3.12,+24.993, +9.525,+1.060
1661287260,+3.12,+25.026, +9.574,+1.059
1661287560,+3.12,+25.018, +9.622,+1.060
1661287860,+3.12,+25.060, +9.632,+1.059
1661288160,+3.12,+25.051, +9.663,+1.059
1661288460,+3.12,+25.077, +9.674,+1.060
1661288760,+3.12,+25.094, +9.674,+1.060
1661289060,+3.12,+25.094, +9.666,+1.060
1661289360,+3.12,+25.110, +9.649,+1.059
1661289660,+3.12,+25.136, +9.699,+1.060
1661289960,+3.12,+25.152, +9.704,+1.060
1661290260,+3.12,+25.144, +9.720,+1.060
1661290560,+3.12,+25.152, +9.746,+1.060
1661290860,+3.12,+25.169, +9.783,+1.060
1661291160,+3.12,+25.178, +9.813,+1.060
1661291460,+3.12,+25.203, +9.846,+1.060
1661291760,+3.12,+25.203, +9.860,+1.060
1661292060,+3.12,+25.203, +9.871,+1.061
1661292360,+3.12,+25.220, +9.876,+1.060
1661292660,+3.12,+25.220, +9.868,+1.060
1661292960,+3.12,+25.228, +9.855,+1.060
1661293260,+3.12,+25.237, +9.848,+1.060
1661293560,+3.12,+25.245, +9.851,+1.061
1661293860,+3.12,+25.262, +9.828,+1.060
1661294160,+3.12,+25.262, +9.828,+1.059
1661294460,+3.12,+25.270, +9.845,+1.060
1661294760,+3.12,+25.287, +9.842,+1.059
1661295060,+3.12,+25.279, +9.855,+1.059
1661295360,+3.12,+25.287, +9.880,+1.060
1661295660,+3.12,+25.287, +9.900,+1.060
1661295960,+3.12,+25.304, +9.903,+1.061
1661296260,+3.12,+25.304, +9.886,+1.060
1661296560,+3.12,+25.296, +9.883,+1.061
1661296860,+3.12,+25.262, +9.857,+1.060
1661297160,+3.12,+25.279, +9.841,+1.060
1661297460,+3.12,+25.262, +9.839,+1.060
1661297760,+3.12,+25.262, +9.830,+1.060
1661298060,+3.12,+25.279, +9.812,+1.060
1661298360,+3.12,+25.279, +9.796,+1.060
1661298660,+3.12,+25.270, +9.772,+1.060
1661298960,+3.12,+25.270, +9.776,+1.061
1661299260,+3.12,+25.279, +9.778,+1.060
1661299560,+3.12,+25.279, +9.761,+1.061
1661299860,+3.12,+25.262, +9.730,+1.060
1661300160,+3.12,+25.279, +9.700,+1.060
1661300460,+3.12,+25.253, +9.675,+1.060
1661300760,+3.12,+25.270, +9.659,+1.060
1661301060,+3.12,+25.253, +9.659,+1.060
1661301360,+3.12,+25.262, +9.650,+1.060
1661301660,+3.12,+25.245, +9.671,+1.061
1661301960,+3.12,+25.237, +9.652,+1.060
1661302260,+3.12,+25.253, +9.646,+1.060
1661302560,+3.12,+25.245, +9.631,+1.060
1661302860,+3.12,+25.262, +9.611,+1.060
1661303160,+3.12,+25.245, +9.565,+1.059
1661303460,+3.12,+25.237, +9.535,+1.059
1661303760,+3.12,+25.228, +9.512,+1.060
1661304060,+3.12,+25.211, +9.451,+1.060
1661304360,+3.12,+25.220, +9.437,+1.061
1661304660,+3.12,+25.237, +9.417,+1.059
1661304960,+3.12,+25.211, +9.392,+1.060
1661305260,+3.12,+25.195, +9.337,+1.060
1661305560,+3.12,+25.195, +9.301,+1.060
1661305860,+3.12,+25.178, +9.265,+1.060
1661306160,+3.12,+25.161, +9.245,+1.059
1661306460,+3.12,+25.161, +9.211,+1.060
1661306760,+3.12,+25.169, +9.180,+1.060
1661307060,+3.12,+25.152, +9.155,+1.059
1661307360,+3.12,+25.152, +9.153,+1.060
1661307660,+3.12,+25.119, +9.133,+1.059
1661307960,+3.12,+25.110, +9.127,+1.060
1661308260,+3.12,+25.110, +9.098,+1.059
1661308560,+3.12,+25.060, +9.087,+1.060
1661308860,+3.12,+25.077, +9.071,+1.060
1661309160,+3.12,+25.068, +9.043,+1.059
1661309460,+3.12,+25.060, +9.030,+1.059
1661309760,+3.12,+25.043, +9.025,+1.060
1661310060,+3.12,+25.001, +9.014,+1.059
1661310360,+3.13,+24.984, +9.022,+1.060
1661310660,+3.13,+24.951, +9.006,+1.059
1661310960,+3.13,+24.934, +8.973,+1.059
1661311260,+3.13,+24.917, +8.965,+1.060
1661311560,+3.13,+24.883, +8.967,+1.060
1661311860,+3.13,+24.824, +8.946,+1.060
1661312160,+3.13,+24.799, +8.900,+1.059
1661312460,+3.13,+24.757, +8.892,+1.059
1661312760,+3.13,+24.732, +8.835,+1.059
1661313060,+3.13,+24.707, +8.799,+1.059
1661313360,+3.13,+24.682, +8.762,+1.058
1661313660,+3.13,+24.673, +8.730,+1.059
1661313960,+3.13,+24.623, +8.691,+1.060
1661314260,+3.13,+24.581, +8.636,+1.059
1661314560,+3.13,+24.572, +8.575,+1.059
1661314860,+3.13,+24.522, +8.523,+1.058
1661315160,+3.13,+24.497, +8.471,+1.059
1661315460,+3.13,+24.455, +8.422,+1.059
1661315760,+3.13,+24.421, +8.360,+1.059
1661316060,+3.13,+24.396, +8.300,+1.058
1661316360,+3.13,+24.362, +8.258,+1.059
1661316660,+3.13,+24.346, +8.204,+1.059
1661316960,+3.12,+24.270, +8.155,+1.058
1661317260,+3.12,+24.245, +8.108,+1.058
1661317560,+3.12,+24.203, +8.043,+1.058
1661317860,+3.12,+24.203, +7.982,+1.058
1661318160,+3.13,+24.161, +7.907,+1.058
1661318460,+3.12,+24.119, +7.879,+1.058
1661318760,+3.13,+24.094, +7.834,+1.058
1661319060,+3.13,+24.069, +7.783,+1.058
1661319360,+3.13,+24.044, +7.720,+1.058
1661319660,+3.13,+24.027, +7.670,+1.057
1661319960,+3.13,+24.010, +7.618,+1.058
1661320260,+3.13,+23.968, +7.563,+1.058
1661320560,+3.13,+23.951, +7.513,+1.058
1661320860,+3.13,+23.951, +7.442,+1.057
1661321160,+3.13,+23.901, +7.412,+1.057
1661321460,+3.13,+23.876, +7.337,+1.057
1661321760,+3.13,+23.859, +7.310,+1.058
1661322060,+3.13,+23.834, +7.258,+1.057
1661322360,+3.13,+23.817, +7.224,+1.057
1661322660,+3.13,+23.784, +7.189,+1.057
1661322960,+3.13,+23.759, +7.151,+1.057
1661323260,+3.13,+23.733, +7.106,+1.057
1661323560,+3.13,+23.700, +7.071,+1.057
1661323860,+3.13,+23.675, +7.053,+1.058
1661324160,+3.13,+23.683, +7.004,+1.057
1661324460,+3.13,+23.650, +6.962,+1.057
1661324760,+3.13,+23.633, +6.939,+1.057
1661325060,+3.13,+23.608, +6.904,+1.057
1661325360,+3.13,+23.616, +6.865,+1.057
1661325660,+3.13,+23.625, +6.832,+1.057
1661325960,+3.13,+23.583, +6.809,+1.057
1661326260,+3.13,+23.566, +6.791,+1.057
1661326560,+3.13,+23.549, +6.752,+1.057
1661326860,+3.13,+23.549, +6.716,+1.057
1661327160,+3.13,+23.532, +6.701,+1.057
1661327460,+3.13,+23.524, +6.681,+1.057
1661327760,+3.13,+23.499, +6.672,+1.057
1661328060,+3.13,+23.482, +6.659,+1.057
1661328360,+3.13,+23.490, +6.627,+1.057
1661328660,+3.13,+23.465, +6.611,+1.057
1661328960,+3.13,+23.465, +6.594,+1.056
1661329260,+3.13,+23.449, +6.569,+1.057
1661329560,+3.13,+23.440, +6.553,+1.057
1661329860,+3.13,+23.440, +6.529,+1.057
1661330160,+3.13,+23.407, +6.510,+1.057
1661330460,+3.13,+23.398, +6.491,+1.057
1661330760,+3.13,+23.390, +6.482,+1.057
1661331060,+3.13,+23.398, +6.446,+1.056
1661331360,+3.13,+23.373, +6.449,+1.057
1661331660,+3.13,+23.365, +6.430,+1.057
1661331960,+3.13,+23.365, +6.411,+1.057
1661332260,+3.13,+23.340, +6.407,+1.057
1661332560,+3.13,+23.331, +6.409,+1.057
1661332860,+3.13,+23.331, +6.383,+1.056
1661333160,+3.13,+23.323, +6.364,+1.057
1661333460,+3.13,+23.306, +6.361,+1.057
1661333760,+3.13,+23.290, +6.349,+1.057
1661334060,+3.13,+23.306, +6.323,+1.056
1661334360,+3.13,+23.298, +6.306,+1.057
1661334660,+3.13,+23.281, +6.298,+1.057
1661334960,+3.13,+23.281, +6.278,+1.057
1661335260,+3.13,+23.273, +6.279,+1.057
1661335560,+3.13,+23.281, +6.261,+1.057
1661335860,+3.13,+23.264, +6.259,+1.056
1661336160,+3.13,+23.264, +6.253,+1.056
1661336460,+3.13,+23.264, +6.251,+1.056
1661336760,+3.13,+23.273, +6.230,+1.056
1661337060,+3.13,+23.231, +6.232,+1.057
1661337360,+3.13,+23.256, +6.205,+1.057
1661337660,+3.13,+23.248, +6.191,+1.057
1661337960,+3.13,+23.239, +6.193,+1.056
1661338260,+3.13,+23.239, +6.175,+1.056
1661338560,+3.13,+23.223, +6.177,+1.057
1661338860,+3.13,+23.223, +6.123,+1.057
1661339160,+3.13,+23.206, +6.126,+1.056
1661339460,+3.13,+23.214, +6.119,+1.056
1661339760,+3.13,+23.214, +6.111,+1.056
1661340060,+3.13,+23.214, +6.083,+1.056
1661340360,+3.13,+23.223, +6.079,+1.057
1661340660,+3.13,+23.223, +6.061,+1.056
1661340960,+3.13,+23.214, +6.049,+1.057
1661341260,+3.13,+23.214, +6.032,+1.057
1661341560,+3.13,+23.231, +6.012,+1.056
1661341860,+3.13,+23.206, +6.002,+1.057
1661342160,+3.13,+23.214, +5.978,+1.057
1661342460,+3.13,+23.214, +5.961,+1.057
1661342760,+3.13,+23.214, +5.935,+1.057
1661343060,+3.13,+23.206, +5.920,+1.057
1661343360,+3.13,+23.197, +5.892,+1.056
1661343660,+3.13,+23.189, +5.887,+1.057
1661343960,+3.13,+23.189, +5.885,+1.057
1661344260,+3.13,+23.172, +5.864,+1.057
1661344560,+3.13,+23.164, +5.848,+1.057
1661344860,+3.13,+23.164, +5.826,+1.057
1661345160,+3.13,+23.172, +5.795,+1.056
1661345460,+3.13,+23.164, +5.784,+1.056
1661345760,+3.13,+23.147, +5.772,+1.056
1661346060,+3.12,+23.156, +5.754,+1.056
1661346360,+3.12,+23.147, +5.762,+1.057
1661346660,+3.13,+23.139, +5.744,+1.057
1661346960,+3.13,+23.130, +5.726,+1.056
1661347260,+3.13,+23.105, +5.730,+1.056
1661347560,+3.13,+23.114, +5.713,+1.057
1661347860,+3.13,+23.097, +5.693,+1.057
1661348160,+3.13,+23.080, +5.699,+1.057
1661348460,+3.13,+23.089, +5.693,+1.057
1661348760,+3.13,+23.072, +5.711,+1.056
1661349060,+3.13,+23.064, +5.697,+1.057
1661349360,+3.13,+23.038, +5.686,+1.057
1661349660,+3.13,+23.055, +5.692,+1.057
1661349960,+3.13,+23.030, +5.677,+1.057
1661350260,+3.13,+23.047, +5.672,+1.057
1661350560,+3.13,+23.038, +5.657,+1.057
1661350860,+3.13,+23.022, +5.660,+1.057
1661351160,+3.13,+22.997, +5.665,+1.057
1661351460,+3.13,+22.971, +5.661,+1.057
1661351760,+3.13,+22.938, +5.665,+1.057
1661352060,+3.13,+22.930, +5.644,+1.057
1661352360,+3.13,+22.913, +5.639,+1.057
1661352660,+3.13,+22.896, +5.637,+1.056
1661352960,+3.13,+22.871, +5.640,+1.056
1661353260,+3.13,+22.854, +5.650,+1.056
1661353560,+3.13,+22.846, +5.659,+1.057
1661353860,+3.13,+22.829, +5.668,+1.057
1661354160,+3.13,+22.821, +5.678,+1.057
1661354460,+3.13,+22.829, +5.699,+1.057
1661354760,+3.13,+22.829, +5.721,+1.056
1661355060,+3.13,+22.838, +5.731,+1.057
1661355360,+3.13,+22.854, +5.766,+1.057
1661355660,+3.13,+22.854, +5.813,+1.057
1661355960,+3.13,+22.879, +5.885,+1.057
1661356260,+3.13,+22.888, +5.936,+1.057
1661356560,+3.13,+22.921, +5.981,+1.057
1661356860,+3.13,+22.963, +6.066,+1.057
1661357160,+3.13,+23.005, +6.132,+1.057
1661357460,+3.13,+23.030, +6.169,+1.056
1661357760,+3.13,+23.055, +6.253,+1.057
1661358060,+3.13,+23.089, +6.320,+1.057
1661358360,+3.13,+23.122, +6.366,+1.057
1661358660,+3.13,+23.156, +6.411,+1.057
1661358960,+3.13,+23.181, +6.462,+1.057
1661359260,+3.13,+23.231, +6.506,+1.057
1661359560,+3.13,+23.248, +6.558,+1.057
1661359860,+3.13,+23.298, +6.608,+1.057
1661360160,+3.13,+23.315, +6.680,+1.057
1661360460,+3.13,+23.356, +6.729,+1.057
1661360760,+3.13,+23.382, +6.773,+1.057
1661361060,+3.13,+23.398, +6.829,+1.058
1661361360,+3.13,+23.440, +6.837,+1.057
1661361660,+3.13,+23.482, +6.881,+1.057
