7450-521120
OS REV: 1.04 Sensor Cal: 1570120153
Time (sec),  BV (Volts),  T (deg C),  DO (mg/l),  Q ()
1658286060,+3.18,+22.000, +8.238,+0.941
1658286360,+3.18,+21.975, +8.216,+0.941
1658286660,+3.18,+21.967, +8.186,+0.941
1658286960,+3.18,+21.933, +8.179,+0.942
1658287260,+3.18,+21.917, +8.149,+0.941
1658287560,+3.18,+21.900, +8.120,+0.941
1658287860,+3.18,+21.850, +8.107,+0.941
1658288160,+3.18,+21.833, +8.091,+0.942
1658288460,+3.18,+21.816, +8.060,+0.941
1658288760,+3.19,+21.791, +8.031,+0.941
1658289060,+3.19,+21.758, +8.031,+0.941
1658289360,+3.19,+21.774, +8.010,+0.941
1658289660,+3.19,+21.732, +8.003,+0.941
1658289960,+3.19,+21.741, +7.981,+0.941
1658290260,+3.19,+21.682, +7.989,+0.941
1658290560,+3.19,+21.674, +7.963,+0.941
1658290860,+3.19,+21.657, +7.954,+0.941
1658291160,+3.19,+21.615, +7.953,+0.941
1658291460,+3.19,+21.599, +7.944,+0.941
1658291760,+3.19,+21.573, +7.935,+0.941
1658292060,+3.19,+21.573, +7.939,+0.941
1658292360,+3.19,+21.540, +7.921,+0.941
1658292660,+3.19,+21.532, +7.916,+0.941
1658292960,+3.19,+21.490, +7.907,+0.941
1658293260,+3.19,+21.448, +7.913,+0.941
1658293560,+3.19,+21.465, +7.913,+0.941
1658293860,+3.19,+21.406, +7.921,+0.941
1658294160,+3.19,+21.398, +7.909,+0.941
1658294460,+3.19,+21.373, +7.897,+0.940
1658294760,+3.19,+21.339, +7.904,+0.941
1658295060,+3.19,+21.322, +7.901,+0.941
1658295360,+3.19,+21.297, +7.901,+0.941
1658295660,+3.19,+21.264, +7.896,+0.941
1658295960,+3.19,+21.222, +7.892,+0.940
1658296260,+3.19,+21.205, +7.908,+0.941
1658296560,+3.19,+21.180, +7.906,+0.941
1658296860,+3.19,+21.155, +7.899,+0.939
1658297160,+3.19,+21.130, +7.911,+0.941
1658297460,+3.19,+21.130, +7.906,+0.941
1658297760,+3.19,+21.071, +7.915,+0.941
1658298060,+3.18,+21.055, +7.924,+0.941
1658298360,+3.18,+21.038, +7.912,+0.941
1658298660,+3.18,+21.029, +7.911,+0.941
1658298960,+3.18,+20.979, +7.918,+0.941
1658299260,+3.18,+20.954, +7.922,+0.941
1658299560,+3.18,+20.954, +7.913,+0.941
1658299860,+3.18,+20.921, +7.920,+0.941
1658300160,+3.18,+20.896, +7.929,+0.941
1658300460,+3.18,+20.862, +7.937,+0.941
1658300760,+3.19,+20.845, +7.927,+0.940
1658301060,+3.19,+20.845, +7.919,+0.940
1658301360,+3.19,+20.803, +7.937,+0.941
1658301660,+3.19,+20.803, +7.924,+0.941
1658301960,+3.19,+20.787, +7.936,+0.941
1658302260,+3.19,+20.770, +7.936,+0.941
1658302560,+3.19,+20.745, +7.930,+0.941
1658302860,+3.19,+20.728, +7.923,+0.940
1658303160,+3.19,+20.703, +7.933,+0.941
1658303460,+3.19,+20.711, +7.941,+0.941
1658303760,+3.19,+20.695, +7.945,+0.941
1658304060,+3.19,+20.661, +7.946,+0.940
1658304360,+3.19,+20.653, +7.888,+0.941
1658304660,+3.19,+20.628, +7.930,+0.940
1658304960,+3.19,+20.636, +7.940,+0.940
1658305260,+3.19,+20.619, +7.947,+0.941
1658305560,+3.19,+20.611, +7.944,+0.941
1658305860,+3.19,+20.611, +7.944,+0.941
1658306160,+3.19,+20.594, +7.935,+0.940
1658306460,+3.19,+20.603, +7.936,+0.940
1658306760,+3.19,+20.552, +7.951,+0.941
1658307060,+3.19,+20.536, +7.957,+0.940
1658307360,+3.19,+20.552, +7.960,+0.940
1658307660,+3.19,+20.519, +7.955,+0.940
1658307960,+3.19,+20.510, +7.940,+0.940
1658308260,+3.19,+20.510, +7.949,+0.940
1658308560,+3.19,+20.494, +7.958,+0.940
1658308860,+3.19,+20.469, +7.970,+0.940
1658309160,+3.19,+20.469, +7.968,+0.941
1658309460,+3.19,+20.469, +7.983,+0.941
1658309760,+3.19,+20.443, +7.977,+0.941
1658310060,+3.19,+20.443, +7.977,+0.941
1658310360,+3.19,+20.452, +7.965,+0.941
1658310660,+3.19,+20.435, +7.970,+0.940
1658310960,+3.19,+20.435, +7.974,+0.940
1658311260,+3.19,+20.402, +7.985,+0.940
1658311560,+3.19,+20.410, +7.977,+0.940
1658311860,+3.19,+20.393, +7.979,+0.940
1658312160,+3.19,+20.402, +7.964,+0.940
1658312460,+3.19,+20.368, +7.984,+0.940
1658312760,+3.19,+20.351, +7.977,+0.940
1658313060,+3.19,+20.368, +7.985,+0.940
1658313360,+3.19,+20.351, +7.982,+0.940
1658313660,+3.19,+20.351, +7.987,+0.941
1658313960,+3.19,+20.343, +7.979,+0.940
1658314260,+3.19,+20.326, +7.990,+0.941
1658314560,+3.19,+20.326, +7.987,+0.940
1658314860,+3.19,+20.318, +7.977,+0.940
1658315160,+3.19,+20.301, +7.995,+0.940
1658315460,+3.19,+20.301, +7.958,+0.940
1658315760,+3.19,+20.284, +7.990,+0.940
1658316060,+3.19,+20.251, +7.987,+0.940
1658316360,+3.19,+20.251, +7.995,+0.940
1658316660,+3.19,+20.259, +7.973,+0.940
1658316960,+3.19,+20.259, +7.991,+0.940
1658317260,+3.19,+20.251, +7.993,+0.941
1658317560,+3.19,+20.234, +7.995,+0.940
1658317860,+3.19,+20.217, +7.994,+0.940
1658318160,+3.19,+20.209, +8.001,+0.940
1658318460,+3.19,+20.201, +8.011,+0.940
1658318760,+3.19,+20.192, +8.000,+0.940
1658319060,+3.19,+20.184, +8.007,+0.941
1658319360,+3.19,+20.192, +8.002,+0.940
1658319660,+3.19,+20.150, +8.009,+0.940
1658319960,+3.19,+20.159, +8.013,+0.940
1658320260,+3.19,+20.142, +8.025,+0.941
1658320560,+3.19,+20.142, +8.012,+0.940
1658320860,+3.19,+20.108, +8.017,+0.940
1658321160,+3.19,+20.117, +8.021,+0.940
1658321460,+3.19,+20.100, +8.036,+0.940
1658321760,+3.19,+20.067, +8.043,+0.940
1658322060,+3.19,+20.058, +8.057,+0.940
1658322360,+3.19,+20.067, +8.062,+0.940
1658322660,+3.19,+20.041, +8.083,+0.940
1658322960,+3.19,+20.016, +8.093,+0.940
1658323260,+3.19,+20.016, +8.114,+0.940
1658323560,+3.19,+20.016, +8.118,+0.940
1658323860,+3.19,+19.983, +8.142,+0.940
1658324160,+3.19,+19.966, +8.165,+0.940
1658324460,+3.19,+19.958, +8.171,+0.940
1658324760,+3.19,+19.958, +8.183,+0.940
1658325060,+3.19,+19.941, +8.190,+0.940
1658325360,+3.19,+19.916, +8.206,+0.940
1658325660,+3.19,+19.891, +8.226,+0.940
1658325960,+3.19,+19.874, +8.240,+0.940
1658326260,+3.19,+19.882, +8.245,+0.940
1658326560,+3.19,+19.849, +8.268,+0.941
1658326860,+3.19,+19.857, +8.267,+0.940
1658327160,+3.19,+19.824, +8.285,+0.940
1658327460,+3.19,+19.832, +8.293,+0.940
1658327760,+3.19,+19.798, +8.311,+0.940
1658328060,+3.19,+19.782, +8.331,+0.940
1658328360,+3.19,+19.782, +8.356,+0.940
1658328660,+3.19,+19.790, +8.359,+0.940
1658328960,+3.19,+19.756, +8.380,+0.940
1658329260,+3.19,+19.748, +8.395,+0.940
1658329560,+3.19,+19.748, +8.416,+0.941
1658329860,+3.19,+19.723, +8.437,+0.941
1658330160,+3.19,+19.706, +8.444,+0.940
1658330460,+3.19,+19.731, +8.463,+0.940
1658330760,+3.19,+19.706, +8.492,+0.941
1658331060,+3.19,+19.715, +8.502,+0.940
1658331360,+3.19,+19.706, +8.514,+0.940
1658331660,+3.19,+19.723, +8.528,+0.940
1658331960,+3.19,+19.731, +8.544,+0.941
1658332260,+3.19,+19.731, +8.573,+0.941
1658332560,+3.19,+19.740, +8.584,+0.940
1658332860,+3.19,+19.731, +8.616,+0.941
1658333160,+3.19,+19.740, +8.648,+0.941
1658333460,+3.19,+19.756, +8.667,+0.940
1658333760,+3.19,+19.782, +8.679,+0.940
1658334060,+3.19,+19.782, +8.693,+0.940
1658334360,+3.19,+19.807, +8.705,+0.940
1658334660,+3.19,+19.815, +8.716,+0.940
1658334960,+3.19,+19.840, +8.726,+0.940
1658335260,+3.19,+19.865, +8.741,+0.941
1658335560,+3.19,+19.849, +8.770,+0.940
1658335860,+3.19,+19.882, +8.767,+0.940
1658336160,+3.18,+19.907, +8.786,+0.940
1658336460,+3.19,+19.932, +8.802,+0.940
1658336760,+3.18,+19.949, +8.807,+0.940
1658337060,+3.19,+19.974, +8.823,+0.940
1658337360,+3.19,+20.025, +8.836,+0.941
1658337660,+3.19,+20.058, +8.842,+0.940
1658337960,+3.19,+20.058, +8.866,+0.941
1658338260,+3.19,+20.083, +8.879,+0.940
1658338560,+3.19,+20.108, +8.891,+0.940
1658338860,+3.19,+20.150, +8.888,+0.940
1658339160,+3.19,+20.175, +8.905,+0.940
1658339460,+3.19,+20.234, +8.924,+0.940
1658339760,+3.19,+20.268, +8.928,+0.940
1658340060,+3.19,+20.293, +8.929,+0.940
1658340360,+3.19,+20.335, +8.937,+0.940
1658340660,+3.19,+20.368, +8.964,+0.941
1658340960,+3.19,+20.418, +8.959,+0.940
1658341260,+3.19,+20.452, +8.979,+0.940
1658341560,+3.19,+20.494, +8.980,+0.940
1658341860,+3.19,+20.527, +8.988,+0.940
1658342160,+3.19,+20.577, +9.009,+0.941
1658342460,+3.19,+20.611, +9.023,+0.941
1658342760,+3.19,+20.653, +9.051,+0.941
1658343060,+3.19,+20.703, +9.024,+0.940
1658343360,+3.19,+20.745, +9.052,+0.941
1658343660,+3.19,+20.778, +9.083,+0.941
1658343960,+3.18,+20.837, +9.103,+0.941
1658344260,+3.18,+20.904, +9.088,+0.941
1658344560,+3.18,+20.971, +9.098,+0.941
1658344860,+3.18,+21.004, +9.127,+0.941
1658345160,+3.18,+21.055, +9.155,+0.941
1658345460,+3.19,+21.105, +9.167,+0.941
1658345760,+3.19,+21.163, +9.172,+0.941
1658346060,+3.19,+21.180, +9.182,+0.941
1658346360,+3.19,+21.255, +9.206,+0.941
1658346660,+3.19,+21.297, +9.238,+0.941
1658346960,+3.19,+21.356, +9.233,+0.941
1658347260,+3.19,+21.398, +9.256,+0.941
1658347560,+3.19,+21.456, +9.274,+0.941
1658347860,+3.19,+21.498, +9.226,+0.941
1658348160,+3.19,+21.540, +9.261,+0.941
1658348460,+3.19,+21.599, +9.288,+0.941
1658348760,+3.19,+21.632, +9.298,+0.942
1658349060,+3.19,+21.674, +9.295,+0.941
1658349360,+3.18,+21.716, +9.284,+0.941
1658349660,+3.19,+21.749, +9.318,+0.941
1658349960,+3.18,+21.791, +9.385,+0.941
1658350260,+3.18,+21.858, +9.420,+0.941
1658350560,+3.18,+21.891, +9.484,+0.941
1658350860,+3.18,+21.925, +9.439,+0.941
1658351160,+3.18,+21.975, +9.481,+0.941
1658351460,+3.18,+22.017, +9.534,+0.942
1658351760,+3.18,+22.034, +9.519,+0.941
1658352060,+3.18,+22.067, +9.593,+0.941
1658352360,+3.18,+22.109, +9.628,+0.941
1658352660,+3.18,+22.143, +9.657,+0.942
1658352960,+3.18,+22.176, +9.693,+0.941
1658353260,+3.18,+22.193, +9.632,+0.941
1658353560,+3.19,+22.251, +9.718,+0.941
1658353860,+3.19,+22.277, +9.684,+0.941
1658354160,+3.19,+22.318, +9.726,+0.941
1658354460,+3.19,+22.343, +9.706,+0.941
1658354760,+3.19,+22.377, +9.683,+0.941
1658355060,+3.19,+22.394, +9.725,+0.941
1658355360,+3.19,+22.419, +9.688,+0.941
1658355660,+3.19,+22.452, +9.724,+0.942
1658355960,+3.19,+22.469, +9.639,+0.941
1658356260,+3.19,+22.494, +9.706,+0.941
1658356560,+3.19,+22.519, +9.620,+0.941
1658356860,+3.19,+22.519, +9.659,+0.941
1658357160,+3.19,+22.553, +9.664,+0.941
1658357460,+3.19,+22.561, +9.651,+0.941
1658357760,+3.18,+22.578, +9.678,+0.941
1658358060,+3.18,+22.595, +9.640,+0.941
1658358360,+3.19,+22.595, +9.681,+0.942
1658358660,+3.18,+22.611, +9.631,+0.941
1658358960,+3.18,+22.628, +9.626,+0.941
1658359260,+3.18,+22.662, +9.633,+0.941
1658359560,+3.18,+22.678, +9.608,+0.941
1658359860,+3.18,+22.662, +9.611,+0.941
1658360160,+3.18,+22.670, +9.586,+0.942
1658360460,+3.18,+22.670, +9.573,+0.942
1658360760,+3.18,+22.695, +9.627,+0.942
1658361060,+3.18,+22.695, +9.599,+0.942
1658361360,+3.18,+22.695, +9.593,+0.941
1658361660,+3.18,+22.687, +9.560,+0.941
1658361960,+3.18,+22.695, +9.607,+0.941
1658362260,+3.18,+22.720, +9.622,+0.941
1658362560,+3.18,+22.704, +9.643,+0.941
1658362860,+3.18,+22.670, +9.582,+0.941
1658363160,+3.18,+22.678, +9.637,+0.941
1658363460,+3.18,+22.687, +9.585,+0.942
1658363760,+3.18,+22.653, +9.613,+0.941
1658364060,+3.18,+22.645, +9.648,+0.941
1658364360,+3.18,+22.645, +9.565,+0.941
1658364660,+3.18,+22.620, +9.449,+0.941
1658364960,+3.18,+22.611, +9.516,+0.941
1658365260,+3.19,+22.578, +9.527,+0.941
1658365560,+3.18,+22.578, +9.527,+0.941
1658365860,+3.19,+22.536, +9.479,+0.941
1658366160,+3.19,+22.528, +9.541,+0.942
1658366460,+3.19,+22.503, +9.443,+0.941
1658366760,+3.19,+22.486, +9.523,+0.942
1658367060,+3.19,+22.469, +9.479,+0.941
1658367360,+3.19,+22.436, +9.443,+0.941
1658367660,+3.19,+22.402, +9.412,+0.941
1658367960,+3.19,+22.377, +9.467,+0.941
1658368260,+3.19,+22.343, +9.381,+0.941
1658368560,+3.19,+22.327, +9.353,+0.941
1658368860,+3.19,+22.293, +9.355,+0.941
1658369160,+3.19,+22.268, +9.261,+0.941
1658369460,+3.18,+22.201, +8.762,+0.942
1658369760,+3.18,+22.151, +8.585,+0.941
1658370060,+3.18,+22.134, +8.460,+0.941
1658370360,+3.18,+22.059, +8.419,+0.942
1658370660,+3.18,+22.042, +8.372,+0.941
1658370960,+3.18,+22.042, +8.350,+0.941
1658371260,+3.18,+21.992, +8.339,+0.941
1658371560,+3.18,+21.984, +8.312,+0.941
1658371860,+3.18,+21.950, +8.298,+0.942
1658372160,+3.18,+21.933, +8.270,+0.941
1658372460,+3.18,+21.925, +8.254,+0.942
