7450-663402
OS REV: 1.04 Sensor Cal: 1570117751
Time (sec),  BV (Volts),  T (deg C),  DO (mg/l),  Q ()
1657214580,+3.19,+21.625, +8.278,+0.974
1657214880,+3.19,+21.659, +8.348,+0.974
1657215180,+3.19,+21.726, +8.581,+0.975
1657215480,+3.19,+21.792, +8.602,+0.974
1657215780,+3.19,+21.834, +8.610,+0.974
1657216080,+3.19,+21.868, +8.646,+0.974
1657216380,+3.19,+21.918, +8.634,+0.975
1657216680,+3.19,+21.968, +8.689,+0.975
1657216980,+3.19,+22.027, +8.722,+0.975
1657217280,+3.19,+22.085, +8.732,+0.974
1657217580,+3.19,+22.135, +8.789,+0.975
1657217880,+3.19,+22.185, +8.766,+0.975
1657218180,+3.19,+22.244, +8.794,+0.975
1657218480,+3.19,+22.261, +8.856,+0.975
1657218780,+3.19,+22.319, +8.887,+0.975
1657219080,+3.19,+22.369, +8.909,+0.975
1657219380,+3.19,+22.419, +8.950,+0.975
1657219680,+3.19,+22.495, +8.930,+0.975
1657219980,+3.19,+22.545, +8.968,+0.974
1657220280,+3.19,+22.587, +9.017,+0.975
1657220580,+3.19,+22.628, +9.049,+0.975
1657220880,+3.19,+22.687, +9.083,+0.976
1657221180,+3.19,+22.737, +9.112,+0.975
1657221480,+3.19,+22.796, +9.124,+0.976
1657221780,+3.19,+22.838, +9.110,+0.975
1657222080,+3.19,+22.896, +9.137,+0.976
1657222380,+3.19,+22.930, +9.151,+0.975
1657222680,+3.19,+22.988, +9.207,+0.976
1657222980,+3.19,+23.030, +9.221,+0.976
1657223280,+3.19,+23.089, +9.264,+0.976
1657223580,+3.18,+23.105, +9.293,+0.976
1657223880,+3.19,+23.172, +9.310,+0.976
1657224180,+3.19,+23.206, +9.319,+0.976
1657224480,+3.19,+23.256, +9.292,+0.976
1657224780,+3.19,+23.290, +9.329,+0.976
1657225080,+3.19,+23.331, +9.348,+0.976
1657225380,+3.19,+23.382, +9.341,+0.976
1657225680,+3.19,+23.407, +9.345,+0.976
1657225980,+3.19,+23.457, +9.381,+0.976
1657226280,+3.19,+23.482, +9.376,+0.976
1657226580,+3.19,+23.516, +9.391,+0.976
1657226880,+3.19,+23.557, +9.273,+0.976
1657227180,+3.19,+23.549, +9.175,+0.976
1657227480,+3.19,+23.591, +9.151,+0.976
1657227780,+3.19,+23.641, +9.286,+0.976
1657228080,+3.19,+23.650, +9.261,+0.976
1657228380,+3.19,+23.692, +9.197,+0.976
1657228680,+3.19,+23.717, +9.098,+0.976
1657228980,+3.19,+23.759, +9.095,+0.977
1657229280,+3.19,+23.809, +9.085,+0.976
1657229580,+3.19,+23.826, +9.109,+0.976
1657229880,+3.19,+23.876, +9.111,+0.976
1657230180,+3.19,+23.918, +9.133,+0.976
1657230480,+3.19,+23.951, +9.164,+0.976
1657230780,+3.18,+23.993, +9.202,+0.977
1657231080,+3.18,+24.027, +9.159,+0.976
1657231380,+3.18,+24.077, +9.336,+0.977
1657231680,+3.18,+24.111, +9.262,+0.977
1657231980,+3.18,+24.144, +9.195,+0.976
1657232280,+3.18,+24.211, +9.260,+0.977
1657232580,+3.18,+24.245, +9.199,+0.976
1657232880,+3.18,+24.295, +9.214,+0.976
1657233180,+3.19,+24.337, +9.245,+0.977
1657233480,+3.19,+24.388, +9.224,+0.977
1657233780,+3.19,+24.421, +9.263,+0.976
1657234080,+3.19,+24.480, +9.244,+0.977
1657234380,+3.19,+24.505, +9.295,+0.976
1657234680,+3.19,+24.547, +9.263,+0.976
1657234980,+3.19,+24.581, +9.414,+0.977
1657235280,+3.19,+24.656, +9.482,+0.976
1657235580,+3.19,+24.698, +9.512,+0.978
1657235880,+3.19,+24.715, +9.251,+0.976
1657236180,+3.19,+24.732, +9.142,+0.976
1657236480,+3.19,+24.749, +9.236,+0.976
1657236780,+3.19,+24.791, +9.256,+0.977
1657237080,+3.19,+24.799, +9.260,+0.976
1657237380,+3.18,+24.858, +9.219,+0.976
1657237680,+3.19,+24.892, +9.271,+0.977
1657237980,+3.18,+24.934, +9.285,+0.977
1657238280,+3.18,+24.967, +9.338,+0.978
1657238580,+3.18,+24.984, +9.274,+0.977
1657238880,+3.18,+24.993, +9.224,+0.977
1657239180,+3.18,+25.001, +9.212,+0.977
1657239480,+3.18,+25.043, +9.188,+0.977
1657239780,+3.18,+25.060, +9.181,+0.977
1657240080,+3.18,+25.085, +9.157,+0.976
1657240380,+3.18,+25.110, +9.153,+0.976
1657240680,+3.18,+25.144, +9.151,+0.977
1657240980,+3.18,+25.161, +9.143,+0.977
1657241280,+3.18,+25.178, +9.152,+0.977
1657241580,+3.18,+25.228, +9.137,+0.977
1657241880,+3.18,+25.228, +9.131,+0.977
1657242180,+3.18,+25.253, +9.104,+0.976
1657242480,+3.18,+25.270, +9.124,+0.977
1657242780,+3.18,+25.270, +9.116,+0.977
1657243080,+3.18,+25.312, +9.086,+0.976
1657243380,+3.18,+25.312, +9.076,+0.977
1657243680,+3.18,+25.321, +9.073,+0.976
1657243980,+3.18,+25.346, +9.051,+0.977
1657244280,+3.18,+25.338, +9.034,+0.977
1657244580,+3.18,+25.354, +9.036,+0.977
1657244880,+3.18,+25.354, +9.022,+0.977
1657245180,+3.18,+25.338, +9.027,+0.977
1657245480,+3.18,+25.329, +8.994,+0.977
1657245780,+3.18,+25.354, +8.990,+0.977
1657246080,+3.18,+25.321, +8.965,+0.977
1657246380,+3.18,+25.312, +8.946,+0.977
1657246680,+3.18,+25.296, +8.911,+0.976
1657246980,+3.18,+25.279, +8.877,+0.976
1657247280,+3.18,+25.253, +8.860,+0.976
1657247580,+3.18,+25.245, +8.820,+0.977
1657247880,+3.18,+25.228, +8.800,+0.977
1657248180,+3.18,+25.178, +8.781,+0.977
1657248480,+3.18,+25.161, +8.744,+0.977
1657248780,+3.18,+25.136, +8.700,+0.976
1657249080,+3.18,+25.136, +8.693,+0.977
1657249380,+3.18,+25.094, +8.674,+0.977
1657249680,+3.18,+25.094, +8.634,+0.976
1657249980,+3.18,+25.051, +8.566,+0.976
1657250280,+3.18,+25.035, +8.564,+0.976
1657250580,+3.18,+25.018, +8.516,+0.976
1657250880,+3.18,+24.984, +8.491,+0.976
1657251180,+3.18,+24.976, +8.474,+0.976
1657251480,+3.18,+24.934, +8.451,+0.976
1657251780,+3.18,+24.925, +8.416,+0.976
1657252080,+3.18,+24.900, +8.381,+0.976
1657252380,+3.18,+24.875, +8.363,+0.976
1657252680,+3.19,+24.850, +8.320,+0.976
1657252980,+3.18,+24.833, +8.307,+0.976
1657253280,+3.19,+24.816, +8.253,+0.976
1657253580,+3.19,+24.782, +8.237,+0.976
1657253880,+3.19,+24.766, +8.206,+0.976
1657254180,+3.19,+24.740, +8.164,+0.976
1657254480,+3.19,+24.698, +8.132,+0.976
1657254780,+3.19,+24.673, +8.109,+0.976
1657255080,+3.19,+24.623, +8.067,+0.976
1657255380,+3.19,+24.598, +8.051,+0.975
1657255680,+3.19,+24.572, +8.027,+0.976
1657255980,+3.19,+24.539, +7.984,+0.976
1657256280,+3.19,+24.488, +7.977,+0.975
1657256580,+3.19,+24.472, +7.930,+0.975
1657256880,+3.19,+24.421, +7.917,+0.976
1657257180,+3.19,+24.404, +7.895,+0.976
1657257480,+3.19,+24.362, +7.874,+0.976
1657257780,+3.19,+24.329, +7.838,+0.975
1657258080,+3.19,+24.304, +7.816,+0.975
1657258380,+3.18,+24.270, +7.783,+0.975
1657258680,+3.18,+24.245, +7.786,+0.976
1657258980,+3.18,+24.211, +7.752,+0.975
1657259280,+3.18,+24.178, +7.725,+0.975
1657259580,+3.18,+24.153, +7.708,+0.975
1657259880,+3.18,+24.144, +7.686,+0.975
1657260180,+3.18,+24.102, +7.679,+0.975
1657260480,+3.18,+24.094, +7.659,+0.975
1657260780,+3.18,+24.052, +7.643,+0.975
1657261080,+3.18,+24.044, +7.610,+0.975
1657261380,+3.18,+24.018, +7.598,+0.975
1657261680,+3.18,+23.993, +7.584,+0.975
1657261980,+3.18,+23.951, +7.585,+0.976
1657262280,+3.18,+23.943, +7.536,+0.975
1657262580,+3.18,+23.943, +7.517,+0.974
1657262880,+3.18,+23.901, +7.529,+0.976
1657263180,+3.19,+23.876, +7.244,+0.974
1657263480,+3.19,+23.851, +7.485,+0.975
1657263780,+3.19,+23.842, +7.465,+0.975
1657264080,+3.19,+23.800, +7.448,+0.975
1657264380,+3.19,+23.792, +7.442,+0.975
1657264680,+3.19,+23.775, +7.427,+0.975
1657264980,+3.19,+23.742, +7.410,+0.975
1657265280,+3.19,+23.725, +7.397,+0.975
1657265580,+3.19,+23.708, +7.388,+0.975
1657265880,+3.19,+23.666, +7.384,+0.975
1657266180,+3.19,+23.658, +7.369,+0.975
1657266480,+3.19,+23.641, +7.335,+0.974
1657266780,+3.19,+23.591, +7.332,+0.974
1657267080,+3.19,+23.574, +7.325,+0.975
1657267380,+3.19,+23.549, +7.303,+0.974
1657267680,+3.19,+23.549, +7.291,+0.975
1657267980,+3.19,+23.490, +7.287,+0.975
1657268280,+3.19,+23.465, +7.274,+0.975
1657268580,+3.19,+23.449, +7.254,+0.975
1657268880,+3.19,+23.423, +7.251,+0.975
1657269180,+3.19,+23.407, +7.239,+0.975
1657269480,+3.19,+23.382, +7.224,+0.974
1657269780,+3.19,+23.348, +7.215,+0.974
1657270080,+3.19,+23.306, +7.220,+0.975
1657270380,+3.19,+23.315, +7.203,+0.975
1657270680,+3.19,+23.273, +7.193,+0.975
1657270980,+3.19,+23.231, +7.181,+0.975
1657271280,+3.18,+23.189, +7.185,+0.974
1657271580,+3.18,+23.189, +7.167,+0.974
1657271880,+3.18,+23.122, +7.169,+0.974
1657272180,+3.18,+23.122, +7.149,+0.974
1657272480,+3.18,+23.055, +7.148,+0.974
1657272780,+3.18,+23.038, +7.124,+0.974
1657273080,+3.18,+22.988, +7.127,+0.974
1657273380,+3.19,+22.946, +7.117,+0.974
1657273680,+3.19,+22.938, +7.110,+0.974
1657273980,+3.19,+22.905, +7.103,+0.974
1657274280,+3.19,+22.863, +7.095,+0.974
1657274580,+3.19,+22.846, +7.098,+0.974
1657274880,+3.19,+22.813, +7.080,+0.974
1657275180,+3.19,+22.779, +7.069,+0.974
1657275480,+3.19,+22.737, +7.088,+0.974
1657275780,+3.19,+22.712, +7.063,+0.974
1657276080,+3.19,+22.687, +7.074,+0.974
1657276380,+3.19,+22.637, +7.069,+0.973
1657276680,+3.19,+22.603, +7.062,+0.974
1657276980,+3.19,+22.603, +7.053,+0.974
1657277280,+3.19,+22.545, +7.050,+0.974
1657277580,+3.19,+22.503, +7.055,+0.974
1657277880,+3.19,+22.486, +7.061,+0.974
1657278180,+3.19,+22.436, +7.051,+0.974
1657278480,+3.19,+22.403, +7.047,+0.974
1657278780,+3.19,+22.386, +7.056,+0.973
1657279080,+3.19,+22.361, +7.015,+0.974
1657279380,+3.19,+22.319, +7.030,+0.974
1657279680,+3.19,+22.302, +7.030,+0.974
1657279980,+3.19,+22.277, +7.034,+0.974
1657280280,+3.19,+22.244, +7.021,+0.974
1657280580,+3.19,+22.219, +7.022,+0.974
1657280880,+3.19,+22.177, +7.011,+0.973
1657281180,+3.19,+22.169, +7.011,+0.974
1657281480,+3.19,+22.110, +7.022,+0.973
1657281780,+3.19,+22.102, +7.014,+0.974
1657282080,+3.19,+22.093, +7.015,+0.973
1657282380,+3.19,+22.060, +7.019,+0.973
1657282680,+3.19,+22.027, +7.025,+0.974
1657282980,+3.19,+22.018, +7.023,+0.974
1657283280,+3.19,+21.976, +7.026,+0.974
1657283580,+3.19,+21.960, +7.014,+0.973
1657283880,+3.19,+21.935, +7.021,+0.974
1657284180,+3.19,+21.910, +7.021,+0.974
1657284480,+3.19,+21.910, +7.005,+0.974
1657284780,+3.19,+21.884, +7.005,+0.973
1657285080,+3.19,+21.868, +6.997,+0.974
1657285380,+3.19,+21.851, +6.999,+0.973
1657285680,+3.19,+21.826, +7.009,+0.974
1657285980,+3.19,+21.776, +7.013,+0.974
1657286280,+3.19,+21.792, +6.999,+0.974
1657286580,+3.19,+21.759, +7.007,+0.974
1657286880,+3.19,+21.759, +7.012,+0.974
1657287180,+3.19,+21.734, +7.017,+0.973
1657287480,+3.19,+21.734, +7.016,+0.974
1657287780,+3.19,+21.692, +7.032,+0.973
1657288080,+3.19,+21.692, +7.032,+0.974
1657288380,+3.19,+21.659, +7.049,+0.974
1657288680,+3.19,+21.642, +7.064,+0.974
1657288980,+3.19,+21.642, +7.078,+0.973
1657289280,+3.19,+21.617, +7.091,+0.974
1657289580,+3.19,+21.634, +7.091,+0.973
1657289880,+3.19,+21.609, +7.124,+0.974
1657290180,+3.19,+21.592, +7.138,+0.974
1657290480,+3.19,+21.575, +7.153,+0.974
1657290780,+3.19,+21.567, +7.156,+0.974
1657291080,+3.19,+21.575, +7.169,+0.974
1657291380,+3.19,+21.567, +7.177,+0.974
1657291680,+3.19,+21.533, +7.210,+0.974
1657291980,+3.19,+21.525, +7.221,+0.974
1657292280,+3.19,+21.517, +7.182,+0.974
1657292580,+3.19,+21.533, +7.255,+0.974
1657292880,+3.19,+21.533, +7.293,+0.974
1657293180,+3.19,+21.508, +7.338,+0.974
1657293480,+3.19,+21.517, +7.359,+0.975
1657293780,+3.19,+21.517, +7.382,+0.974
1657294080,+3.19,+21.500, +7.445,+0.974
1657294380,+3.19,+21.500, +7.484,+0.974
1657294680,+3.19,+21.508, +7.543,+0.974
1657294980,+3.19,+21.525, +7.595,+0.974
1657295280,+3.19,+21.542, +7.651,+0.974
1657295580,+3.19,+21.550, +7.743,+0.974
1657295880,+3.19,+21.592, +7.789,+0.974
1657296180,+3.19,+21.592, +7.864,+0.974
1657296480,+3.19,+21.650, +7.899,+0.974
1657296780,+3.19,+21.692, +7.928,+0.974
1657297080,+3.19,+21.709, +7.987,+0.975
1657297380,+3.19,+21.742, +8.039,+0.975
1657297680,+3.19,+21.792, +8.065,+0.974
1657297980,+3.19,+21.792, +8.116,+0.975
1657298280,+3.19,+21.826, +8.146,+0.975
1657298580,+3.19,+21.868, +8.202,+0.975
1657298880,+3.19,+21.884, +8.206,+0.974
1657299180,+3.19,+21.901, +8.251,+0.975
1657299480,+3.19,+21.943, +8.275,+0.975
1657299780,+3.19,+21.968, +8.298,+0.975
1657300080,+3.19,+22.001, +8.322,+0.975
1657300380,+3.19,+22.018, +8.355,+0.975
1657300680,+3.18,+22.068, +8.397,+0.975
1657300980,+3.19,+22.093, +8.425,+0.975
