7450-491496
OS REV: 1.04 Sensor Cal: 1570120521
Time (sec),  BV (Volts),  T (deg C),  DO (mg/l),  Q ()
1658509260,+3.16,+21.862, +7.926,+0.975
1658509560,+3.16,+21.904, +7.956,+0.974
1658509860,+3.16,+21.921, +8.054,+0.974
1658510160,+3.16,+21.954, +8.057,+0.974
1658510460,+3.16,+21.988, +8.131,+0.975
1658510760,+3.16,+22.013, +8.173,+0.975
1658511060,+3.16,+22.046, +8.224,+0.974
1658511360,+3.16,+22.080, +8.250,+0.975
1658511660,+3.16,+22.122, +8.324,+0.975
1658511960,+3.17,+22.180, +8.399,+0.975
1658512260,+3.17,+22.214, +8.418,+0.975
1658512560,+3.17,+22.272, +8.503,+0.975
1658512860,+3.17,+22.297, +8.528,+0.975
1658513160,+3.17,+22.356, +8.542,+0.975
1658513460,+3.17,+22.398, +8.614,+0.975
1658513760,+3.17,+22.456, +8.592,+0.975
1658514060,+3.17,+22.490, +8.641,+0.976
1658514360,+3.17,+22.523, +8.647,+0.976
1658514660,+3.17,+22.548, +8.656,+0.975
1658514960,+3.17,+22.598, +8.716,+0.976
1658515260,+3.17,+22.640, +8.767,+0.976
1658515560,+3.16,+22.699, +8.777,+0.976
1658515860,+3.16,+22.724, +8.804,+0.976
1658516160,+3.16,+22.741, +8.767,+0.976
1658516460,+3.16,+22.766, +8.801,+0.976
1658516760,+3.16,+22.841, +8.812,+0.976
1658517060,+3.16,+22.875, +8.836,+0.976
1658517360,+3.16,+22.933, +8.893,+0.976
1658517660,+3.16,+22.967, +8.888,+0.976
1658517960,+3.16,+23.008, +8.885,+0.976
1658518260,+3.16,+23.084, +8.902,+0.977
1658518560,+3.16,+23.151, +8.912,+0.976
1658518860,+3.16,+23.168, +8.931,+0.976
1658519160,+3.16,+23.226, +8.943,+0.976
1658519460,+3.17,+23.276, +8.987,+0.977
1658519760,+3.17,+23.318, +8.992,+0.977
1658520060,+3.17,+23.327, +9.001,+0.977
1658520360,+3.17,+23.377, +8.993,+0.977
1658520660,+3.17,+23.410, +9.036,+0.977
1658520960,+3.17,+23.461, +9.012,+0.976
1658521260,+3.17,+23.503, +9.022,+0.977
1658521560,+3.17,+23.519, +9.053,+0.977
1658521860,+3.17,+23.561, +9.055,+0.977
1658522160,+3.16,+23.620, +9.055,+0.976
1658522460,+3.16,+23.653, +9.056,+0.977
1658522760,+3.16,+23.662, +9.086,+0.977
1658523060,+3.16,+23.712, +9.088,+0.977
1658523360,+3.16,+23.729, +9.087,+0.977
1658523660,+3.16,+23.754, +9.105,+0.977
1658523960,+3.16,+23.796, +9.088,+0.977
1658524260,+3.16,+23.804, +9.106,+0.977
1658524560,+3.16,+23.863, +9.074,+0.976
1658524860,+3.16,+23.855, +9.078,+0.977
1658525160,+3.16,+23.897, +9.087,+0.977
1658525460,+3.16,+23.939, +9.098,+0.977
1658525760,+3.16,+23.955, +9.086,+0.977
1658526060,+3.16,+23.989, +9.059,+0.977
1658526360,+3.16,+24.006, +9.087,+0.977
1658526660,+3.16,+24.048, +9.095,+0.977
1658526960,+3.16,+24.056, +9.083,+0.977
1658527260,+3.16,+24.081, +9.094,+0.977
1658527560,+3.16,+24.115, +9.083,+0.977
1658527860,+3.16,+24.132, +9.077,+0.977
1658528160,+3.16,+24.140, +9.084,+0.977
1658528460,+3.16,+24.165, +9.072,+0.978
1658528760,+3.16,+24.182, +9.072,+0.977
1658529060,+3.16,+24.215, +9.039,+0.977
1658529360,+3.16,+24.190, +9.053,+0.978
1658529660,+3.16,+24.241, +9.037,+0.977
1658529960,+3.16,+24.232, +9.039,+0.977
1658530260,+3.16,+24.241, +9.016,+0.977
1658530560,+3.16,+24.283, +9.012,+0.977
1658530860,+3.16,+24.274, +9.020,+0.977
1658531160,+3.16,+24.299, +9.009,+0.978
1658531460,+3.16,+24.299, +8.996,+0.977
1658531760,+3.16,+24.316, +8.998,+0.978
1658532060,+3.16,+24.341, +8.981,+0.978
1658532360,+3.16,+24.350, +8.951,+0.977
1658532660,+3.16,+24.367, +8.929,+0.977
1658532960,+3.17,+24.367, +8.913,+0.977
1658533260,+3.16,+24.383, +8.899,+0.977
1658533560,+3.16,+24.383, +8.886,+0.977
1658533860,+3.17,+24.400, +8.871,+0.977
1658534160,+3.17,+24.375, +8.839,+0.977
1658534460,+3.16,+24.417, +8.833,+0.978
1658534760,+3.16,+24.409, +8.819,+0.977
1658535060,+3.16,+24.417, +8.779,+0.977
1658535360,+3.16,+24.425, +8.753,+0.977
1658535660,+3.16,+24.409, +8.735,+0.977
1658535960,+3.16,+24.442, +8.708,+0.977
1658536260,+3.16,+24.459, +8.676,+0.977
1658536560,+3.16,+24.451, +8.660,+0.978
1658536860,+3.16,+24.476, +8.628,+0.977
1658537160,+3.16,+24.484, +8.594,+0.977
1658537460,+3.16,+24.467, +8.581,+0.977
1658537760,+3.16,+24.476, +8.548,+0.977
1658538060,+3.16,+24.484, +8.520,+0.977
1658538360,+3.16,+24.467, +8.496,+0.977
1658538660,+3.16,+24.467, +8.461,+0.977
1658538960,+3.16,+24.459, +8.432,+0.977
1658539260,+3.16,+24.467, +8.405,+0.977
1658539560,+3.16,+24.484, +8.359,+0.976
1658539860,+3.16,+24.476, +8.330,+0.976
1658540160,+3.16,+24.476, +8.289,+0.976
1658540460,+3.16,+24.467, +8.251,+0.976
1658540760,+3.16,+24.484, +8.216,+0.976
1658541060,+3.16,+24.476, +8.174,+0.976
1658541360,+3.16,+24.476, +8.139,+0.976
1658541660,+3.16,+24.467, +8.110,+0.976
1658541960,+3.16,+24.467, +8.063,+0.976
1658542260,+3.16,+24.467, +8.020,+0.976
1658542560,+3.16,+24.493, +7.975,+0.976
1658542860,+3.16,+24.484, +7.938,+0.976
1658543160,+3.16,+24.476, +7.906,+0.976
1658543460,+3.17,+24.501, +7.849,+0.976
1658543760,+3.16,+24.476, +7.827,+0.976
1658544060,+3.16,+24.467, +7.787,+0.976
1658544360,+3.16,+24.501, +7.748,+0.976
1658544660,+3.16,+24.501, +7.723,+0.976
1658544960,+3.16,+24.501, +7.675,+0.975
1658545260,+3.16,+24.493, +7.652,+0.976
1658545560,+3.16,+24.509, +7.621,+0.976
1658545860,+3.16,+24.493, +7.588,+0.976
1658546160,+3.16,+24.476, +7.554,+0.976
1658546460,+3.16,+24.476, +7.511,+0.975
1658546760,+3.16,+24.476, +7.484,+0.975
1658547060,+3.16,+24.467, +7.460,+0.976
1658547360,+3.16,+24.459, +7.418,+0.975
1658547660,+3.16,+24.459, +7.395,+0.975
1658547960,+3.16,+24.442, +7.376,+0.975
1658548260,+3.16,+24.434, +7.345,+0.975
1658548560,+3.16,+24.434, +7.325,+0.975
1658548860,+3.16,+24.417, +7.313,+0.975
1658549160,+3.16,+24.400, +7.288,+0.975
1658549460,+3.16,+24.425, +7.266,+0.975
1658549760,+3.16,+24.409, +7.242,+0.975
1658550060,+3.16,+24.400, +7.228,+0.975
1658550360,+3.16,+24.400, +7.225,+0.975
1658550660,+3.16,+24.409, +7.186,+0.974
1658550960,+3.16,+24.400, +7.182,+0.975
1658551260,+3.16,+24.383, +7.162,+0.975
1658551560,+3.16,+24.367, +7.152,+0.975
1658551860,+3.16,+24.350, +7.131,+0.975
1658552160,+3.16,+24.350, +7.121,+0.975
1658552460,+3.17,+24.358, +7.096,+0.975
1658552760,+3.16,+24.325, +7.083,+0.975
1658553060,+3.16,+24.316, +7.080,+0.975
1658553360,+3.16,+24.291, +7.054,+0.975
1658553660,+3.16,+24.283, +7.042,+0.975
1658553960,+3.16,+24.249, +7.041,+0.975
1658554260,+3.16,+24.249, +7.015,+0.975
1658554560,+3.16,+24.215, +7.017,+0.975
1658554860,+3.16,+24.215, +6.998,+0.975
1658555160,+3.16,+24.182, +6.984,+0.975
1658555460,+3.16,+24.165, +6.975,+0.975
1658555760,+3.16,+24.132, +6.961,+0.975
1658556060,+3.16,+24.106, +6.951,+0.975
1658556360,+3.16,+24.090, +6.941,+0.975
1658556660,+3.16,+24.073, +6.920,+0.975
1658556960,+3.16,+24.039, +6.908,+0.975
1658557260,+3.16,+24.014, +6.903,+0.975
1658557560,+3.16,+24.006, +6.881,+0.975
1658557860,+3.16,+23.981, +6.873,+0.975
1658558160,+3.16,+23.964, +6.857,+0.975
1658558460,+3.16,+23.922, +6.843,+0.974
1658558760,+3.16,+23.905, +6.828,+0.974
1658559060,+3.16,+23.888, +6.818,+0.975
1658559360,+3.16,+23.863, +6.805,+0.974
1658559660,+3.16,+23.821, +6.806,+0.975
1658559960,+3.16,+23.821, +6.772,+0.974
1658560260,+3.16,+23.788, +6.772,+0.974
1658560560,+3.16,+23.779, +6.766,+0.974
1658560860,+3.16,+23.746, +6.749,+0.974
1658561160,+3.16,+23.729, +6.733,+0.974
1658561460,+3.16,+23.704, +6.719,+0.974
1658561760,+3.16,+23.670, +6.715,+0.974
1658562060,+3.16,+23.662, +6.699,+0.974
1658562360,+3.16,+23.620, +6.690,+0.975
1658562660,+3.16,+23.603, +6.674,+0.974
1658562960,+3.16,+23.586, +6.672,+0.974
1658563260,+3.16,+23.553, +6.659,+0.974
1658563560,+3.16,+23.553, +6.646,+0.974
1658563860,+3.17,+23.519, +6.637,+0.974
1658564160,+3.17,+23.511, +6.614,+0.974
1658564460,+3.17,+23.461, +6.614,+0.974
1658564760,+3.17,+23.436, +6.597,+0.974
1658565060,+3.17,+23.436, +6.582,+0.974
1658565360,+3.17,+23.394, +6.583,+0.974
1658565660,+3.17,+23.394, +6.567,+0.974
1658565960,+3.17,+23.343, +6.562,+0.974
1658566260,+3.17,+23.318, +6.555,+0.974
1658566560,+3.17,+23.310, +6.535,+0.974
1658566860,+3.17,+23.276, +6.538,+0.974
1658567160,+3.16,+23.268, +6.519,+0.973
1658567460,+3.16,+23.226, +6.515,+0.974
1658567760,+3.16,+23.201, +6.511,+0.973
1658568060,+3.16,+23.209, +6.505,+0.974
1658568360,+3.16,+23.142, +6.485,+0.973
1658568660,+3.16,+23.126, +6.481,+0.973
1658568960,+3.16,+23.092, +6.473,+0.973
1658569260,+3.16,+23.084, +6.469,+0.973
1658569560,+3.16,+23.042, +6.463,+0.973
1658569860,+3.16,+23.017, +6.459,+0.973
1658570160,+3.16,+22.992, +6.451,+0.974
1658570460,+3.16,+22.958, +6.446,+0.973
1658570760,+3.16,+22.950, +6.431,+0.973
1658571060,+3.16,+22.933, +6.416,+0.973
1658571360,+3.16,+22.891, +6.422,+0.973
1658571660,+3.16,+22.858, +6.411,+0.973
1658571960,+3.16,+22.833, +6.412,+0.973
1658572260,+3.16,+22.833, +6.390,+0.973
1658572560,+3.16,+22.791, +6.394,+0.973
1658572860,+3.16,+22.749, +6.396,+0.973
1658573160,+3.16,+22.724, +6.386,+0.973
1658573460,+3.16,+22.699, +6.377,+0.973
1658573760,+3.16,+22.682, +6.372,+0.973
1658574060,+3.17,+22.649, +6.373,+0.973
1658574360,+3.16,+22.640, +6.348,+0.973
1658574660,+3.17,+22.598, +6.372,+0.973
1658574960,+3.17,+22.557, +6.352,+0.973
1658575260,+3.17,+22.548, +6.357,+0.973
1658575560,+3.17,+22.515, +6.343,+0.972
1658575860,+3.17,+22.498, +6.343,+0.973
1658576160,+3.17,+22.465, +6.345,+0.973
1658576460,+3.17,+22.448, +6.318,+0.972
1658576760,+3.17,+22.414, +6.338,+0.973
1658577060,+3.17,+22.389, +6.338,+0.973
1658577360,+3.17,+22.347, +6.338,+0.973
1658577660,+3.17,+22.347, +6.324,+0.973
1658577960,+3.17,+22.306, +6.318,+0.973
1658578260,+3.17,+22.264, +6.328,+0.973
1658578560,+3.17,+22.264, +6.320,+0.973
1658578860,+3.17,+22.222, +6.315,+0.973
1658579160,+3.17,+22.189, +6.313,+0.973
1658579460,+3.17,+22.180, +6.320,+0.972
1658579760,+3.16,+22.155, +6.305,+0.973
1658580060,+3.16,+22.122, +6.309,+0.973
1658580360,+3.16,+22.105, +6.317,+0.973
1658580660,+3.16,+22.080, +6.308,+0.973
1658580960,+3.16,+22.038, +6.305,+0.972
1658581260,+3.16,+22.038, +6.293,+0.972
1658581560,+3.16,+22.021, +6.293,+0.972
1658581860,+3.16,+21.971, +6.303,+0.973
1658582160,+3.16,+21.963, +6.310,+0.973
1658582460,+3.16,+21.921, +6.315,+0.973
1658582760,+3.16,+21.921, +6.315,+0.973
1658583060,+3.16,+21.879, +6.327,+0.973
1658583360,+3.16,+21.879, +6.333,+0.973
1658583660,+3.16,+21.837, +6.349,+0.973
1658583960,+3.16,+21.821, +6.361,+0.973
1658584260,+3.16,+21.796, +6.375,+0.973
1658584560,+3.16,+21.770, +6.382,+0.973
1658584860,+3.16,+21.770, +6.404,+0.973
1658585160,+3.16,+21.737, +6.439,+0.973
1658585460,+3.17,+21.720, +6.490,+0.973
1658585760,+3.17,+21.695, +6.529,+0.973
1658586060,+3.17,+21.687, +6.551,+0.972
1658586360,+3.17,+21.687, +6.585,+0.973
1658586660,+3.17,+21.678, +6.578,+0.973
1658586960,+3.17,+21.628, +6.570,+0.973
1658587260,+3.17,+21.637, +6.580,+0.973
1658587560,+3.17,+21.628, +6.626,+0.973
1658587860,+3.17,+21.595, +6.687,+0.973
1658588160,+3.17,+21.620, +6.937,+0.973
1658588460,+3.17,+21.637, +7.014,+0.973
1658588760,+3.17,+21.620, +7.064,+0.973
1658589060,+3.17,+21.612, +7.136,+0.973
1658589360,+3.17,+21.645, +7.200,+0.974
1658589660,+3.17,+21.628, +7.294,+0.973
1658589960,+3.17,+21.637, +7.394,+0.974
1658590260,+3.17,+21.620, +7.385,+0.974
1658590560,+3.17,+21.645, +7.480,+0.974
1658590860,+3.17,+21.637, +7.561,+0.974
1658591160,+3.17,+21.670, +7.561,+0.974
1658591460,+3.17,+21.670, +7.651,+0.974
1658591760,+3.17,+21.687, +7.680,+0.974
1658592060,+3.17,+21.678, +7.769,+0.974
1658592360,+3.16,+21.712, +7.810,+0.974
1658592660,+3.17,+21.729, +7.885,+0.975
1658592960,+3.16,+21.720, +7.924,+0.974
1658593260,+3.16,+21.737, +8.069,+0.974
1658593560,+3.16,+21.770, +8.152,+0.974
1658593860,+3.16,+21.796, +8.206,+0.974
1658594160,+3.16,+21.812, +8.192,+0.974
1658594460,+3.16,+21.829, +8.305,+0.975
1658594760,+3.16,+21.854, +8.367,+0.974
1658595060,+3.16,+21.879, +8.405,+0.975
1658595360,+3.16,+21.904, +8.493,+0.975
1658595660,+3.16,+21.929, +8.419,+0.975
