7450-521120
OS REV: 1.04 Sensor Cal: 1570120153
Time (sec),  BV (Volts),  T (deg C),  DO (mg/l),  Q ()
1692199920,+3.02,+23.315, +5.937,+0.919
1692200220,+3.02,+23.315, +5.969,+0.919
1692200520,+3.02,+23.340, +5.984,+0.919
1692200820,+3.02,+23.374, +6.022,+0.920
1692201120,+3.02,+23.391, +6.083,+0.919
1692201420,+3.02,+23.433, +6.139,+0.920
1692201720,+3.02,+23.458, +6.161,+0.920
1692202020,+3.02,+23.475, +6.218,+0.919
1692202320,+3.02,+23.491, +6.348,+0.919
1692202620,+3.02,+23.525, +6.448,+0.920
1692202920,+3.02,+23.516, +6.559,+0.920
1692203220,+3.02,+23.508, +6.546,+0.919
1692203520,+3.02,+23.525, +6.508,+0.919
1692203820,+3.02,+23.550, +6.590,+0.920
1692204120,+3.02,+23.584, +6.662,+0.920
1692204420,+3.02,+23.600, +6.656,+0.920
1692204720,+3.02,+23.634, +6.719,+0.920
1692205020,+3.02,+23.676, +6.755,+0.919
1692205320,+3.02,+23.726, +6.798,+0.920
1692205620,+3.02,+23.751, +6.862,+0.920
1692205920,+3.02,+23.802, +6.889,+0.919
1692206220,+3.01,+23.860, +6.972,+0.920
1692206520,+3.01,+23.902, +7.015,+0.920
1692206820,+3.01,+23.953, +7.042,+0.920
1692207120,+3.01,+23.986, +7.083,+0.920
1692207420,+3.01,+24.045, +7.119,+0.920
1692207720,+3.01,+24.104, +7.192,+0.920
1692208020,+3.01,+24.129, +7.274,+0.920
1692208320,+3.01,+24.205, +7.372,+0.920
1692208620,+3.01,+24.247, +7.448,+0.921
1692208920,+3.01,+24.314, +7.493,+0.920
1692209220,+3.01,+24.356, +7.549,+0.921
1692209520,+3.02,+24.398, +7.614,+0.921
1692209820,+3.02,+24.440, +7.673,+0.921
1692210120,+3.02,+24.499, +7.726,+0.921
1692210420,+3.02,+24.549, +7.796,+0.921
1692210720,+3.02,+24.583, +7.852,+0.921
1692211020,+3.02,+24.642, +7.859,+0.921
1692211320,+3.02,+24.684, +7.911,+0.921
1692211620,+3.01,+24.743, +7.955,+0.921
1692211920,+3.02,+24.743, +8.008,+0.921
1692212220,+3.01,+24.743, +8.010,+0.921
1692212520,+3.01,+24.768, +8.093,+0.921
1692212820,+3.01,+24.726, +8.143,+0.922
1692213120,+3.02,+24.667, +8.145,+0.921
1692213420,+3.02,+24.650, +8.120,+0.921
1692213720,+3.01,+24.743, +8.068,+0.921
1692214020,+3.01,+24.802, +8.094,+0.921
1692214320,+3.01,+24.878, +8.097,+0.921
1692214620,+3.01,+24.878, +8.166,+0.922
1692214920,+3.01,+25.004, +8.111,+0.922
1692215220,+3.01,+24.979, +8.361,+0.921
1692215520,+3.01,+24.894, +8.294,+0.921
1692215820,+3.01,+24.953, +8.270,+0.921
1692216120,+3.01,+25.029, +8.315,+0.922
1692216420,+3.01,+25.189, +8.286,+0.921
1692216720,+3.01,+25.122, +8.345,+0.922
1692217020,+3.01,+25.122, +8.416,+0.922
1692217320,+3.01,+25.156, +8.410,+0.922
1692217620,+3.01,+25.198, +8.418,+0.921
1692217920,+3.01,+25.021, +8.363,+0.921
1692218220,+3.01,+24.987, +8.341,+0.921
1692218520,+3.01,+25.071, +8.400,+0.921
1692218820,+3.01,+25.088, +8.504,+0.922
1692219120,+3.01,+25.147, +8.570,+0.922
1692219420,+3.01,+25.223, +8.578,+0.921
1692219720,+3.01,+25.198, +8.620,+0.922
1692220020,+3.01,+25.113, +8.623,+0.922
1692220320,+3.01,+25.164, +8.698,+0.922
1692220620,+3.01,+25.257, +8.756,+0.922
1692220920,+3.01,+25.358, +8.686,+0.922
1692221220,+3.02,+25.467, +8.591,+0.921
1692221520,+3.01,+25.527, +8.712,+0.922
1692221820,+3.01,+25.569, +8.782,+0.923
1692222120,+3.01,+25.628, +8.842,+0.922
1692222420,+3.01,+25.915, +9.060,+0.923
1692222720,+3.01,+25.780, +9.225,+0.922
1692223020,+3.01,+25.839, +9.226,+0.922
1692223320,+3.01,+25.873, +9.189,+0.922
1692223620,+3.01,+26.194, +9.303,+0.923
1692223920,+3.01,+26.668, +9.402,+0.923
1692224220,+3.01,+26.584, +9.367,+0.923
1692224520,+3.01,+26.651, +9.416,+0.923
1692224820,+3.01,+26.482, +9.610,+0.923
1692225120,+3.01,+26.550, +9.677,+0.923
1692225420,+3.01,+26.643, +9.612,+0.924
1692225720,+3.01,+26.779, +9.575,+0.924
1692226020,+3.01,+26.881, +9.537,+0.924
1692226320,+3.01,+26.830, +9.684,+0.924
1692226620,+3.01,+26.982, +9.748,+0.924
1692226920,+3.01,+27.186, +9.561,+0.924
1692227220,+3.01,+27.271, +9.500,+0.924
1692227520,+3.01,+27.203, +9.555,+0.923
1692227820,+3.01,+27.152, +9.519,+0.924
1692228120,+3.01,+27.237, +9.511,+0.924
1692228420,+3.01,+27.195, +9.426,+0.923
1692228720,+3.01,+27.220, +9.422,+0.924
1692229020,+3.01,+27.203, +9.573,+0.924
1692229320,+3.01,+27.229, +9.495,+0.924
1692229620,+3.01,+27.348, +9.524,+0.925
1692229920,+3.01,+27.356, +9.402,+0.924
1692230220,+3.01,+27.416, +9.438,+0.924
1692230520,+3.01,+27.408, +9.411,+0.924
1692230820,+3.01,+27.433, +9.435,+0.924
1692231120,+3.01,+27.459, +9.476,+0.925
1692231420,+3.01,+27.450, +9.492,+0.925
1692231720,+3.01,+27.390, +9.393,+0.924
1692232020,+3.01,+27.442, +9.453,+0.924
1692232320,+3.01,+27.442, +9.491,+0.924
1692232620,+3.01,+27.442, +9.451,+0.923
1692232920,+3.01,+27.442, +9.408,+0.924
1692233220,+3.01,+27.425, +9.404,+0.924
1692233520,+3.01,+27.416, +9.434,+0.924
1692233820,+3.01,+27.399, +9.341,+0.923
1692234120,+3.01,+27.382, +9.305,+0.923
1692234420,+3.01,+27.365, +9.303,+0.924
1692234720,+3.01,+27.356, +9.310,+0.924
1692235020,+3.01,+27.322, +9.262,+0.924
1692235320,+3.01,+27.314, +9.251,+0.924
1692235620,+3.01,+27.297, +9.213,+0.924
1692235920,+3.01,+27.246, +9.177,+0.924
1692236220,+3.01,+27.237, +9.119,+0.924
1692236520,+3.01,+27.195, +9.077,+0.924
1692236820,+3.01,+27.152, +9.010,+0.923
1692237120,+3.01,+27.093, +8.966,+0.923
1692237420,+3.01,+27.050, +8.907,+0.923
1692237720,+3.01,+27.008, +8.864,+0.923
1692238020,+3.01,+26.948, +8.819,+0.924
1692238320,+3.01,+26.915, +8.765,+0.923
1692238620,+3.01,+26.847, +8.708,+0.923
1692238920,+3.01,+26.813, +8.637,+0.924
1692239220,+3.01,+26.770, +8.528,+0.923
1692239520,+3.01,+26.694, +8.493,+0.923
1692239820,+3.01,+26.651, +8.394,+0.923
1692240120,+3.01,+26.584, +8.310,+0.923
1692240420,+3.01,+26.550, +8.211,+0.923
1692240720,+3.01,+26.507, +8.078,+0.922
1692241020,+3.01,+26.465, +8.013,+0.922
1692241320,+3.01,+26.414, +7.947,+0.923
1692241620,+3.01,+26.372, +7.854,+0.922
1692241920,+3.01,+26.304, +7.806,+0.922
1692242220,+3.01,+26.245, +7.713,+0.922
1692242520,+3.01,+26.219, +7.621,+0.922
1692242820,+3.01,+26.143, +7.607,+0.922
1692243120,+3.01,+26.067, +7.611,+0.921
1692243420,+3.01,+26.050, +7.502,+0.922
1692243720,+3.01,+26.016, +7.384,+0.921
1692244020,+3.01,+25.957, +7.346,+0.921
1692244320,+3.01,+25.923, +7.250,+0.921
1692244620,+3.01,+25.873, +7.186,+0.921
1692244920,+3.01,+25.839, +7.151,+0.921
1692245220,+3.01,+25.780, +7.055,+0.921
1692245520,+3.01,+25.754, +7.072,+0.921
1692245820,+3.01,+25.712, +6.966,+0.921
1692246120,+3.01,+25.670, +6.981,+0.921
1692246420,+3.02,+25.619, +6.913,+0.921
1692246720,+3.02,+25.577, +6.854,+0.920
1692247020,+3.02,+25.535, +6.829,+0.921
1692247320,+3.02,+25.518, +6.740,+0.921
1692247620,+3.01,+25.459, +6.699,+0.920
1692247920,+3.01,+25.408, +6.637,+0.921
1692248220,+3.01,+25.383, +6.582,+0.920
1692248520,+3.01,+25.341, +6.542,+0.921
1692248820,+3.01,+25.316, +6.521,+0.920
1692249120,+3.01,+25.274, +6.481,+0.920
1692249420,+3.01,+25.231, +6.456,+0.921
1692249720,+3.01,+25.215, +6.411,+0.921
1692250020,+3.01,+25.189, +6.388,+0.920
1692250320,+3.01,+25.164, +6.367,+0.920
1692250620,+3.01,+25.113, +6.329,+0.920
1692250920,+3.01,+25.105, +6.306,+0.920
1692251220,+3.01,+25.054, +6.255,+0.920
1692251520,+3.01,+25.029, +6.256,+0.920
1692251820,+3.01,+25.004, +6.196,+0.920
1692252120,+3.01,+24.979, +6.181,+0.920
1692252420,+3.01,+24.970, +6.175,+0.920
1692252720,+3.01,+24.953, +6.147,+0.920
1692253020,+3.01,+24.894, +6.116,+0.920
1692253320,+3.01,+24.886, +6.124,+0.919
1692253620,+3.01,+24.869, +6.152,+0.920
1692253920,+3.01,+24.844, +6.080,+0.920
1692254220,+3.01,+24.827, +6.043,+0.920
1692254520,+3.01,+24.819, +5.966,+0.919
1692254820,+3.01,+24.802, +5.971,+0.920
1692255120,+3.01,+24.785, +5.947,+0.920
1692255420,+3.01,+24.760, +6.005,+0.920
1692255720,+3.02,+24.760, +5.954,+0.920
1692256020,+3.02,+24.751, +5.933,+0.919
1692256320,+3.02,+24.726, +5.905,+0.919
1692256620,+3.02,+24.692, +5.913,+0.919
1692256920,+3.02,+24.676, +5.854,+0.920
1692257220,+3.02,+24.701, +5.834,+0.920
1692257520,+3.02,+24.667, +5.829,+0.919
1692257820,+3.02,+24.650, +5.829,+0.920
1692258120,+3.02,+24.650, +5.802,+0.920
1692258420,+3.02,+24.650, +5.809,+0.919
1692258720,+3.02,+24.617, +5.738,+0.920
1692259020,+3.02,+24.608, +5.840,+0.920
1692259320,+3.02,+24.617, +5.785,+0.920
1692259620,+3.02,+24.600, +5.726,+0.920
1692259920,+3.02,+24.600, +5.728,+0.919
1692260220,+3.02,+24.600, +5.664,+0.919
1692260520,+3.02,+24.575, +5.664,+0.920
1692260820,+3.02,+24.575, +5.637,+0.919
1692261120,+3.02,+24.575, +5.650,+0.919
1692261420,+3.02,+24.566, +5.575,+0.920
1692261720,+3.02,+24.549, +5.533,+0.919
1692262020,+3.02,+24.541, +5.454,+0.919
1692262320,+3.02,+24.533, +5.535,+0.919
1692262620,+3.02,+24.524, +5.544,+0.919
1692262920,+3.02,+24.499, +5.522,+0.919
1692263220,+3.02,+24.491, +5.469,+0.919
1692263520,+3.02,+24.499, +5.438,+0.919
1692263820,+3.02,+24.482, +5.417,+0.919
1692264120,+3.02,+24.491, +5.379,+0.919
1692264420,+3.02,+24.474, +5.275,+0.919
1692264720,+3.02,+24.465, +5.263,+0.919
1692265020,+3.02,+24.448, +5.289,+0.919
1692265320,+3.02,+24.457, +5.324,+0.919
1692265620,+3.02,+24.432, +5.291,+0.919
1692265920,+3.02,+24.432, +5.229,+0.919
1692266220,+3.02,+24.415, +5.286,+0.919
1692266520,+3.02,+24.406, +5.240,+0.919
1692266820,+3.02,+24.398, +5.300,+0.919
1692267120,+3.02,+24.398, +5.210,+0.919
1692267420,+3.02,+24.390, +5.161,+0.919
1692267720,+3.02,+24.364, +5.094,+0.918
1692268020,+3.02,+24.356, +5.166,+0.919
1692268320,+3.01,+24.356, +5.202,+0.919
1692268620,+3.01,+24.331, +5.388,+0.919
1692268920,+3.01,+24.306, +5.533,+0.919
1692269220,+3.01,+24.306, +5.470,+0.919
1692269520,+3.01,+24.289, +5.346,+0.918
1692269820,+3.01,+24.272, +5.395,+0.919
1692270120,+3.01,+24.272, +5.527,+0.919
1692270420,+3.01,+24.272, +5.531,+0.919
1692270720,+3.01,+24.264, +5.410,+0.919
1692271020,+3.01,+24.230, +5.544,+0.919
1692271320,+3.01,+24.213, +5.693,+0.919
1692271620,+3.01,+24.222, +5.626,+0.919
1692271920,+3.01,+24.213, +5.568,+0.919
1692272220,+3.01,+24.196, +5.624,+0.919
1692272520,+3.01,+24.196, +5.590,+0.919
1692272820,+3.01,+24.188, +5.558,+0.919
1692273120,+3.01,+24.188, +5.488,+0.919
1692273420,+3.01,+24.154, +5.399,+0.919
1692273720,+3.01,+24.146, +5.365,+0.919
1692274020,+3.01,+24.154, +5.591,+0.919
1692274320,+3.01,+24.138, +5.608,+0.919
1692274620,+3.01,+24.129, +5.586,+0.919
1692274920,+3.01,+24.121, +5.566,+0.919
1692275220,+3.01,+24.121, +5.481,+0.918
1692275520,+3.01,+24.087, +5.560,+0.919
1692275820,+3.01,+24.087, +5.518,+0.919
1692276120,+3.01,+24.079, +5.588,+0.919
1692276420,+3.01,+24.079, +5.634,+0.919
1692276720,+3.01,+24.062, +5.624,+0.919
1692277020,+3.01,+24.087, +5.580,+0.920
1692277320,+3.01,+24.045, +5.586,+0.919
1692277620,+3.01,+24.054, +5.458,+0.919
1692277920,+3.01,+24.062, +5.384,+0.919
1692278220,+3.01,+24.045, +5.514,+0.919
1692278520,+3.01,+24.045, +5.549,+0.919
1692278820,+3.01,+24.028, +5.540,+0.919
1692279120,+3.01,+24.020, +5.476,+0.919
1692279420,+3.01,+24.020, +5.408,+0.919
1692279720,+3.01,+24.003, +5.436,+0.919
1692280020,+3.01,+24.003, +5.446,+0.919
1692280320,+3.01,+23.986, +5.457,+0.919
1692280620,+3.01,+23.995, +5.528,+0.919
1692280920,+3.01,+23.978, +5.569,+0.919
1692281220,+3.01,+23.978, +5.538,+0.919
1692281520,+3.01,+23.986, +5.586,+0.919
1692281820,+3.01,+23.978, +5.528,+0.919
1692282120,+3.01,+23.961, +5.480,+0.919
1692282420,+3.01,+23.986, +5.494,+0.919
1692282720,+3.01,+23.978, +5.598,+0.919
1692283020,+3.01,+23.978, +5.570,+0.919
1692283320,+3.01,+23.978, +5.505,+0.919
1692283620,+3.01,+23.961, +5.551,+0.919
1692283920,+3.01,+23.978, +5.506,+0.919
1692284220,+3.01,+23.970, +5.533,+0.919
1692284520,+3.01,+23.970, +5.489,+0.919
1692284820,+3.01,+23.970, +5.460,+0.919
1692285120,+3.01,+23.986, +5.722,+0.919
1692285420,+3.01,+24.012, +5.727,+0.919
1692285720,+3.01,+24.028, +5.764,+0.919
1692286020,+3.01,+24.045, +5.799,+0.919
1692286320,+3.01,+24.062, +5.766,+0.919
