7450-521120
OS REV: 1.04 Sensor Cal: 1570120153
Time (sec),  BV (Volts),  T (deg C),  DO (mg/l),  Q ()
1693842180,+3.02,+19.312, +8.506,+0.916
1693842480,+3.02,+19.396, +7.351,+0.915
1693842780,+3.02,+19.421, +7.336,+0.915
1693843080,+3.02,+19.421, +7.322,+0.915
1693843380,+3.02,+19.455, +7.311,+0.915
1693843680,+3.02,+19.446, +7.345,+0.916
1693843980,+3.01,+19.480, +7.339,+0.915
1693844280,+3.01,+19.480, +7.361,+0.916
1693844580,+3.01,+19.505, +7.376,+0.916
1693844880,+3.01,+19.513, +7.416,+0.916
1693845180,+3.01,+19.555, +7.458,+0.915
1693845480,+3.01,+19.589, +7.512,+0.915
1693845780,+3.01,+19.597, +7.578,+0.916
1693846080,+3.01,+19.647, +7.610,+0.916
1693846380,+3.01,+19.681, +7.660,+0.916
1693846680,+3.01,+19.706, +7.717,+0.916
1693846980,+3.01,+19.765, +7.871,+0.915
1693847280,+3.01,+19.790, +8.060,+0.916
1693847580,+3.01,+19.840, +8.141,+0.917
1693847880,+3.01,+19.874, +8.202,+0.917
1693848180,+3.01,+19.924, +8.279,+0.916
1693848480,+3.01,+19.966, +8.336,+0.916
1693848780,+3.01,+19.991, +8.385,+0.917
1693849080,+3.01,+20.025, +8.424,+0.916
1693849380,+3.01,+20.050, +8.456,+0.916
1693849680,+3.02,+20.117, +8.471,+0.916
1693849980,+3.02,+20.150, +8.498,+0.915
1693850280,+3.02,+20.209, +8.531,+0.916
1693850580,+3.02,+20.242, +8.552,+0.916
1693850880,+3.02,+20.293, +8.596,+0.916
1693851180,+3.02,+20.360, +8.653,+0.917
1693851480,+3.01,+20.393, +8.705,+0.917
1693851780,+3.01,+20.460, +8.747,+0.916
1693852080,+3.01,+20.502, +8.795,+0.916
1693852380,+3.01,+20.552, +8.844,+0.917
1693852680,+3.01,+20.611, +8.887,+0.916
1693852980,+3.01,+20.678, +8.907,+0.917
1693853280,+3.01,+20.703, +8.958,+0.917
1693853580,+3.01,+20.770, +8.968,+0.917
1693853880,+3.01,+20.820, +8.983,+0.917
1693854180,+3.01,+20.820, +9.017,+0.917
1693854480,+3.01,+20.896, +9.007,+0.917
1693854780,+3.01,+20.921, +9.035,+0.917
1693855080,+3.01,+20.971, +9.074,+0.918
1693855380,+3.01,+21.013, +9.063,+0.917
1693855680,+3.01,+21.046, +9.079,+0.918
1693855980,+3.01,+21.063, +9.099,+0.918
1693856280,+3.01,+21.122, +9.116,+0.918
1693856580,+3.01,+21.163, +9.115,+0.917
1693856880,+3.02,+21.214, +9.138,+0.917
1693857180,+3.01,+21.264, +9.164,+0.918
1693857480,+3.01,+21.306, +9.185,+0.917
1693857780,+3.01,+21.364, +9.217,+0.918
1693858080,+3.01,+21.423, +9.237,+0.918
1693858380,+3.01,+21.473, +9.269,+0.918
1693858680,+3.01,+21.523, +9.318,+0.918
1693858980,+3.01,+21.573, +9.291,+0.917
1693859280,+3.01,+21.615, +9.290,+0.918
1693859580,+3.01,+21.640, +9.313,+0.918
1693859880,+3.01,+21.674, +9.338,+0.918
1693860180,+3.01,+21.758, +9.391,+0.918
1693860480,+3.01,+21.774, +9.436,+0.918
1693860780,+3.01,+21.808, +9.426,+0.918
1693861080,+3.01,+21.866, +9.441,+0.918
1693861380,+3.01,+21.975, +9.482,+0.918
1693861680,+3.01,+22.076, +9.547,+0.918
1693861980,+3.01,+22.134, +9.611,+0.919
1693862280,+3.01,+22.193, +9.563,+0.918
1693862580,+3.01,+22.268, +9.573,+0.919
1693862880,+3.01,+22.327, +9.581,+0.919
1693863180,+3.01,+22.318, +9.597,+0.918
1693863480,+3.01,+22.327, +9.597,+0.919
1693863780,+3.01,+22.352, +9.590,+0.919
1693864080,+3.01,+22.369, +9.600,+0.918
1693864380,+3.01,+22.402, +9.625,+0.919
1693864680,+3.01,+22.385, +9.630,+0.919
1693864980,+3.01,+22.419, +9.598,+0.919
1693865280,+3.01,+22.444, +9.580,+0.919
1693865580,+3.01,+22.444, +9.566,+0.919
1693865880,+3.01,+22.503, +9.618,+0.919
1693866180,+3.01,+22.544, +9.617,+0.919
1693866480,+3.01,+22.595, +9.650,+0.919
1693866780,+3.01,+22.637, +9.662,+0.918
1693867080,+3.01,+22.637, +9.667,+0.919
1693867380,+3.01,+22.762, +9.721,+0.920
1693867680,+3.01,+22.787, +9.704,+0.919
1693867980,+3.01,+22.854, +9.698,+0.919
1693868280,+3.01,+22.812, +9.711,+0.919
1693868580,+3.01,+22.804, +9.699,+0.919
1693868880,+3.01,+22.905, +9.723,+0.919
1693869180,+3.01,+22.938, +9.748,+0.919
1693869480,+3.01,+22.938, +9.755,+0.919
1693869780,+3.01,+22.930, +9.735,+0.920
1693870080,+3.01,+22.988, +9.724,+0.920
1693870380,+3.01,+22.963, +9.737,+0.919
1693870680,+3.01,+22.997, +9.752,+0.919
1693870980,+3.01,+22.980, +9.719,+0.919
1693871280,+3.01,+22.988, +9.700,+0.919
1693871580,+3.01,+23.055, +9.716,+0.919
1693871880,+3.01,+23.064, +9.739,+0.920
1693872180,+3.01,+23.055, +9.704,+0.919
1693872480,+3.01,+23.064, +9.733,+0.919
1693872780,+3.01,+23.081, +9.775,+0.920
1693873080,+3.01,+23.030, +9.757,+0.920
1693873380,+3.01,+22.997, +9.693,+0.919
1693873680,+3.01,+23.005, +9.674,+0.920
1693873980,+3.01,+23.013, +9.683,+0.920
1693874280,+3.01,+22.980, +9.687,+0.920
1693874580,+3.01,+22.972, +9.655,+0.919
1693874880,+3.01,+22.946, +9.638,+0.919
1693875180,+3.01,+22.838, +9.627,+0.919
1693875480,+3.01,+22.787, +9.592,+0.920
1693875780,+3.01,+22.762, +9.551,+0.919
1693876080,+3.01,+22.720, +9.530,+0.919
1693876380,+3.01,+22.695, +9.468,+0.919
1693876680,+3.01,+22.645, +9.420,+0.919
1693876980,+3.01,+22.611, +9.351,+0.918
1693877280,+3.01,+22.603, +9.311,+0.919
1693877580,+3.01,+22.553, +9.275,+0.919
1693877880,+3.01,+22.528, +9.227,+0.918
1693878180,+3.01,+22.494, +9.205,+0.918
1693878480,+3.01,+22.419, +9.158,+0.918
1693878780,+3.01,+22.410, +9.123,+0.919
1693879080,+3.01,+22.369, +9.091,+0.919
1693879380,+3.01,+22.293, +9.018,+0.918
1693879680,+3.01,+22.277, +8.963,+0.918
1693879980,+3.01,+22.226, +8.941,+0.919
1693880280,+3.01,+22.151, +8.896,+0.918
1693880580,+3.01,+22.126, +8.831,+0.918
1693880880,+3.01,+22.084, +8.769,+0.918
1693881180,+3.01,+22.025, +8.727,+0.918
1693881480,+3.01,+21.992, +8.678,+0.918
1693881780,+3.01,+21.933, +8.606,+0.918
1693882080,+3.01,+21.866, +8.536,+0.918
1693882380,+3.01,+21.808, +8.481,+0.917
1693882680,+3.01,+21.783, +8.423,+0.917
1693882980,+3.01,+21.749, +8.381,+0.918
1693883280,+3.01,+21.707, +8.325,+0.917
1693883580,+3.01,+21.674, +8.273,+0.917
1693883880,+3.01,+21.640, +8.238,+0.917
1693884180,+3.01,+21.615, +8.186,+0.917
1693884480,+3.01,+21.548, +8.157,+0.917
1693884780,+3.01,+21.515, +8.104,+0.917
1693885080,+3.01,+21.473, +8.073,+0.916
1693885380,+3.01,+21.431, +8.026,+0.917
1693885680,+3.01,+21.356, +7.971,+0.917
1693885980,+3.01,+21.314, +7.936,+0.917
1693886280,+3.01,+21.272, +7.885,+0.916
1693886580,+3.01,+21.239, +7.823,+0.917
1693886880,+3.01,+21.180, +7.790,+0.918
1693887180,+3.01,+21.138, +7.735,+0.917
1693887480,+3.01,+21.096, +7.686,+0.916
1693887780,+3.01,+21.055, +7.672,+0.917
1693888080,+3.01,+21.013, +7.630,+0.917
1693888380,+3.01,+20.996, +7.589,+0.917
1693888680,+3.01,+20.963, +7.548,+0.917
1693888980,+3.01,+20.896, +7.518,+0.916
1693889280,+3.01,+20.845, +7.485,+0.917
1693889580,+3.01,+20.795, +7.465,+0.917
1693889880,+3.01,+20.762, +7.440,+0.916
1693890180,+3.01,+20.737, +7.401,+0.916
1693890480,+3.01,+20.695, +7.375,+0.917
1693890780,+3.01,+20.644, +7.357,+0.917
1693891080,+3.01,+20.653, +7.318,+0.916
1693891380,+3.01,+20.619, +7.293,+0.916
1693891680,+3.01,+20.577, +7.262,+0.917
1693891980,+3.01,+20.561, +7.151,+0.916
1693892280,+3.01,+20.544, +7.184,+0.916
1693892580,+3.01,+20.527, +7.178,+0.916
1693892880,+3.01,+20.485, +7.166,+0.917
1693893180,+3.01,+20.477, +7.147,+0.916
1693893480,+3.01,+20.427, +7.134,+0.916
1693893780,+3.01,+20.418, +7.146,+0.916
1693894080,+3.01,+20.418, +7.110,+0.916
1693894380,+3.01,+20.368, +7.106,+0.916
1693894680,+3.01,+20.368, +7.088,+0.916
1693894980,+3.02,+20.326, +7.086,+0.916
1693895280,+3.02,+20.309, +7.067,+0.916
1693895580,+3.02,+20.284, +7.040,+0.916
1693895880,+3.01,+20.259, +7.032,+0.916
1693896180,+3.02,+20.259, +6.923,+0.916
1693896480,+3.02,+20.217, +6.990,+0.916
1693896780,+3.02,+20.192, +6.985,+0.916
1693897080,+3.02,+20.192, +6.980,+0.916
1693897380,+3.02,+20.175, +6.980,+0.916
1693897680,+3.02,+20.159, +6.976,+0.916
1693897980,+3.02,+20.142, +6.948,+0.916
1693898280,+3.02,+20.142, +6.913,+0.916
1693898580,+3.02,+20.117, +6.916,+0.916
1693898880,+3.02,+20.083, +6.912,+0.916
1693899180,+3.02,+20.083, +6.905,+0.916
1693899480,+3.01,+20.083, +6.897,+0.916
1693899780,+3.01,+20.075, +6.873,+0.916
1693900080,+3.01,+20.058, +6.837,+0.916
1693900380,+3.01,+20.025, +6.831,+0.915
1693900680,+3.01,+20.016, +6.811,+0.916
1693900980,+3.01,+20.016, +6.764,+0.916
1693901280,+3.01,+19.991, +6.752,+0.916
1693901580,+3.01,+19.983, +6.732,+0.916
1693901880,+3.01,+19.941, +6.732,+0.916
1693902180,+3.01,+19.941, +6.707,+0.916
1693902480,+3.01,+19.916, +6.648,+0.916
1693902780,+3.01,+19.891, +6.641,+0.915
1693903080,+3.01,+19.891, +6.642,+0.916
1693903380,+3.01,+19.882, +6.633,+0.916
1693903680,+3.01,+19.865, +6.628,+0.916
1693903980,+3.01,+19.857, +6.664,+0.916
1693904280,+3.01,+19.840, +6.633,+0.916
1693904580,+3.01,+19.815, +6.630,+0.916
1693904880,+3.01,+19.798, +6.614,+0.916
1693905180,+3.01,+19.798, +6.594,+0.915
1693905480,+3.01,+19.790, +6.612,+0.916
1693905780,+3.01,+19.782, +6.631,+0.916
1693906080,+3.01,+19.815, +6.629,+0.915
1693906380,+3.01,+19.773, +6.622,+0.916
1693906680,+3.01,+19.765, +6.606,+0.916
1693906980,+3.01,+19.765, +6.562,+0.916
1693907280,+3.01,+19.731, +6.532,+0.916
1693907580,+3.01,+19.740, +6.564,+0.915
1693907880,+3.01,+19.715, +6.558,+0.916
1693908180,+3.01,+19.723, +6.620,+0.916
1693908480,+3.01,+19.731, +6.637,+0.916
1693908780,+3.01,+19.723, +6.603,+0.915
1693909080,+3.01,+19.723, +6.621,+0.916
1693909380,+3.01,+19.706, +6.673,+0.916
1693909680,+3.01,+19.715, +6.631,+0.915
1693909980,+3.01,+19.698, +6.603,+0.916
1693910280,+3.01,+19.681, +6.565,+0.916
1693910580,+3.01,+19.689, +6.569,+0.916
1693910880,+3.01,+19.664, +6.569,+0.915
1693911180,+3.01,+19.673, +6.545,+0.915
1693911480,+3.01,+19.664, +6.552,+0.915
1693911780,+3.01,+19.656, +6.546,+0.916
1693912080,+3.01,+19.647, +6.515,+0.916
1693912380,+3.01,+19.622, +6.506,+0.915
1693912680,+3.01,+19.622, +6.465,+0.915
1693912980,+3.01,+19.614, +6.477,+0.916
1693913280,+3.01,+19.597, +6.502,+0.916
1693913580,+3.01,+19.580, +6.483,+0.916
1693913880,+3.01,+19.580, +6.480,+0.915
1693914180,+3.01,+19.572, +6.526,+0.915
1693914480,+3.01,+19.597, +6.524,+0.916
1693914780,+3.01,+19.597, +6.669,+0.915
1693915080,+3.01,+19.572, +6.625,+0.916
1693915380,+3.01,+19.547, +6.602,+0.916
1693915680,+3.01,+19.538, +6.627,+0.915
1693915980,+3.01,+19.530, +6.611,+0.915
1693916280,+3.01,+19.530, +6.593,+0.915
1693916580,+3.01,+19.522, +6.582,+0.916
1693916880,+3.01,+19.505, +6.566,+0.916
1693917180,+3.01,+19.522, +6.581,+0.916
1693917480,+3.01,+19.463, +6.566,+0.916
1693917780,+3.01,+19.488, +6.560,+0.915
1693918080,+3.02,+19.471, +6.506,+0.915
1693918380,+3.02,+19.455, +6.527,+0.916
1693918680,+3.02,+19.455, +6.557,+0.916
1693918980,+3.02,+19.455, +6.536,+0.916
1693919280,+3.02,+19.413, +6.527,+0.916
1693919580,+3.02,+19.429, +6.547,+0.915
1693919880,+3.02,+19.413, +6.524,+0.915
1693920180,+3.02,+19.387, +6.514,+0.916
1693920480,+3.02,+19.396, +6.526,+0.915
1693920780,+3.02,+19.379, +6.520,+0.915
1693921080,+3.02,+19.379, +6.541,+0.916
1693921380,+3.02,+19.362, +6.565,+0.915
1693921680,+3.02,+19.362, +6.538,+0.915
1693921980,+3.02,+19.329, +6.535,+0.915
1693922280,+3.02,+19.362, +6.538,+0.915
1693922580,+3.02,+19.329, +6.544,+0.916
1693922880,+3.02,+19.312, +6.540,+0.916
1693923180,+3.02,+19.320, +6.566,+0.915
1693923480,+3.02,+19.320, +6.612,+0.915
1693923780,+3.02,+19.295, +6.599,+0.915
1693924080,+3.02,+19.287, +6.581,+0.915
1693924380,+3.02,+19.295, +6.576,+0.915
1693924680,+3.02,+19.278, +6.549,+0.916
1693924980,+3.02,+19.262, +6.517,+0.915
1693925280,+3.02,+19.270, +6.531,+0.915
1693925580,+3.02,+19.270, +6.644,+0.916
1693925880,+3.02,+19.245, +6.655,+0.915
1693926180,+3.02,+19.253, +6.613,+0.915
1693926480,+3.02,+19.253, +6.636,+0.915
1693926780,+3.02,+19.270, +6.622,+0.915
1693927080,+3.02,+19.236, +6.653,+0.915
1693927380,+3.02,+19.262, +6.706,+0.915
1693927680,+3.02,+19.262, +6.769,+0.915
1693927980,+3.02,+19.253, +6.814,+0.915
1693928280,+3.02,+19.304, +6.813,+0.915
1693928580,+3.02,+19.312, +6.820,+0.915
