7450-521120
OS REV: 1.04 Sensor Cal: 1570120153
Time (sec),  BV (Volts),  T (deg C),  DO (mg/l),  Q ()
1693411200,+3.02,+20.100, +7.072,+0.916
1693411500,+3.02,+20.092, +7.151,+0.917
1693411800,+3.02,+20.134, +7.235,+0.917
1693412100,+3.02,+20.159, +7.242,+0.917
1693412400,+3.02,+20.184, +7.283,+0.917
1693412700,+3.02,+20.192, +7.325,+0.917
1693413000,+3.02,+20.217, +7.356,+0.917
1693413300,+3.02,+20.217, +7.422,+0.917
1693413600,+3.02,+20.284, +7.473,+0.917
1693413900,+3.02,+20.309, +7.575,+0.917
1693414200,+3.02,+20.343, +7.608,+0.918
1693414500,+3.02,+20.368, +7.657,+0.917
1693414800,+3.02,+20.393, +7.728,+0.918
1693415100,+3.02,+20.443, +7.763,+0.917
1693415400,+3.02,+20.477, +7.767,+0.917
1693415700,+3.02,+20.510, +7.755,+0.918
1693416000,+3.02,+20.552, +7.779,+0.918
1693416300,+3.02,+20.586, +7.842,+0.918
1693416600,+3.02,+20.628, +7.867,+0.917
1693416900,+3.02,+20.661, +7.921,+0.918
1693417200,+3.01,+20.711, +8.025,+0.918
1693417500,+3.01,+20.753, +8.050,+0.918
1693417800,+3.01,+20.795, +8.092,+0.918
1693418100,+3.01,+20.845, +8.171,+0.918
1693418400,+3.01,+20.887, +8.201,+0.918
1693418700,+3.01,+20.929, +8.266,+0.918
1693419000,+3.01,+20.979, +8.332,+0.918
1693419300,+3.01,+21.021, +8.349,+0.918
1693419600,+3.01,+21.096, +8.347,+0.918
1693419900,+3.01,+21.130, +8.408,+0.918
1693420200,+3.02,+21.180, +8.479,+0.918
1693420500,+3.02,+21.247, +8.461,+0.918
1693420800,+3.02,+21.297, +8.472,+0.918
1693421100,+3.02,+21.356, +8.494,+0.918
1693421400,+3.02,+21.414, +8.591,+0.918
1693421700,+3.02,+21.490, +8.717,+0.919
1693422000,+3.02,+21.523, +8.722,+0.919
1693422300,+3.02,+21.582, +8.760,+0.919
1693422600,+3.01,+21.666, +8.912,+0.919
1693422900,+3.01,+21.724, +8.935,+0.919
1693423200,+3.01,+21.766, +8.976,+0.919
1693423500,+3.01,+21.808, +9.043,+0.919
1693423800,+3.01,+21.866, +9.042,+0.919
1693424100,+3.01,+21.908, +9.108,+0.920
1693424400,+3.01,+21.942, +9.113,+0.920
1693424700,+3.01,+21.992, +9.097,+0.919
1693425000,+3.01,+22.050, +9.132,+0.920
1693425300,+3.01,+22.101, +9.157,+0.919
1693425600,+3.01,+22.143, +9.282,+0.920
1693425900,+3.01,+22.201, +9.300,+0.919
1693426200,+3.02,+22.251, +9.304,+0.919
1693426500,+3.02,+22.318, +9.359,+0.920
1693426800,+3.02,+22.369, +9.444,+0.919
1693427100,+3.02,+22.369, +9.455,+0.920
1693427400,+3.02,+22.419, +9.468,+0.920
1693427700,+3.01,+22.469, +9.457,+0.920
1693428000,+3.01,+22.511, +9.496,+0.920
1693428300,+3.01,+22.553, +9.531,+0.920
1693428600,+3.01,+22.620, +9.588,+0.920
1693428900,+3.01,+22.653, +9.665,+0.921
1693429200,+3.01,+22.720, +9.630,+0.920
1693429500,+3.01,+22.745, +9.693,+0.921
1693429800,+3.01,+22.796, +9.726,+0.920
1693430100,+3.01,+22.871, +9.752,+0.920
1693430400,+3.01,+22.896, +9.824,+0.920
1693430700,+3.01,+22.972, +9.840,+0.921
1693431000,+3.01,+23.013, +9.848,+0.921
1693431300,+3.01,+23.064, +9.862,+0.920
1693431600,+3.01,+23.089, +9.888,+0.921
1693431900,+3.01,+23.148, +9.872,+0.921
1693432200,+3.01,+23.189, +9.937,+0.921
1693432500,+3.01,+23.215, +9.935,+0.920
1693432800,+3.01,+23.231, +9.939,+0.920
1693433100,+3.01,+23.257, +9.966,+0.921
1693433400,+3.01,+23.290, +9.927,+0.921
1693433700,+3.01,+23.307, +9.913,+0.921
1693434000,+3.01,+23.349, +9.927,+0.921
1693434300,+3.01,+23.357, +9.975,+0.921
1693434600,+3.01,+23.382,+10.001,+0.921
1693434900,+3.01,+23.433,+10.038,+0.920
1693435200,+3.01,+23.466,+10.021,+0.921
1693435500,+3.01,+23.508,+10.007,+0.921
1693435800,+3.01,+23.550,+10.025,+0.921
1693436100,+3.01,+23.567,+10.027,+0.921
1693436400,+3.01,+23.550,+10.038,+0.921
1693436700,+3.01,+23.575,+10.062,+0.921
1693437000,+3.01,+23.592,+10.058,+0.921
1693437300,+3.01,+23.642,+10.072,+0.922
1693437600,+3.01,+23.626,+10.134,+0.921
1693437900,+3.01,+23.659,+10.113,+0.921
1693438200,+3.01,+23.651,+10.138,+0.922
1693438500,+3.01,+23.617,+10.118,+0.921
1693438800,+3.01,+23.667,+10.133,+0.921
1693439100,+3.01,+23.651,+10.108,+0.921
1693439400,+3.01,+23.667,+10.036,+0.920
1693439700,+3.01,+23.693,+10.036,+0.921
1693440000,+3.01,+23.676,+10.077,+0.922
1693440300,+3.01,+23.676,+10.100,+0.921
1693440600,+3.01,+23.709,+10.136,+0.921
1693440900,+3.01,+23.735,+10.150,+0.921
1693441200,+3.01,+23.684,+10.165,+0.922
1693441500,+3.01,+23.701,+10.119,+0.921
1693441800,+3.01,+23.642,+10.095,+0.922
1693442100,+3.01,+23.617,+10.062,+0.921
1693442400,+3.01,+23.600,+10.027,+0.922
1693442700,+3.01,+23.567, +9.970,+0.922
1693443000,+3.01,+23.550, +9.915,+0.922
1693443300,+3.01,+23.525, +9.874,+0.921
1693443600,+3.01,+23.449, +9.853,+0.921
1693443900,+3.01,+23.424, +9.815,+0.921
1693444200,+3.01,+23.391, +9.772,+0.920
1693444500,+3.01,+23.340, +9.732,+0.921
1693444800,+3.01,+23.298, +9.658,+0.921
1693445100,+3.01,+23.265, +9.613,+0.921
1693445400,+3.01,+23.231, +9.546,+0.920
1693445700,+3.01,+23.173, +9.521,+0.920
1693446000,+3.01,+23.139, +9.482,+0.921
1693446300,+3.01,+23.064, +9.435,+0.921
1693446600,+3.01,+23.022, +9.377,+0.921
1693446900,+3.01,+22.980, +9.335,+0.920
1693447200,+3.01,+22.921, +9.308,+0.920
1693447500,+3.01,+22.888, +9.257,+0.920
1693447800,+3.01,+22.846, +9.223,+0.920
1693448100,+3.01,+22.787, +9.174,+0.920
1693448400,+3.01,+22.720, +9.112,+0.920
1693448700,+3.01,+22.662, +9.051,+0.920
1693449000,+3.01,+22.611, +8.988,+0.919
1693449300,+3.01,+22.561, +8.960,+0.920
1693449600,+3.01,+22.494, +8.888,+0.919
1693449900,+3.01,+22.444, +8.836,+0.920
1693450200,+3.02,+22.360, +8.760,+0.919
1693450500,+3.02,+22.327, +8.701,+0.919
1693450800,+3.02,+22.302, +8.654,+0.919
1693451100,+3.02,+22.251, +8.610,+0.919
1693451400,+3.01,+22.210, +8.537,+0.919
1693451700,+3.01,+22.168, +8.502,+0.919
1693452000,+3.01,+22.117, +8.460,+0.919
1693452300,+3.01,+22.067, +8.411,+0.919
1693452600,+3.01,+22.017, +8.339,+0.918
1693452900,+3.01,+21.958, +8.289,+0.919
1693453200,+3.01,+21.908, +8.231,+0.919
1693453500,+3.01,+21.858, +8.164,+0.919
1693453800,+3.01,+21.799, +8.099,+0.919
1693454100,+3.01,+21.774, +8.074,+0.919
1693454400,+3.01,+21.732, +8.012,+0.918
1693454700,+3.01,+21.682, +7.949,+0.918
1693455000,+3.01,+21.624, +7.928,+0.918
1693455300,+3.01,+21.590, +7.877,+0.919
1693455600,+3.02,+21.515, +7.837,+0.918
1693455900,+3.02,+21.498, +7.776,+0.918
1693456200,+3.02,+21.448, +7.727,+0.918
1693456500,+3.02,+21.381, +7.686,+0.918
1693456800,+3.02,+21.364, +7.665,+0.918
1693457100,+3.02,+21.322, +7.636,+0.918
1693457400,+3.02,+21.272, +7.602,+0.918
1693457700,+3.02,+21.239, +7.550,+0.918
1693458000,+3.02,+21.214, +7.522,+0.918
1693458300,+3.02,+21.189, +7.528,+0.918
1693458600,+3.02,+21.163, +7.511,+0.918
1693458900,+3.01,+21.113, +7.461,+0.917
1693459200,+3.01,+21.088, +7.468,+0.918
1693459500,+3.01,+21.071, +7.444,+0.918
1693459800,+3.01,+21.029, +7.435,+0.917
1693460100,+3.01,+21.013, +7.394,+0.918
1693460400,+3.01,+21.004, +7.360,+0.917
1693460700,+3.01,+20.954, +7.344,+0.918
1693461000,+3.01,+20.946, +7.350,+0.917
1693461300,+3.01,+20.929, +7.326,+0.918
1693461600,+3.01,+20.887, +7.338,+0.918
1693461900,+3.01,+20.887, +7.336,+0.918
1693462200,+3.01,+20.845, +7.347,+0.918
1693462500,+3.01,+20.820, +7.342,+0.917
1693462800,+3.01,+20.803, +7.296,+0.917
1693463100,+3.01,+20.795, +7.272,+0.918
1693463400,+3.01,+20.745, +7.299,+0.917
1693463700,+3.01,+20.745, +7.274,+0.917
1693464000,+3.01,+20.720, +7.236,+0.918
1693464300,+3.01,+20.703, +7.229,+0.918
1693464600,+3.01,+20.678, +7.264,+0.918
1693464900,+3.02,+20.661, +7.244,+0.917
1693465200,+3.02,+20.636, +7.228,+0.917
1693465500,+3.02,+20.586, +7.189,+0.917
1693465800,+3.02,+20.552, +7.138,+0.917
1693466100,+3.02,+20.519, +7.078,+0.917
1693466400,+3.02,+20.494, +7.032,+0.917
1693466700,+3.02,+20.494, +6.973,+0.917
1693467000,+3.02,+20.469, +6.965,+0.917
1693467300,+3.02,+20.452, +6.953,+0.917
1693467600,+3.02,+20.452, +6.907,+0.917
1693467900,+3.02,+20.443, +6.854,+0.917
1693468200,+3.02,+20.460, +6.794,+0.917
1693468500,+3.02,+20.410, +6.813,+0.917
1693468800,+3.02,+20.402, +6.788,+0.917
1693469100,+3.02,+20.385, +6.749,+0.917
1693469400,+3.02,+20.351, +6.737,+0.917
1693469700,+3.02,+20.385, +6.697,+0.917
1693470000,+3.02,+20.351, +6.653,+0.917
1693470300,+3.02,+20.351, +6.659,+0.917
1693470600,+3.02,+20.343, +6.679,+0.917
1693470900,+3.02,+20.335, +6.668,+0.917
1693471200,+3.02,+20.318, +6.614,+0.917
1693471500,+3.02,+20.326, +6.642,+0.917
1693471800,+3.02,+20.301, +6.638,+0.917
1693472100,+3.02,+20.301, +6.582,+0.917
1693472400,+3.02,+20.268, +6.559,+0.917
1693472700,+3.02,+20.234, +6.520,+0.917
1693473000,+3.02,+20.251, +6.523,+0.917
1693473300,+3.02,+20.217, +6.535,+0.917
1693473600,+3.02,+20.209, +6.500,+0.917
1693473900,+3.02,+20.201, +6.483,+0.917
1693474200,+3.02,+20.175, +6.514,+0.917
1693474500,+3.02,+20.167, +6.653,+0.917
1693474800,+3.02,+20.184, +6.675,+0.917
1693475100,+3.02,+20.150, +6.675,+0.917
1693475400,+3.02,+20.125, +6.661,+0.917
1693475700,+3.02,+20.100, +6.595,+0.917
1693476000,+3.02,+20.100, +6.525,+0.916
1693476300,+3.02,+20.100, +6.613,+0.917
1693476600,+3.02,+20.067, +6.637,+0.916
1693476900,+3.02,+20.033, +6.578,+0.917
1693477200,+3.02,+20.033, +6.504,+0.917
1693477500,+3.02,+20.033, +6.452,+0.917
1693477800,+3.02,+20.025, +6.505,+0.917
1693478100,+3.01,+20.025, +6.592,+0.917
1693478400,+3.01,+19.983, +6.542,+0.917
1693478700,+3.01,+20.025, +6.537,+0.917
1693479000,+3.01,+20.000, +6.552,+0.917
1693479300,+3.01,+20.000, +6.560,+0.917
1693479600,+3.01,+19.974, +6.583,+0.917
1693479900,+3.01,+19.974, +6.562,+0.917
1693480200,+3.01,+19.941, +6.538,+0.916
1693480500,+3.01,+19.949, +6.520,+0.917
1693480800,+3.01,+19.941, +6.489,+0.916
1693481100,+3.01,+19.949, +6.494,+0.917
1693481400,+3.01,+19.941, +6.466,+0.917
1693481700,+3.01,+19.958, +6.449,+0.917
1693482000,+3.01,+19.924, +6.434,+0.916
1693482300,+3.01,+19.924, +6.406,+0.917
1693482600,+3.01,+19.899, +6.445,+0.917
1693482900,+3.01,+19.907, +6.421,+0.917
1693483200,+3.01,+19.932, +6.424,+0.916
1693483500,+3.01,+19.916, +6.428,+0.917
1693483800,+3.01,+19.899, +6.477,+0.916
1693484100,+3.01,+19.882, +6.517,+0.917
1693484400,+3.01,+19.899, +6.434,+0.916
1693484700,+3.01,+19.899, +6.447,+0.917
1693485000,+3.01,+19.907, +6.436,+0.917
1693485300,+3.01,+19.899, +6.442,+0.917
1693485600,+3.01,+19.907, +6.441,+0.917
1693485900,+3.01,+19.916, +6.439,+0.916
1693486200,+3.01,+19.941, +6.386,+0.917
1693486500,+3.01,+19.941, +6.370,+0.917
1693486800,+3.01,+19.924, +6.399,+0.917
1693487100,+3.01,+19.958, +6.399,+0.917
1693487400,+3.01,+19.966, +6.459,+0.917
1693487700,+3.01,+19.958, +6.457,+0.917
1693488000,+3.01,+19.966, +6.462,+0.917
1693488300,+3.01,+19.974, +6.391,+0.917
1693488600,+3.01,+19.966, +6.427,+0.916
1693488900,+3.01,+19.932, +6.408,+0.916
1693489200,+3.01,+19.958, +6.413,+0.917
1693489500,+3.01,+19.974, +6.403,+0.916
1693489800,+3.01,+19.974, +6.406,+0.917
1693490100,+3.01,+19.958, +6.372,+0.917
1693490400,+3.01,+19.949, +6.351,+0.917
1693490700,+3.01,+19.958, +6.331,+0.917
1693491000,+3.01,+19.966, +6.407,+0.917
1693491300,+3.01,+19.958, +6.390,+0.917
1693491600,+3.01,+19.949, +6.435,+0.917
1693491900,+3.01,+19.966, +6.385,+0.917
1693492200,+3.01,+19.949, +6.391,+0.917
1693492500,+3.01,+19.958, +6.415,+0.917
1693492800,+3.01,+19.941, +6.469,+0.917
1693493100,+3.01,+19.941, +6.436,+0.917
1693493400,+3.01,+19.941, +6.449,+0.917
1693493700,+3.01,+19.958, +6.460,+0.916
1693494000,+3.01,+19.941, +6.510,+0.917
1693494300,+3.01,+19.958, +6.541,+0.916
1693494600,+3.01,+19.949, +6.553,+0.917
1693494900,+3.01,+19.949, +6.594,+0.917
1693495200,+3.01,+19.949, +6.665,+0.917
1693495500,+3.01,+19.958, +6.643,+0.917
1693495800,+3.01,+19.949, +6.620,+0.917
1693496100,+3.01,+19.966, +6.706,+0.917
1693496400,+3.01,+19.974, +6.707,+0.916
1693496700,+3.01,+19.983, +6.700,+0.917
1693497000,+3.01,+20.025, +6.751,+0.918
1693497300,+3.01,+20.025, +6.839,+0.917
1693497600,+3.02,+20.016, +6.874,+0.917
