7450-521120
OS REV: 1.04 Sensor Cal: 1570120153
Time (sec),  BV (Volts),  T (deg C),  DO (mg/l),  Q ()
1692460020,+3.02,+22.796, +6.190,+0.918
1692460320,+3.02,+22.804, +6.229,+0.918
1692460620,+3.02,+22.879, +6.219,+0.919
1692460920,+3.02,+22.871, +6.198,+0.918
1692461220,+3.02,+22.888, +6.324,+0.918
1692461520,+3.01,+22.938, +6.341,+0.918
1692461820,+3.01,+22.972, +6.360,+0.918
1692462120,+3.01,+23.030, +6.431,+0.918
1692462420,+3.01,+23.081, +6.406,+0.918
1692462720,+3.01,+23.106, +6.455,+0.918
1692463020,+3.01,+23.148, +6.495,+0.919
1692463320,+3.01,+23.215, +6.527,+0.918
1692463620,+3.02,+23.240, +6.579,+0.919
1692463920,+3.02,+23.282, +6.653,+0.919
1692464220,+3.02,+23.307, +6.691,+0.919
1692464520,+3.02,+23.332, +6.683,+0.919
1692464820,+3.02,+23.366, +6.706,+0.919
1692465120,+3.02,+23.399, +6.752,+0.918
1692465420,+3.02,+23.441, +6.858,+0.919
1692465720,+3.02,+23.483, +6.858,+0.919
1692466020,+3.02,+23.475, +6.926,+0.919
1692466320,+3.02,+23.516, +6.988,+0.919
1692466620,+3.02,+23.508, +7.070,+0.919
1692466920,+3.02,+23.575, +7.136,+0.919
1692467220,+3.02,+23.634, +7.203,+0.920
1692467520,+3.02,+23.709, +7.244,+0.919
1692467820,+3.02,+23.760, +7.299,+0.919
1692468120,+3.02,+23.793, +7.391,+0.920
1692468420,+3.02,+23.802, +7.467,+0.920
1692468720,+3.02,+23.844, +7.525,+0.920
1692469020,+3.01,+23.877, +7.560,+0.919
1692469320,+3.01,+23.944, +7.624,+0.920
1692469620,+3.01,+23.970, +7.651,+0.920
1692469920,+3.01,+24.003, +7.700,+0.920
1692470220,+3.01,+24.020, +7.760,+0.919
1692470520,+3.01,+24.012, +7.860,+0.920
1692470820,+3.01,+24.012, +7.856,+0.920
1692471120,+3.01,+23.978, +7.910,+0.919
1692471420,+3.01,+23.961, +7.871,+0.920
1692471720,+3.01,+23.944, +7.838,+0.920
1692472020,+3.01,+23.944, +7.784,+0.920
1692472320,+3.01,+23.978, +7.690,+0.920
1692472620,+3.01,+23.953, +7.660,+0.919
1692472920,+3.01,+23.961, +7.622,+0.919
1692473220,+3.01,+23.961, +7.582,+0.919
1692473520,+3.01,+23.953, +7.583,+0.920
1692473820,+3.01,+23.978, +7.565,+0.920
1692474120,+3.01,+24.012, +7.553,+0.920
1692474420,+3.01,+23.995, +7.584,+0.919
1692474720,+3.01,+24.020, +7.574,+0.919
1692475020,+3.01,+24.037, +7.565,+0.920
1692475320,+3.01,+24.045, +7.596,+0.920
1692475620,+3.01,+24.087, +7.615,+0.919
1692475920,+3.01,+24.054, +7.614,+0.920
1692476220,+3.01,+24.087, +7.631,+0.920
1692476520,+3.01,+24.112, +7.634,+0.919
1692476820,+3.01,+24.121, +7.700,+0.919
1692477120,+3.01,+24.129, +7.785,+0.920
1692477420,+3.01,+24.205, +7.783,+0.920
1692477720,+3.01,+24.272, +7.833,+0.920
1692478020,+3.01,+24.289, +7.929,+0.921
1692478320,+3.01,+24.364, +7.924,+0.920
1692478620,+3.02,+24.432, +7.909,+0.920
1692478920,+3.02,+24.625, +7.964,+0.920
1692479220,+3.01,+24.844, +8.278,+0.921
1692479520,+3.01,+24.995, +8.389,+0.922
1692479820,+3.01,+25.130, +8.413,+0.921
1692480120,+3.01,+25.223, +8.417,+0.921
1692480420,+3.01,+25.333, +8.369,+0.921
1692480720,+3.01,+25.434, +8.375,+0.921
1692481020,+3.01,+25.408, +8.651,+0.921
1692481320,+3.01,+25.029, +8.831,+0.921
1692481620,+3.01,+24.861, +8.763,+0.920
1692481920,+3.02,+24.726, +8.726,+0.921
1692482220,+3.02,+24.625, +8.691,+0.921
1692482520,+3.02,+24.575, +8.718,+0.921
1692482820,+3.02,+24.541, +8.678,+0.921
1692483120,+3.02,+24.608, +8.637,+0.921
1692483420,+3.02,+24.608, +8.736,+0.922
1692483720,+3.02,+24.676, +8.776,+0.921
1692484020,+3.01,+24.878, +8.812,+0.921
1692484320,+3.01,+25.097, +9.042,+0.920
1692484620,+3.01,+25.223, +9.143,+0.921
1692484920,+3.01,+25.375, +9.241,+0.923
1692485220,+3.01,+25.569, +9.349,+0.923
1692485520,+3.01,+25.949, +9.363,+0.923
1692485820,+3.01,+26.219, +9.307,+0.923
1692486120,+3.01,+26.016, +9.210,+0.922
1692486420,+3.01,+25.957, +9.242,+0.922
1692486720,+3.01,+26.093, +9.286,+0.922
1692487020,+3.01,+25.873, +9.330,+0.922
1692487320,+3.01,+25.797, +9.355,+0.922
1692487620,+3.01,+25.890, +9.341,+0.923
1692487920,+3.01,+26.109, +9.251,+0.922
1692488220,+3.01,+26.169, +9.273,+0.922
1692488520,+3.01,+26.101, +9.081,+0.922
1692488820,+3.01,+26.126, +9.171,+0.923
1692489120,+3.01,+26.008, +9.172,+0.922
1692489420,+3.01,+26.042, +9.193,+0.922
1692489720,+3.01,+26.152, +9.223,+0.922
1692490020,+3.01,+26.160, +9.166,+0.922
1692490320,+3.01,+26.143, +9.108,+0.923
1692490620,+3.01,+26.118, +9.039,+0.922
1692490920,+3.01,+26.118, +9.029,+0.923
1692491220,+3.01,+26.101, +8.990,+0.922
1692491520,+3.01,+26.109, +8.931,+0.923
1692491820,+3.01,+26.143, +8.982,+0.923
1692492120,+3.01,+26.126, +8.906,+0.922
1692492420,+3.01,+26.109, +8.882,+0.922
1692492720,+3.01,+26.118, +8.950,+0.922
1692493020,+3.01,+26.135, +8.970,+0.923
1692493320,+3.01,+26.135, +8.982,+0.922
1692493620,+3.01,+26.135, +8.995,+0.922
1692493920,+3.01,+26.126, +8.930,+0.922
1692494220,+3.01,+26.126, +8.967,+0.922
1692494520,+3.01,+26.109, +8.949,+0.922
1692494820,+3.01,+26.118, +8.925,+0.922
1692495120,+3.01,+26.109, +8.840,+0.922
1692495420,+3.01,+26.101, +8.903,+0.923
1692495720,+3.01,+26.093, +8.935,+0.921
1692496020,+3.01,+26.067, +8.902,+0.922
1692496320,+3.01,+26.033, +8.862,+0.923
1692496620,+3.01,+25.991, +8.860,+0.922
1692496920,+3.01,+25.966, +8.824,+0.921
1692497220,+3.01,+25.907, +8.782,+0.922
1692497520,+3.01,+25.881, +8.745,+0.921
1692497820,+3.01,+25.839, +8.657,+0.922
1692498120,+3.01,+25.780, +8.578,+0.922
1692498420,+3.01,+25.738, +8.494,+0.921
1692498720,+3.01,+25.653, +8.389,+0.922
1692499020,+3.01,+25.611, +8.319,+0.921
1692499320,+3.02,+25.603, +8.256,+0.922
1692499620,+3.02,+25.543, +8.089,+0.922
1692499920,+3.02,+25.518, +7.989,+0.921
1692500220,+3.02,+25.459, +7.928,+0.921
1692500520,+3.01,+25.383, +7.852,+0.921
1692500820,+3.01,+25.333, +7.777,+0.921
1692501120,+3.01,+25.290, +7.804,+0.921
1692501420,+3.01,+25.215, +7.833,+0.921
1692501720,+3.01,+25.181, +7.807,+0.921
1692502020,+3.01,+25.097, +7.759,+0.921
1692502320,+3.01,+25.088, +7.699,+0.921
1692502620,+3.01,+25.038, +7.662,+0.921
1692502920,+3.01,+25.012, +7.564,+0.920
1692503220,+3.01,+24.987, +7.478,+0.920
1692503520,+3.01,+24.945, +7.401,+0.920
1692503820,+3.01,+24.894, +7.322,+0.920
1692504120,+3.01,+24.869, +7.301,+0.920
1692504420,+3.01,+24.844, +7.193,+0.919
1692504720,+3.01,+24.810, +7.190,+0.919
1692505020,+3.02,+24.760, +7.202,+0.920
1692505320,+3.02,+24.726, +7.102,+0.920
1692505620,+3.02,+24.718, +6.988,+0.920
1692505920,+3.02,+24.634, +6.980,+0.920
1692506220,+3.02,+24.608, +6.841,+0.920
1692506520,+3.02,+24.558, +6.746,+0.919
1692506820,+3.02,+24.524, +6.670,+0.919
1692507120,+3.02,+24.516, +6.595,+0.919
1692507420,+3.02,+24.440, +6.629,+0.919
1692507720,+3.02,+24.440, +6.628,+0.919
1692508020,+3.02,+24.398, +6.523,+0.920
1692508320,+3.01,+24.348, +6.472,+0.919
1692508620,+3.01,+24.314, +6.441,+0.919
1692508920,+3.01,+24.297, +6.451,+0.919
1692509220,+3.01,+24.247, +6.512,+0.919
1692509520,+3.01,+24.222, +6.487,+0.919
1692509820,+3.01,+24.196, +6.455,+0.919
1692510120,+3.01,+24.180, +6.407,+0.919
1692510420,+3.01,+24.138, +6.419,+0.920
1692510720,+3.01,+24.121, +6.390,+0.918
1692511020,+3.01,+24.112, +6.405,+0.919
1692511320,+3.01,+24.062, +6.337,+0.919
1692511620,+3.01,+24.054, +6.330,+0.919
1692511920,+3.01,+24.028, +6.314,+0.919
1692512220,+3.01,+24.003, +6.254,+0.918
1692512520,+3.01,+23.978, +6.124,+0.918
1692512820,+3.01,+23.953, +6.130,+0.919
1692513120,+3.01,+23.919, +6.267,+0.919
1692513420,+3.01,+23.869, +6.286,+0.918
1692513720,+3.01,+23.886, +6.282,+0.919
1692514020,+3.01,+23.860, +6.246,+0.918
1692514320,+3.01,+23.844, +6.214,+0.918
1692514620,+3.02,+23.810, +6.189,+0.919
1692514920,+3.02,+23.810, +6.185,+0.919
1692515220,+3.02,+23.777, +6.180,+0.918
1692515520,+3.02,+23.751, +6.163,+0.918
1692515820,+3.02,+23.751, +6.104,+0.919
1692516120,+3.02,+23.718, +5.980,+0.919
1692516420,+3.02,+23.709, +5.997,+0.919
1692516720,+3.02,+23.667, +5.938,+0.918
1692517020,+3.02,+23.676, +5.772,+0.918
1692517320,+3.02,+23.667, +5.725,+0.918
1692517620,+3.02,+23.651, +5.725,+0.918
1692517920,+3.02,+23.609, +5.962,+0.919
1692518220,+3.02,+23.600, +5.955,+0.919
1692518520,+3.02,+23.558, +5.967,+0.919
1692518820,+3.02,+23.558, +5.934,+0.918
1692519120,+3.02,+23.550, +5.866,+0.918
1692519420,+3.02,+23.533, +5.692,+0.918
1692519720,+3.02,+23.533, +5.615,+0.918
1692520020,+3.02,+23.491, +5.664,+0.918
1692520320,+3.02,+23.475, +5.594,+0.918
1692520620,+3.02,+23.458, +5.563,+0.918
1692520920,+3.02,+23.441, +5.801,+0.919
1692521220,+3.02,+23.433, +5.959,+0.919
1692521520,+3.02,+23.407, +5.982,+0.918
1692521820,+3.02,+23.399, +5.950,+0.918
1692522120,+3.02,+23.366, +5.949,+0.919
1692522420,+3.02,+23.374, +5.946,+0.918
1692522720,+3.02,+23.315, +5.922,+0.918
1692523020,+3.02,+23.332, +5.896,+0.918
1692523320,+3.02,+23.282, +5.908,+0.919
1692523620,+3.02,+23.282, +5.890,+0.918
1692523920,+3.02,+23.265, +5.814,+0.918
1692524220,+3.01,+23.231, +5.883,+0.918
1692524520,+3.01,+23.257, +5.847,+0.918
1692524820,+3.01,+23.198, +5.890,+0.918
1692525120,+3.01,+23.189, +5.928,+0.918
1692525420,+3.01,+23.181, +5.851,+0.918
1692525720,+3.01,+23.173, +5.910,+0.918
1692526020,+3.01,+23.164, +5.879,+0.918
1692526320,+3.01,+23.114, +5.902,+0.918
1692526620,+3.01,+23.097, +5.892,+0.919
1692526920,+3.01,+23.122, +5.862,+0.918
1692527220,+3.01,+23.097, +5.857,+0.918
1692527520,+3.01,+23.081, +5.771,+0.918
1692527820,+3.01,+23.039, +5.791,+0.918
1692528120,+3.01,+23.047, +5.753,+0.918
1692528420,+3.01,+23.047, +5.874,+0.918
1692528720,+3.01,+23.030, +5.934,+0.918
1692529020,+3.01,+23.013, +5.823,+0.919
1692529320,+3.01,+23.005, +5.792,+0.918
1692529620,+3.01,+22.988, +5.748,+0.918
1692529920,+3.01,+22.963, +5.751,+0.918
1692530220,+3.01,+22.955, +5.817,+0.918
1692530520,+3.01,+22.955, +5.809,+0.918
1692530820,+3.01,+22.921, +5.841,+0.918
1692531120,+3.01,+22.921, +5.870,+0.918
1692531420,+3.01,+22.921, +5.887,+0.918
1692531720,+3.01,+22.896, +5.803,+0.918
1692532020,+3.01,+22.888, +5.649,+0.918
1692532320,+3.02,+22.871, +5.767,+0.918
1692532620,+3.02,+22.854, +5.799,+0.918
1692532920,+3.02,+22.838, +5.727,+0.918
1692533220,+3.02,+22.838, +5.668,+0.918
1692533520,+3.02,+22.821, +5.745,+0.918
1692533820,+3.02,+22.804, +5.792,+0.918
1692534120,+3.02,+22.804, +5.676,+0.918
1692534420,+3.02,+22.779, +5.642,+0.918
1692534720,+3.02,+22.787, +5.720,+0.918
1692535020,+3.02,+22.787, +5.808,+0.918
1692535320,+3.02,+22.762, +5.792,+0.918
1692535620,+3.02,+22.745, +5.783,+0.918
1692535920,+3.02,+22.737, +5.749,+0.918
1692536220,+3.02,+22.720, +5.846,+0.918
1692536520,+3.02,+22.720, +5.785,+0.918
1692536820,+3.02,+22.712, +5.798,+0.918
1692537120,+3.02,+22.695, +5.726,+0.918
1692537420,+3.02,+22.695, +5.809,+0.918
1692537720,+3.02,+22.653, +5.771,+0.918
1692538020,+3.02,+22.653, +5.740,+0.918
1692538320,+3.02,+22.653, +5.805,+0.918
1692538620,+3.02,+22.628, +5.723,+0.918
1692538920,+3.02,+22.645, +5.740,+0.918
1692539220,+3.02,+22.645, +5.773,+0.918
1692539520,+3.02,+22.637, +5.847,+0.918
1692539820,+3.02,+22.620, +5.798,+0.918
1692540120,+3.02,+22.603, +5.760,+0.917
1692540420,+3.02,+22.603, +5.808,+0.918
1692540720,+3.02,+22.603, +5.883,+0.918
1692541020,+3.02,+22.586, +5.872,+0.918
1692541320,+3.02,+22.595, +5.808,+0.918
1692541620,+3.02,+22.570, +5.829,+0.918
1692541920,+3.02,+22.578, +5.775,+0.917
1692542220,+3.02,+22.561, +5.862,+0.918
1692542520,+3.02,+22.561, +5.980,+0.918
1692542820,+3.02,+22.544, +5.977,+0.918
1692543120,+3.02,+22.544, +6.026,+0.918
1692543420,+3.02,+22.553, +6.048,+0.918
1692543720,+3.02,+22.544, +6.016,+0.918
1692544020,+3.02,+22.536, +5.932,+0.918
1692544320,+3.02,+22.544, +6.018,+0.917
1692544620,+3.02,+22.570, +6.055,+0.918
1692544920,+3.02,+22.586, +6.090,+0.918
1692545220,+3.02,+22.620, +6.132,+0.918
1692545520,+3.02,+22.653, +6.128,+0.918
1692545820,+3.02,+22.653, +6.327,+0.918
1692546120,+3.02,+22.678, +6.304,+0.918
1692546420,+3.02,+22.695, +6.320,+0.918
