7450-521120
OS REV: 1.04 Sensor Cal: 1570120153
Time (sec),  BV (Volts),  T (deg C),  DO (mg/l),  Q ()
1695052980,+3.00,+25.341, +5.947,+0.910
1695053280,+3.00,+24.802, +5.952,+0.910
1695053580,+3.00,+24.129, +5.963,+0.910
1695053880,+3.00,+23.617, +5.992,+0.911
1695054180,+3.00,+23.332, +6.051,+0.910
1695054480,+3.00,+23.139, +6.080,+0.910
1695054780,+3.00,+23.055, +6.089,+0.910
1695055080,+3.00,+23.005, +6.082,+0.910
1695055380,+3.00,+22.980, +6.142,+0.910
1695055680,+3.00,+22.913, +6.205,+0.910
1695055980,+3.00,+22.938, +6.267,+0.909
1695056280,+3.00,+22.946, +6.304,+0.910
1695056580,+3.00,+22.980, +6.384,+0.909
1695056880,+3.00,+22.972, +6.442,+0.910
1695057180,+3.00,+22.980, +6.444,+0.909
1695057480,+3.00,+23.072, +6.485,+0.910
1695057780,+3.00,+23.081, +6.613,+0.909
1695058080,+3.00,+23.072, +6.817,+0.909
1695058380,+3.00,+23.072, +6.921,+0.909
1695058680,+3.00,+23.055, +6.943,+0.909
1695058980,+3.00,+23.064, +6.989,+0.909
1695059280,+3.00,+23.097, +7.028,+0.909
1695059580,+3.00,+23.131, +7.045,+0.909
1695059880,+3.00,+23.189, +7.075,+0.908
1695060180,+3.00,+23.189, +7.134,+0.908
1695060480,+3.00,+23.215, +7.210,+0.908
1695060780,+3.00,+23.240, +7.272,+0.908
1695061080,+3.00,+23.307, +7.327,+0.909
1695061380,+3.00,+23.315, +7.457,+0.909
1695061680,+3.00,+23.366, +7.501,+0.909
1695061980,+3.00,+23.374, +7.494,+0.908
1695062280,+3.00,+23.416, +7.509,+0.909
1695062580,+3.00,+23.424, +7.514,+0.908
1695062880,+3.00,+23.458, +7.541,+0.908
1695063180,+3.00,+23.466, +7.595,+0.909
1695063480,+3.00,+23.500, +7.618,+0.908
1695063780,+3.00,+23.508, +7.665,+0.909
1695064080,+3.00,+23.533, +7.688,+0.908
1695064380,+3.00,+23.567, +7.652,+0.908
1695064680,+3.00,+23.592, +7.713,+0.909
1695064980,+3.00,+23.626, +7.722,+0.908
1695065280,+3.00,+23.684, +7.743,+0.908
1695065580,+3.00,+23.726, +7.791,+0.908
1695065880,+3.00,+23.743, +7.859,+0.908
1695066180,+3.00,+23.785, +7.904,+0.908
1695066480,+3.00,+23.785, +7.975,+0.909
1695066780,+3.00,+23.835, +8.024,+0.909
1695067080,+3.00,+23.877, +8.081,+0.908
1695067380,+3.00,+23.919, +8.118,+0.909
1695067680,+3.00,+23.961, +8.146,+0.909
1695067980,+3.00,+24.028, +8.201,+0.909
1695068280,+3.00,+24.112, +8.228,+0.908
1695068580,+3.00,+24.129, +8.307,+0.909
1695068880,+3.00,+24.180, +8.341,+0.909
1695069180,+3.00,+24.230, +8.384,+0.910
1695069480,+3.00,+24.238, +8.411,+0.908
1695069780,+3.00,+24.255, +8.447,+0.908
1695070080,+3.00,+24.289, +8.442,+0.909
1695070380,+3.00,+24.306, +8.473,+0.908
1695070680,+3.00,+24.289, +8.469,+0.908
1695070980,+3.00,+24.331, +8.519,+0.909
1695071280,+3.00,+24.381, +8.544,+0.908
1695071580,+3.00,+24.448, +8.553,+0.909
1695071880,+3.00,+24.491, +8.632,+0.908
1695072180,+3.00,+24.533, +8.714,+0.908
1695072480,+3.00,+24.533, +8.717,+0.908
1695072780,+3.00,+24.541, +8.730,+0.908
1695073080,+3.00,+24.575, +8.744,+0.908
1695073380,+3.00,+24.549, +8.754,+0.907
1695073680,+3.00,+24.541, +8.770,+0.908
1695073980,+3.00,+24.583, +8.730,+0.909
1695074280,+3.00,+24.600, +8.712,+0.908
1695074580,+3.00,+24.608, +8.708,+0.908
1695074880,+3.00,+24.625, +8.715,+0.908
1695075180,+3.00,+24.634, +8.673,+0.908
1695075480,+3.00,+24.634, +8.696,+0.908
1695075780,+3.00,+24.634, +8.697,+0.908
1695076080,+3.00,+24.667, +8.705,+0.908
1695076380,+3.00,+24.709, +8.675,+0.908
1695076680,+3.00,+24.701, +8.707,+0.908
1695076980,+3.00,+24.718, +8.749,+0.909
1695077280,+3.00,+24.743, +8.739,+0.907
1695077580,+3.00,+24.743, +8.759,+0.908
1695077880,+3.00,+24.718, +8.794,+0.908
1695078180,+3.00,+24.718, +8.812,+0.908
1695078480,+3.00,+24.751, +8.792,+0.908
1695078780,+3.00,+24.734, +8.803,+0.908
1695079080,+3.00,+24.734, +8.805,+0.907
1695079380,+3.00,+24.751, +8.818,+0.908
1695079680,+3.00,+24.768, +8.837,+0.908
1695079980,+3.00,+24.793, +8.841,+0.907
1695080280,+3.00,+24.861, +8.867,+0.907
1695080580,+3.00,+24.878, +8.913,+0.907
1695080880,+3.00,+24.894, +8.931,+0.907
1695081180,+3.00,+24.861, +8.924,+0.907
1695081480,+3.00,+24.844, +8.893,+0.907
1695081780,+3.00,+24.844, +8.877,+0.906
1695082080,+3.00,+24.751, +8.897,+0.908
1695082380,+3.00,+24.743, +8.852,+0.906
1695082680,+3.00,+24.768, +8.867,+0.907
1695082980,+3.00,+24.777, +8.848,+0.907
1695083280,+3.00,+24.726, +8.831,+0.907
1695083580,+3.00,+24.684, +8.768,+0.906
1695083880,+3.00,+24.667, +8.724,+0.906
1695084180,+3.00,+24.650, +8.695,+0.906
1695084480,+3.00,+24.625, +8.649,+0.906
1695084780,+3.00,+24.583, +8.638,+0.906
1695085080,+3.00,+24.575, +8.610,+0.906
1695085380,+3.00,+24.566, +8.587,+0.905
1695085680,+3.00,+24.516, +8.585,+0.906
1695085980,+3.00,+24.516, +8.579,+0.906
1695086280,+3.00,+24.474, +8.573,+0.906
1695086580,+3.00,+24.440, +8.524,+0.906
1695086880,+3.00,+24.415, +8.473,+0.906
1695087180,+3.00,+24.390, +8.432,+0.905
1695087480,+3.00,+24.373, +8.390,+0.906
1695087780,+3.00,+24.280, +8.360,+0.906
1695088080,+3.00,+24.272, +8.303,+0.906
1695088380,+3.00,+24.230, +8.234,+0.906
1695088680,+3.00,+24.171, +8.172,+0.905
1695088980,+3.00,+24.154, +8.131,+0.905
1695089280,+3.00,+24.121, +8.081,+0.904
1695089580,+3.00,+24.087, +8.039,+0.905
1695089880,+3.00,+24.054, +7.979,+0.905
1695090180,+3.00,+24.012, +7.944,+0.905
1695090480,+3.00,+24.003, +7.894,+0.905
1695090780,+3.00,+23.978, +7.858,+0.905
1695091080,+3.00,+23.978, +7.815,+0.904
1695091380,+3.00,+23.928, +7.761,+0.904
1695091680,+3.00,+23.886, +7.722,+0.904
1695091980,+3.00,+23.877, +7.679,+0.904
1695092280,+3.00,+23.886, +7.616,+0.904
1695092580,+3.00,+23.835, +7.574,+0.904
1695092880,+3.00,+23.810, +7.543,+0.904
1695093180,+3.00,+23.785, +7.485,+0.904
1695093480,+3.00,+23.751, +7.436,+0.904
1695093780,+3.00,+23.743, +7.379,+0.904
1695094080,+3.00,+23.718, +7.328,+0.904
1695094380,+3.00,+23.701, +7.296,+0.904
1695094680,+3.00,+23.676, +7.241,+0.904
1695094980,+3.00,+23.659, +7.207,+0.903
1695095280,+3.00,+23.626, +7.183,+0.904
1695095580,+3.00,+23.592, +7.117,+0.903
1695095880,+3.00,+23.575, +7.068,+0.903
1695096180,+3.00,+23.558, +7.041,+0.904
1695096480,+3.00,+23.516, +7.004,+0.904
1695096780,+3.00,+23.542, +6.960,+0.904
1695097080,+3.00,+23.508, +6.927,+0.903
1695097380,+3.00,+23.475, +6.872,+0.903
1695097680,+3.00,+23.449, +6.816,+0.903
1695097980,+3.00,+23.433, +6.783,+0.903
1695098280,+3.00,+23.374, +6.754,+0.903
1695098580,+3.00,+23.357, +6.731,+0.903
1695098880,+3.00,+23.399, +6.700,+0.903
1695099180,+3.00,+23.416, +6.627,+0.903
1695099480,+3.00,+23.382, +6.619,+0.903
1695099780,+3.00,+23.357, +6.584,+0.903
1695100080,+3.00,+23.315, +6.555,+0.903
1695100380,+3.00,+23.257, +6.534,+0.903
1695100680,+3.00,+23.164, +6.523,+0.903
1695100980,+3.00,+23.097, +6.535,+0.903
1695101280,+3.00,+23.072, +6.525,+0.902
1695101580,+3.00,+23.039, +6.514,+0.902
1695101880,+3.00,+23.013, +6.461,+0.902
1695102180,+3.00,+22.980, +6.433,+0.902
1695102480,+3.00,+22.963, +6.424,+0.902
1695102780,+3.00,+22.938, +6.424,+0.903
1695103080,+3.00,+22.896, +6.418,+0.902
1695103380,+3.00,+22.863, +6.387,+0.902
1695103680,+3.00,+22.821, +6.380,+0.902
1695103980,+3.00,+22.812, +6.352,+0.902
1695104280,+3.00,+22.796, +6.335,+0.902
1695104580,+3.00,+22.745, +6.315,+0.902
1695104880,+3.00,+22.745, +6.293,+0.902
1695105180,+3.00,+22.704, +6.273,+0.902
1695105480,+3.00,+22.687, +6.279,+0.902
1695105780,+3.00,+22.662, +6.281,+0.902
1695106080,+3.00,+22.637, +6.291,+0.901
1695106380,+3.00,+22.620, +6.292,+0.902
1695106680,+3.00,+22.687, +6.256,+0.902
1695106980,+3.00,+22.678, +6.248,+0.901
1695107280,+3.00,+22.695, +6.251,+0.901
1695107580,+3.00,+22.645, +6.252,+0.902
1695107880,+3.00,+22.586, +6.236,+0.901
1695108180,+3.00,+22.570, +6.243,+0.901
1695108480,+3.00,+22.553, +6.212,+0.901
1695108780,+3.00,+22.503, +6.197,+0.901
1695109080,+3.00,+22.561, +6.189,+0.901
1695109380,+3.00,+22.469, +6.185,+0.901
1695109680,+3.00,+22.427, +6.175,+0.901
1695109980,+3.00,+22.436, +6.176,+0.901
1695110280,+3.00,+22.461, +6.199,+0.901
1695110580,+3.00,+22.494, +6.169,+0.901
1695110880,+3.00,+22.477, +6.161,+0.901
1695111180,+3.00,+22.477, +6.113,+0.900
1695111480,+3.00,+22.444, +6.100,+0.901
1695111780,+3.00,+22.452, +6.083,+0.901
1695112080,+3.00,+22.402, +6.072,+0.901
1695112380,+3.00,+22.385, +6.060,+0.900
1695112680,+3.00,+22.377, +6.047,+0.900
1695112980,+3.00,+22.377, +6.023,+0.900
1695113280,+3.00,+22.369, +6.007,+0.900
1695113580,+3.00,+22.327, +5.974,+0.901
1695113880,+3.00,+22.343, +5.977,+0.900
1695114180,+3.00,+22.327, +5.994,+0.900
1695114480,+3.00,+22.293, +5.991,+0.900
1695114780,+3.00,+22.285, +5.995,+0.900
1695115080,+3.00,+22.268, +5.993,+0.900
1695115380,+3.00,+22.251, +5.990,+0.900
1695115680,+3.00,+22.226, +5.983,+0.899
1695115980,+3.00,+22.243, +5.969,+0.899
1695116280,+3.00,+22.235, +5.950,+0.900
1695116580,+3.00,+22.218, +5.936,+0.900
1695116880,+3.00,+22.193, +5.910,+0.899
1695117180,+3.00,+22.176, +5.908,+0.899
1695117480,+3.00,+22.151, +5.894,+0.899
1695117780,+3.00,+22.109, +5.909,+0.899
1695118080,+3.00,+22.134, +5.872,+0.899
1695118380,+3.00,+22.134, +5.851,+0.899
1695118680,+3.00,+22.076, +5.838,+0.899
1695118980,+3.01,+22.067, +5.870,+0.899
1695119280,+3.01,+21.925, +5.942,+0.899
1695119580,+3.01,+21.883, +6.006,+0.899
1695119880,+3.01,+21.858, +6.032,+0.899
1695120180,+3.01,+21.850, +5.995,+0.899
1695120480,+3.01,+21.833, +5.985,+0.899
1695120780,+3.01,+21.799, +5.944,+0.899
1695121080,+3.01,+21.774, +5.904,+0.899
1695121380,+3.01,+21.799, +5.891,+0.898
1695121680,+3.01,+21.749, +5.891,+0.899
1695121980,+3.01,+21.791, +5.862,+0.898
1695122280,+3.01,+21.724, +5.790,+0.899
1695122580,+3.01,+21.699, +5.801,+0.899
1695122880,+3.01,+21.674, +5.830,+0.899
1695123180,+3.01,+21.657, +5.860,+0.898
1695123480,+3.01,+21.615, +5.988,+0.898
1695123780,+3.01,+21.607, +5.978,+0.898
1695124080,+3.01,+21.582, +5.976,+0.898
1695124380,+3.01,+21.548, +5.961,+0.898
1695124680,+3.01,+21.565, +5.977,+0.898
1695124980,+3.01,+21.523, +6.008,+0.898
1695125280,+3.01,+21.507, +5.999,+0.898
1695125580,+3.01,+21.507, +5.985,+0.898
1695125880,+3.01,+21.456, +5.979,+0.897
1695126180,+3.01,+21.456, +5.958,+0.898
1695126480,+3.01,+21.431, +5.932,+0.898
1695126780,+3.01,+21.423, +5.902,+0.898
1695127080,+3.01,+21.414, +5.892,+0.897
1695127380,+3.01,+21.414, +6.013,+0.897
1695127680,+3.01,+21.381, +6.049,+0.897
1695127980,+3.01,+21.373, +6.019,+0.897
1695128280,+3.01,+21.339, +6.016,+0.897
1695128580,+3.01,+21.331, +6.000,+0.897
1695128880,+3.01,+21.297, +5.982,+0.897
1695129180,+3.01,+21.289, +5.991,+0.897
1695129480,+3.01,+21.264, +6.053,+0.897
1695129780,+3.01,+21.272, +6.054,+0.897
1695130080,+3.01,+21.255, +6.024,+0.896
1695130380,+3.01,+21.222, +5.986,+0.896
1695130680,+3.01,+21.222, +5.984,+0.897
1695130980,+3.01,+21.205, +5.980,+0.896
1695131280,+3.01,+21.197, +5.963,+0.897
1695131580,+3.01,+21.189, +5.985,+0.897
1695131880,+3.01,+21.180, +5.989,+0.896
1695132180,+3.01,+21.163, +6.035,+0.896
1695132480,+3.01,+21.163, +5.990,+0.896
1695132780,+3.01,+21.147, +5.984,+0.896
1695133080,+3.01,+21.138, +5.934,+0.896
1695133380,+3.01,+21.122, +5.963,+0.896
1695133680,+3.01,+21.130, +6.042,+0.896
1695133980,+3.01,+21.122, +6.044,+0.896
1695134280,+3.01,+21.063, +6.037,+0.895
1695134580,+3.01,+21.046, +6.036,+0.895
1695134880,+3.01,+21.055, +6.047,+0.896
1695135180,+3.01,+21.038, +6.013,+0.896
1695135480,+3.01,+21.029, +6.044,+0.895
1695135780,+3.01,+21.046, +6.040,+0.895
1695136080,+3.01,+21.029, +6.010,+0.895
1695136380,+3.01,+20.963, +5.993,+0.895
1695136680,+3.01,+20.979, +5.978,+0.895
1695136980,+3.01,+20.979, +5.996,+0.895
1695137280,+3.01,+20.946, +6.047,+0.895
1695137580,+3.01,+20.963, +6.063,+0.895
1695137880,+3.01,+20.954, +6.093,+0.895
1695138180,+3.01,+20.971, +6.074,+0.895
1695138480,+3.01,+20.988, +6.073,+0.894
1695138780,+3.01,+20.988, +6.133,+0.894
1695139080,+3.01,+20.988, +6.149,+0.894
1695139380,+3.01,+20.979, +6.177,+0.894
