7450-521120
OS REV: 1.04 Sensor Cal: 1570120153
Time (sec),  BV (Volts),  T (deg C),  DO (mg/l),  Q ()
1694879400,+3.01,+19.387, +6.705,+0.914
1694879700,+3.01,+19.396, +6.716,+0.914
1694880000,+3.01,+19.421, +6.683,+0.913
1694880300,+3.01,+19.429, +6.738,+0.914
1694880600,+3.01,+19.429, +6.761,+0.914
1694880900,+3.01,+19.438, +6.811,+0.914
1694881200,+3.01,+19.463, +6.834,+0.913
1694881500,+3.01,+19.488, +6.887,+0.914
1694881800,+3.01,+19.513, +6.961,+0.914
1694882100,+3.01,+19.505, +6.998,+0.913
1694882400,+3.01,+19.547, +7.011,+0.913
1694882700,+3.01,+19.564, +7.057,+0.914
1694883000,+3.01,+19.597, +7.117,+0.914
1694883300,+3.01,+19.631, +7.135,+0.914
1694883600,+3.01,+19.647, +7.193,+0.914
1694883900,+3.01,+19.639, +7.276,+0.913
1694884200,+3.01,+19.664, +7.352,+0.914
1694884500,+3.01,+19.706, +7.366,+0.914
1694884800,+3.01,+19.756, +7.437,+0.914
1694885100,+3.01,+19.773, +7.507,+0.914
1694885400,+3.01,+19.824, +7.585,+0.914
1694885700,+3.01,+19.874, +7.663,+0.914
1694886000,+3.01,+19.907, +7.722,+0.914
1694886300,+3.01,+19.924, +7.749,+0.914
1694886600,+3.01,+19.983, +7.790,+0.914
1694886900,+3.01,+20.008, +7.851,+0.914
1694887200,+3.01,+20.050, +7.943,+0.914
1694887500,+3.01,+20.108, +8.038,+0.915
1694887800,+3.01,+20.142, +8.076,+0.914
1694888100,+3.01,+20.142, +8.124,+0.914
1694888400,+3.01,+20.167, +8.144,+0.915
1694888700,+3.01,+20.217, +8.158,+0.914
1694889000,+3.01,+20.259, +8.159,+0.915
1694889300,+3.01,+20.309, +8.158,+0.915
1694889600,+3.01,+20.368, +8.192,+0.914
1694889900,+3.01,+20.402, +8.239,+0.914
1694890200,+3.01,+20.460, +8.316,+0.914
1694890500,+3.01,+20.477, +8.411,+0.915
1694890800,+3.01,+20.552, +8.439,+0.915
1694891100,+3.01,+20.619, +8.499,+0.916
1694891400,+3.01,+20.653, +8.527,+0.915
1694891700,+3.01,+20.695, +8.566,+0.915
1694892000,+3.01,+20.720, +8.623,+0.914
1694892300,+3.01,+20.778, +8.625,+0.915
1694892600,+3.01,+20.837, +8.677,+0.914
1694892900,+3.01,+20.904, +8.714,+0.915
1694893200,+3.01,+20.954, +8.738,+0.915
1694893500,+3.00,+20.971, +8.722,+0.915
1694893800,+3.00,+21.038, +8.745,+0.915
1694894100,+3.00,+21.046, +8.816,+0.916
1694894400,+3.01,+21.138, +8.868,+0.916
1694894700,+3.01,+21.205, +8.870,+0.915
1694895000,+3.01,+21.230, +8.903,+0.916
1694895300,+3.01,+21.272, +8.945,+0.915
1694895600,+3.01,+21.306, +8.989,+0.915
1694895900,+3.01,+21.331, +9.016,+0.916
1694896200,+3.01,+21.389, +9.036,+0.916
1694896500,+3.01,+21.440, +9.054,+0.916
1694896800,+3.01,+21.448, +9.057,+0.916
1694897100,+3.01,+21.507, +9.058,+0.916
1694897400,+3.01,+21.540, +9.084,+0.915
1694897700,+3.01,+21.565, +9.132,+0.916
1694898000,+3.01,+21.590, +9.164,+0.915
1694898300,+3.01,+21.599, +9.167,+0.916
1694898600,+3.01,+21.649, +9.124,+0.916
1694898900,+3.01,+21.699, +9.146,+0.916
1694899200,+3.01,+21.749, +9.154,+0.916
1694899500,+3.01,+21.791, +9.151,+0.916
1694899800,+3.00,+21.816, +9.178,+0.916
1694900100,+3.00,+21.850, +9.244,+0.916
1694900400,+3.00,+21.925, +9.224,+0.916
1694900700,+3.00,+21.984, +9.296,+0.916
1694901000,+3.00,+21.992, +9.365,+0.916
1694901300,+3.00,+22.034, +9.395,+0.916
1694901600,+3.00,+22.067, +9.423,+0.916
1694901900,+3.00,+22.084, +9.423,+0.916
1694902200,+3.00,+22.126, +9.442,+0.917
1694902500,+3.00,+22.151, +9.464,+0.916
1694902800,+3.01,+22.193, +9.475,+0.917
1694903100,+3.01,+22.193, +9.470,+0.916
1694903400,+3.01,+22.251, +9.448,+0.917
1694903700,+3.01,+22.310, +9.452,+0.916
1694904000,+3.01,+22.343, +9.539,+0.917
1694904300,+3.01,+22.394, +9.590,+0.917
1694904600,+3.01,+22.419, +9.618,+0.918
1694904900,+3.01,+22.461, +9.639,+0.917
1694905200,+3.01,+22.461, +9.616,+0.917
1694905500,+3.01,+22.503, +9.602,+0.917
1694905800,+3.01,+22.570, +9.591,+0.917
1694906100,+3.01,+22.553, +9.625,+0.917
1694906400,+3.01,+22.561, +9.640,+0.918
1694906700,+3.01,+22.586, +9.635,+0.918
1694907000,+3.01,+22.595, +9.601,+0.917
1694907300,+3.01,+22.628, +9.566,+0.916
1694907600,+3.01,+22.653, +9.613,+0.917
1694907900,+3.01,+22.720, +9.630,+0.917
1694908200,+3.01,+22.729, +9.638,+0.917
1694908500,+3.01,+22.745, +9.646,+0.917
1694908800,+3.01,+22.762, +9.630,+0.917
1694909100,+3.00,+22.771, +9.627,+0.917
1694909400,+3.01,+22.737, +9.619,+0.917
1694909700,+3.01,+22.704, +9.589,+0.917
1694910000,+3.01,+22.754, +9.568,+0.917
1694910300,+3.01,+22.754, +9.574,+0.918
1694910600,+3.01,+22.729, +9.578,+0.918
1694910900,+3.01,+22.704, +9.559,+0.918
1694911200,+3.01,+22.611, +9.520,+0.917
1694911500,+3.01,+22.637, +9.474,+0.917
1694911800,+3.01,+22.611, +9.468,+0.917
1694912100,+3.01,+22.578, +9.422,+0.917
1694912400,+3.01,+22.511, +9.377,+0.917
1694912700,+3.01,+22.494, +9.326,+0.917
1694913000,+3.01,+22.494, +9.275,+0.917
1694913300,+3.01,+22.486, +9.225,+0.917
1694913600,+3.01,+22.436, +9.213,+0.917
1694913900,+3.01,+22.427, +9.198,+0.917
1694914200,+3.01,+22.385, +9.163,+0.917
1694914500,+3.01,+22.369, +9.097,+0.917
1694914800,+3.01,+22.335, +9.062,+0.916
1694915100,+3.01,+22.310, +9.025,+0.917
1694915400,+3.01,+22.302, +8.983,+0.916
1694915700,+3.01,+22.277, +8.934,+0.917
1694916000,+3.01,+22.226, +8.877,+0.916
1694916300,+3.01,+22.226, +8.827,+0.916
1694916600,+3.00,+22.159, +8.791,+0.916
1694916900,+3.00,+22.143, +8.730,+0.916
1694917200,+3.00,+22.117, +8.661,+0.916
1694917500,+3.00,+22.101, +8.578,+0.916
1694917800,+3.00,+22.076, +8.531,+0.916
1694918100,+3.00,+22.034, +8.494,+0.916
1694918400,+3.00,+21.992, +8.444,+0.916
1694918700,+3.00,+21.975, +8.376,+0.916
1694919000,+3.00,+21.950, +8.313,+0.916
1694919300,+3.00,+21.933, +8.258,+0.916
1694919600,+3.01,+21.891, +8.222,+0.916
1694919900,+3.00,+21.875, +8.181,+0.915
1694920200,+3.01,+21.825, +8.120,+0.915
1694920500,+3.01,+21.774, +8.096,+0.916
1694920800,+3.01,+21.758, +8.024,+0.916
1694921100,+3.01,+21.732, +7.945,+0.915
1694921400,+3.01,+21.674, +7.916,+0.915
1694921700,+3.01,+21.632, +7.863,+0.915
1694922000,+3.01,+21.607, +7.811,+0.915
1694922300,+3.01,+21.582, +7.764,+0.915
1694922600,+3.01,+21.540, +7.707,+0.914
1694922900,+3.01,+21.498, +7.663,+0.915
1694923200,+3.01,+21.456, +7.610,+0.915
1694923500,+3.01,+21.431, +7.566,+0.915
1694923800,+3.01,+21.364, +7.529,+0.915
1694924100,+3.01,+21.339, +7.483,+0.915
1694924400,+3.01,+21.289, +7.462,+0.915
1694924700,+3.01,+21.255, +7.419,+0.915
1694925000,+3.01,+21.230, +7.388,+0.915
1694925300,+3.01,+21.172, +7.364,+0.915
1694925600,+3.01,+21.138, +7.326,+0.915
1694925900,+3.01,+21.096, +7.292,+0.915
1694926200,+3.01,+21.071, +7.239,+0.915
1694926500,+3.01,+21.029, +7.224,+0.915
1694926800,+3.01,+20.988, +7.204,+0.915
1694927100,+3.01,+20.946, +7.168,+0.914
1694927400,+3.01,+20.896, +7.165,+0.915
1694927700,+3.01,+20.870, +7.127,+0.914
1694928000,+3.01,+20.837, +7.095,+0.914
1694928300,+3.01,+20.770, +7.078,+0.915
1694928600,+3.01,+20.737, +7.090,+0.914
1694928900,+3.01,+20.703, +7.050,+0.914
1694929200,+3.01,+20.670, +7.051,+0.915
1694929500,+3.01,+20.628, +7.024,+0.914
1694929800,+3.01,+20.586, +7.016,+0.914
1694930100,+3.01,+20.586, +6.982,+0.914
1694930400,+3.01,+20.544, +6.957,+0.915
1694930700,+3.01,+20.544, +6.951,+0.914
1694931000,+3.01,+20.494, +6.956,+0.914
1694931300,+3.01,+20.469, +6.912,+0.914
1694931600,+3.01,+20.452, +6.886,+0.915
1694931900,+3.01,+20.418, +6.845,+0.914
1694932200,+3.01,+20.402, +6.852,+0.914
1694932500,+3.01,+20.343, +6.837,+0.914
1694932800,+3.01,+20.343, +6.865,+0.914
1694933100,+3.01,+20.343, +6.848,+0.914
1694933400,+3.01,+20.326, +6.811,+0.914
1694933700,+3.01,+20.301, +6.811,+0.914
1694934000,+3.01,+20.276, +6.799,+0.914
1694934300,+3.01,+20.251, +6.840,+0.914
1694934600,+3.01,+20.201, +6.843,+0.914
1694934900,+3.01,+20.192, +6.832,+0.914
1694935200,+3.01,+20.184, +6.817,+0.914
1694935500,+3.01,+20.159, +6.798,+0.914
1694935800,+3.01,+20.125, +6.797,+0.914
1694936100,+3.01,+20.108, +6.799,+0.914
1694936400,+3.01,+20.100, +6.783,+0.914
1694936700,+3.01,+20.092, +6.778,+0.914
1694937000,+3.01,+20.058, +6.766,+0.914
1694937300,+3.01,+20.050, +6.761,+0.914
1694937600,+3.01,+20.016, +6.769,+0.914
1694937900,+3.01,+20.025, +6.768,+0.914
1694938200,+3.01,+20.000, +6.748,+0.914
1694938500,+3.01,+19.991, +6.738,+0.913
1694938800,+3.01,+19.974, +6.738,+0.914
1694939100,+3.01,+19.958, +6.720,+0.914
1694939400,+3.01,+19.924, +6.722,+0.914
1694939700,+3.01,+19.932, +6.717,+0.914
1694940000,+3.01,+19.916, +6.700,+0.914
1694940300,+3.01,+19.907, +6.697,+0.914
1694940600,+3.01,+19.882, +6.711,+0.914
1694940900,+3.01,+19.882, +6.707,+0.914
1694941200,+3.01,+19.849, +6.696,+0.914
1694941500,+3.01,+19.849, +6.672,+0.914
1694941800,+3.01,+19.840, +6.632,+0.914
1694942100,+3.01,+19.807, +6.605,+0.914
1694942400,+3.01,+19.824, +6.577,+0.914
1694942700,+3.01,+19.790, +6.570,+0.914
1694943000,+3.01,+19.790, +6.544,+0.914
1694943300,+3.01,+19.773, +6.486,+0.913
1694943600,+3.01,+19.773, +6.493,+0.914
1694943900,+3.01,+19.740, +6.527,+0.914
1694944200,+3.01,+19.740, +6.550,+0.914
1694944500,+3.01,+19.706, +6.510,+0.914
1694944800,+3.01,+19.715, +6.504,+0.914
1694945100,+3.01,+19.706, +6.488,+0.914
1694945400,+3.01,+19.689, +6.453,+0.914
1694945700,+3.01,+19.689, +6.443,+0.913
1694946000,+3.01,+19.647, +6.451,+0.914
1694946300,+3.01,+19.656, +6.434,+0.914
1694946600,+3.01,+19.647, +6.413,+0.914
1694946900,+3.01,+19.639, +6.417,+0.914
1694947200,+3.01,+19.606, +6.425,+0.914
1694947500,+3.01,+19.597, +6.449,+0.913
1694947800,+3.01,+19.580, +6.442,+0.914
1694948100,+3.01,+19.564, +6.411,+0.914
1694948400,+3.01,+19.547, +6.405,+0.913
1694948700,+3.01,+19.572, +6.391,+0.914
1694949000,+3.01,+19.564, +6.413,+0.914
1694949300,+3.01,+19.547, +6.425,+0.914
1694949600,+3.01,+19.538, +6.445,+0.914
1694949900,+3.01,+19.538, +6.424,+0.913
1694950200,+3.01,+19.513, +6.422,+0.914
1694950500,+3.01,+19.505, +6.505,+0.913
1694950800,+3.01,+19.480, +6.492,+0.914
1694951100,+3.01,+19.480, +6.461,+0.914
1694951400,+3.01,+19.455, +6.461,+0.914
1694951700,+3.01,+19.463, +6.421,+0.914
1694952000,+3.01,+19.480, +6.365,+0.914
1694952300,+3.01,+19.455, +6.414,+0.913
1694952600,+3.01,+19.446, +6.447,+0.913
1694952900,+3.01,+19.446, +6.502,+0.914
1694953200,+3.01,+19.438, +6.476,+0.914
1694953500,+3.01,+19.421, +6.461,+0.913
1694953800,+3.01,+19.421, +6.469,+0.914
1694954100,+3.01,+19.413, +6.413,+0.913
1694954400,+3.01,+19.396, +6.351,+0.913
1694954700,+3.01,+19.396, +6.381,+0.913
1694955000,+3.01,+19.396, +6.414,+0.914
1694955300,+3.01,+19.396, +6.410,+0.914
1694955600,+3.01,+19.404, +6.520,+0.914
1694955900,+3.01,+19.396, +6.507,+0.914
1694956200,+3.01,+19.379, +6.457,+0.914
1694956500,+3.01,+19.354, +6.432,+0.914
1694956800,+3.01,+19.362, +6.422,+0.913
1694957100,+3.01,+19.345, +6.445,+0.914
1694957400,+3.01,+19.337, +6.460,+0.914
1694957700,+3.01,+19.354, +6.471,+0.914
1694958000,+3.01,+19.362, +6.475,+0.914
1694958300,+3.01,+19.329, +6.466,+0.914
1694958600,+3.01,+19.329, +6.501,+0.914
1694958900,+3.01,+19.329, +6.498,+0.914
1694959200,+3.01,+19.320, +6.504,+0.913
1694959500,+3.01,+19.329, +6.503,+0.913
1694959800,+3.01,+19.329, +6.553,+0.914
1694960100,+3.01,+19.329, +6.519,+0.914
1694960400,+3.01,+19.320, +6.551,+0.914
1694960700,+3.01,+19.312, +6.553,+0.914
1694961000,+3.01,+19.312, +6.573,+0.913
1694961300,+3.01,+19.287, +6.511,+0.913
1694961600,+3.01,+19.312, +6.518,+0.914
1694961900,+3.01,+19.320, +6.528,+0.913
1694962200,+3.01,+19.320, +6.584,+0.914
1694962500,+3.01,+19.320, +6.551,+0.913
1694962800,+3.01,+19.345, +6.532,+0.914
1694963100,+3.01,+19.329, +6.577,+0.914
1694963400,+3.01,+19.337, +6.570,+0.914
1694963700,+3.01,+19.320, +6.556,+0.914
1694964000,+3.01,+19.320, +6.542,+0.914
1694964300,+3.01,+19.320, +6.556,+0.913
1694964600,+3.01,+19.320, +6.536,+0.913
1694964900,+3.01,+19.354, +6.554,+0.914
1694965200,+3.01,+19.337, +6.547,+0.914
1694965500,+3.01,+19.362, +6.559,+0.914
1694965800,+3.01,+19.329, +6.571,+0.914
