7450-521120
OS REV: 1.04 Sensor Cal: 1570120153
Time (sec),  BV (Volts),  T (deg C),  DO (mg/l),  Q ()
1695139680,+3.01,+20.937, +6.210,+0.894
1695139980,+3.01,+20.963, +6.250,+0.893
1695140280,+3.01,+20.988, +6.244,+0.894
1695140580,+3.01,+20.979, +6.275,+0.894
1695140880,+3.01,+20.963, +6.318,+0.894
1695141180,+3.01,+21.004, +6.333,+0.893
1695141480,+3.01,+20.979, +6.386,+0.893
1695141780,+3.01,+20.921, +6.446,+0.893
1695142080,+3.01,+20.929, +6.503,+0.893
1695142380,+3.01,+20.896, +6.533,+0.893
1695142680,+3.01,+20.937, +6.532,+0.892
1695142980,+3.01,+20.946, +6.610,+0.893
1695143280,+3.01,+20.988, +6.652,+0.893
1695143580,+3.01,+21.029, +6.708,+0.892
1695143880,+3.01,+21.063, +6.795,+0.892
1695144180,+3.01,+21.080, +6.834,+0.892
1695144480,+3.01,+21.080, +6.833,+0.892
1695144780,+3.01,+21.122, +6.833,+0.891
1695145080,+3.01,+21.155, +6.831,+0.891
1695145380,+3.01,+21.172, +6.951,+0.892
1695145680,+3.01,+21.189, +7.119,+0.891
1695145980,+3.01,+21.205, +7.206,+0.892
1695146280,+3.01,+21.230, +7.261,+0.892
1695146580,+3.01,+21.289, +7.303,+0.891
1695146880,+3.01,+21.322, +7.356,+0.891
1695147180,+3.01,+21.364, +7.387,+0.891
1695147480,+3.01,+21.381, +7.453,+0.891
1695147780,+3.01,+21.423, +7.511,+0.891
1695148080,+3.01,+21.456, +7.540,+0.890
1695148380,+3.01,+21.481, +7.607,+0.891
1695148680,+3.01,+21.507, +7.675,+0.891
1695148980,+3.01,+21.481, +7.731,+0.890
1695149280,+3.01,+21.557, +7.765,+0.890
1695149580,+3.01,+21.590, +7.782,+0.890
1695149880,+3.00,+21.657, +7.799,+0.890
1695150180,+3.00,+21.707, +7.882,+0.890
1695150480,+3.00,+21.783, +7.926,+0.890
1695150780,+3.00,+21.799, +7.994,+0.889
1695151080,+3.00,+21.866, +8.049,+0.889
1695151380,+3.00,+21.891, +8.094,+0.890
1695151680,+3.00,+21.942, +8.105,+0.889
1695151980,+3.00,+21.975, +8.157,+0.889
1695152280,+3.00,+22.000, +8.153,+0.889
1695152580,+3.00,+22.034, +8.118,+0.889
1695152880,+3.00,+22.101, +8.066,+0.889
1695153180,+3.00,+22.201, +8.052,+0.889
1695153480,+3.01,+22.285, +8.129,+0.889
1695153780,+3.01,+22.327, +8.202,+0.889
1695154080,+3.01,+22.452, +8.224,+0.888
1695154380,+3.00,+22.494, +8.303,+0.888
1695154680,+3.01,+22.561, +8.337,+0.888
1695154980,+3.00,+22.611, +8.365,+0.888
1695155280,+3.00,+22.662, +8.440,+0.889
1695155580,+3.00,+22.678, +8.536,+0.888
1695155880,+3.00,+22.779, +8.542,+0.888
1695156180,+3.00,+22.779, +8.628,+0.888
1695156480,+3.00,+22.804, +8.696,+0.888
1695156780,+3.00,+22.787, +8.741,+0.888
1695157080,+3.00,+22.871, +8.782,+0.888
1695157380,+3.00,+22.888, +8.820,+0.887
1695157680,+3.00,+22.913, +8.831,+0.887
1695157980,+3.00,+22.988, +8.880,+0.887
1695158280,+3.00,+23.039, +8.969,+0.887
1695158580,+3.00,+23.072, +9.046,+0.887
1695158880,+3.00,+23.097, +9.061,+0.886
1695159180,+3.00,+23.089, +9.091,+0.887
1695159480,+3.00,+23.131, +9.120,+0.887
1695159780,+3.00,+23.139, +9.118,+0.886
1695160080,+3.00,+23.164, +9.131,+0.886
1695160380,+3.00,+23.206, +9.150,+0.887
1695160680,+3.00,+23.231, +9.149,+0.886
1695160980,+3.00,+23.273, +9.147,+0.887
1695161280,+3.00,+23.282, +9.169,+0.886
1695161580,+3.00,+23.307, +9.170,+0.886
1695161880,+3.00,+23.332, +9.162,+0.886
1695162180,+3.00,+23.366, +9.170,+0.886
1695162480,+3.00,+23.391, +9.216,+0.887
1695162780,+3.00,+23.449, +9.247,+0.886
1695163080,+3.00,+23.508, +9.299,+0.886
1695163380,+3.00,+23.567, +9.307,+0.885
1695163680,+3.00,+23.609, +9.289,+0.885
1695163980,+3.00,+23.575, +9.299,+0.886
1695164280,+3.00,+23.584, +9.264,+0.886
1695164580,+3.00,+23.626, +9.252,+0.886
1695164880,+3.00,+23.651, +9.248,+0.886
1695165180,+3.00,+23.676, +9.262,+0.885
1695165480,+3.00,+23.676, +9.227,+0.886
1695165780,+3.00,+23.718, +9.168,+0.885
1695166080,+3.00,+23.751, +9.156,+0.885
1695166380,+3.00,+23.743, +9.162,+0.885
1695166680,+3.00,+23.760, +9.144,+0.885
1695166980,+3.00,+23.793, +9.167,+0.885
1695167280,+3.00,+23.785, +9.196,+0.885
1695167580,+3.00,+23.709, +9.230,+0.886
1695167880,+3.00,+23.684, +9.208,+0.885
1695168180,+3.00,+23.659, +9.199,+0.885
1695168480,+3.00,+23.659, +9.194,+0.885
1695168780,+3.00,+23.600, +9.191,+0.885
1695169080,+3.00,+23.617, +9.205,+0.885
1695169380,+3.00,+23.642, +9.197,+0.884
1695169680,+3.00,+23.659, +9.218,+0.885
1695169980,+3.00,+23.626, +9.201,+0.885
1695170280,+3.00,+23.617, +9.148,+0.884
1695170580,+3.00,+23.558, +9.167,+0.886
1695170880,+3.00,+23.500, +9.119,+0.885
1695171180,+3.00,+23.466, +9.081,+0.885
1695171480,+3.00,+23.407, +9.048,+0.885
1695171780,+3.00,+23.349, +8.986,+0.884
1695172080,+3.00,+23.307, +8.971,+0.886
1695172380,+3.00,+23.273, +8.907,+0.885
1695172680,+3.00,+23.206, +8.864,+0.885
1695172980,+3.00,+23.139, +8.807,+0.884
1695173280,+3.00,+23.081, +8.760,+0.885
1695173580,+3.00,+23.030, +8.728,+0.885
1695173880,+3.00,+23.013, +8.674,+0.885
1695174180,+3.00,+22.963, +8.613,+0.884
1695174480,+3.00,+22.905, +8.599,+0.885
1695174780,+3.00,+22.854, +8.546,+0.885
1695175080,+3.00,+22.838, +8.487,+0.885
1695175380,+3.00,+22.787, +8.460,+0.885
1695175680,+3.00,+22.745, +8.437,+0.885
1695175980,+3.00,+22.737, +8.403,+0.885
1695176280,+3.00,+22.737, +8.342,+0.885
1695176580,+3.00,+22.704, +8.316,+0.884
1695176880,+3.00,+22.687, +8.286,+0.885
1695177180,+3.00,+22.637, +8.218,+0.884
1695177480,+3.00,+22.620, +8.148,+0.885
1695177780,+3.00,+22.603, +8.098,+0.884
1695178080,+3.00,+22.586, +8.053,+0.884
1695178380,+3.01,+22.553, +8.050,+0.884
1695178680,+3.01,+22.503, +8.036,+0.884
1695178980,+3.01,+22.477, +7.991,+0.885
1695179280,+3.01,+22.419, +7.946,+0.884
1695179580,+3.01,+22.377, +7.890,+0.885
1695179880,+3.01,+22.343, +7.862,+0.883
1695180180,+3.01,+22.268, +7.829,+0.884
1695180480,+3.01,+22.210, +7.762,+0.884
1695180780,+3.00,+22.159, +7.730,+0.884
1695181080,+3.00,+22.109, +7.687,+0.884
1695181380,+3.00,+22.067, +7.642,+0.883
1695181680,+3.00,+22.017, +7.606,+0.884
1695181980,+3.00,+21.925, +7.555,+0.884
1695182280,+3.00,+21.891, +7.528,+0.884
1695182580,+3.00,+21.833, +7.494,+0.883
1695182880,+3.00,+21.774, +7.433,+0.884
1695183180,+3.00,+21.724, +7.387,+0.884
1695183480,+3.01,+21.674, +7.344,+0.884
1695183780,+3.01,+21.624, +7.304,+0.884
1695184080,+3.01,+21.565, +7.244,+0.884
1695184380,+3.01,+21.540, +7.233,+0.884
1695184680,+3.01,+21.515, +7.206,+0.884
1695184980,+3.01,+21.465, +7.187,+0.884
1695185280,+3.01,+21.414, +7.155,+0.884
1695185580,+3.01,+21.348, +7.127,+0.883
1695185880,+3.01,+21.314, +7.101,+0.884
1695186180,+3.01,+21.289, +7.068,+0.883
1695186480,+3.01,+21.255, +7.068,+0.883
1695186780,+3.01,+21.222, +7.031,+0.883
1695187080,+3.01,+21.189, +7.010,+0.884
1695187380,+3.01,+21.130, +6.980,+0.883
1695187680,+3.01,+21.063, +6.968,+0.883
1695187980,+3.01,+21.038, +6.935,+0.883
1695188280,+3.01,+21.004, +6.925,+0.883
1695188580,+3.01,+20.954, +6.905,+0.883
1695188880,+3.01,+20.946, +6.877,+0.883
1695189180,+3.00,+20.921, +6.861,+0.884
1695189480,+3.00,+20.862, +6.848,+0.884
1695189780,+3.00,+20.837, +6.834,+0.883
1695190080,+3.00,+20.820, +6.799,+0.883
1695190380,+3.01,+20.770, +6.780,+0.883
1695190680,+3.01,+20.762, +6.785,+0.883
1695190980,+3.01,+20.720, +6.768,+0.883
1695191280,+3.01,+20.686, +6.753,+0.883
1695191580,+3.01,+20.644, +6.752,+0.883
1695191880,+3.01,+20.661, +6.707,+0.883
1695192180,+3.01,+20.611, +6.685,+0.883
1695192480,+3.01,+20.569, +6.677,+0.883
1695192780,+3.01,+20.536, +6.666,+0.883
1695193080,+3.01,+20.519, +6.654,+0.883
1695193380,+3.01,+20.502, +6.648,+0.883
1695193680,+3.01,+20.502, +6.684,+0.882
1695193980,+3.01,+20.485, +6.654,+0.882
1695194280,+3.01,+20.427, +6.653,+0.882
1695194580,+3.01,+20.418, +6.642,+0.882
1695194880,+3.01,+20.385, +6.619,+0.882
1695195180,+3.01,+20.360, +6.600,+0.882
1695195480,+3.01,+20.351, +6.556,+0.882
1695195780,+3.01,+20.309, +6.527,+0.882
1695196080,+3.01,+20.293, +6.503,+0.882
1695196380,+3.01,+20.259, +6.496,+0.882
1695196680,+3.01,+20.251, +6.491,+0.882
1695196980,+3.01,+20.226, +6.504,+0.882
1695197280,+3.01,+20.201, +6.515,+0.882
1695197580,+3.01,+20.175, +6.498,+0.882
1695197880,+3.01,+20.150, +6.462,+0.882
1695198180,+3.01,+20.159, +6.428,+0.882
1695198480,+3.01,+20.108, +6.405,+0.882
1695198780,+3.01,+20.117, +6.401,+0.882
1695199080,+3.01,+20.075, +6.370,+0.882
1695199380,+3.01,+20.050, +6.387,+0.881
1695199680,+3.01,+20.025, +6.408,+0.881
1695199980,+3.01,+20.000, +6.449,+0.882
1695200280,+3.01,+19.983, +6.459,+0.881
1695200580,+3.01,+19.949, +6.456,+0.881
1695200880,+3.01,+19.958, +6.446,+0.881
1695201180,+3.01,+19.932, +6.478,+0.882
1695201480,+3.01,+19.907, +6.446,+0.882
1695201780,+3.01,+19.907, +6.471,+0.881
1695202080,+3.01,+19.865, +6.500,+0.881
1695202380,+3.01,+19.857, +6.500,+0.881
1695202680,+3.01,+19.849, +6.493,+0.881
1695202980,+3.01,+19.832, +6.497,+0.881
1695203280,+3.01,+19.807, +6.455,+0.881
1695203580,+3.01,+19.815, +6.455,+0.881
1695203880,+3.01,+19.765, +6.472,+0.881
1695204180,+3.01,+19.740, +6.451,+0.881
1695204480,+3.01,+19.748, +6.403,+0.881
1695204780,+3.01,+19.731, +6.483,+0.881
1695205080,+3.01,+19.756, +6.492,+0.881
1695205380,+3.01,+19.731, +6.495,+0.880
1695205680,+3.01,+19.715, +6.491,+0.880
1695205980,+3.01,+19.698, +6.463,+0.880
1695206280,+3.01,+19.689, +6.435,+0.880
1695206580,+3.01,+19.664, +6.480,+0.880
1695206880,+3.01,+19.631, +6.480,+0.880
1695207180,+3.01,+19.639, +6.501,+0.880
1695207480,+3.01,+19.614, +6.497,+0.880
1695207780,+3.01,+19.614, +6.516,+0.881
1695208080,+3.01,+19.589, +6.459,+0.880
1695208380,+3.01,+19.572, +6.462,+0.880
1695208680,+3.01,+19.555, +6.473,+0.881
1695208980,+3.01,+19.580, +6.472,+0.880
1695209280,+3.01,+19.572, +6.452,+0.880
1695209580,+3.01,+19.580, +6.459,+0.880
1695209880,+3.01,+19.580, +6.408,+0.880
1695210180,+3.01,+19.538, +6.418,+0.880
1695210480,+3.01,+19.513, +6.450,+0.880
1695210780,+3.01,+19.488, +6.464,+0.880
1695211080,+3.01,+19.496, +6.417,+0.879
1695211380,+3.01,+19.463, +6.441,+0.880
1695211680,+3.01,+19.455, +6.414,+0.879
1695211980,+3.01,+19.463, +6.467,+0.879
1695212280,+3.01,+19.471, +6.449,+0.879
1695212580,+3.01,+19.446, +6.442,+0.879
1695212880,+3.01,+19.413, +6.457,+0.879
1695213180,+3.01,+19.404, +6.478,+0.879
1695213480,+3.01,+19.387, +6.454,+0.879
1695213780,+3.01,+19.396, +6.467,+0.879
1695214080,+3.01,+19.379, +6.500,+0.879
1695214380,+3.01,+19.396, +6.491,+0.879
1695214680,+3.01,+19.362, +6.486,+0.879
1695214980,+3.01,+19.345, +6.465,+0.879
1695215280,+3.01,+19.337, +6.493,+0.879
1695215580,+3.01,+19.304, +6.467,+0.879
1695215880,+3.01,+19.304, +6.438,+0.879
1695216180,+3.01,+19.304, +6.473,+0.879
1695216480,+3.01,+19.295, +6.538,+0.878
1695216780,+3.01,+19.278, +6.533,+0.879
1695217080,+3.01,+19.253, +6.463,+0.878
1695217380,+3.01,+19.287, +6.488,+0.879
1695217680,+3.01,+19.262, +6.469,+0.878
1695217980,+3.01,+19.253, +6.454,+0.878
1695218280,+3.01,+19.228, +6.403,+0.878
1695218580,+3.01,+19.203, +6.427,+0.878
1695218880,+3.01,+19.203, +6.479,+0.878
1695219180,+3.01,+19.203, +6.455,+0.878
1695219480,+3.01,+19.194, +6.481,+0.878
1695219780,+3.01,+19.194, +6.485,+0.878
1695220080,+3.01,+19.194, +6.468,+0.878
1695220380,+3.01,+19.194, +6.438,+0.878
1695220680,+3.01,+19.161, +6.494,+0.878
1695220980,+3.01,+19.127, +6.479,+0.877
1695221280,+3.01,+19.152, +6.458,+0.878
1695221580,+3.01,+19.136, +6.510,+0.878
1695221880,+3.01,+19.186, +6.518,+0.878
1695222180,+3.01,+19.127, +6.547,+0.877
1695222480,+3.01,+19.102, +6.580,+0.877
1695222780,+3.01,+19.110, +6.605,+0.877
1695223080,+3.01,+19.119, +6.606,+0.877
1695223380,+3.01,+19.119, +6.581,+0.877
1695223680,+3.01,+19.110, +6.645,+0.877
1695223980,+3.01,+19.144, +6.639,+0.877
1695224280,+3.01,+19.102, +6.596,+0.877
1695224580,+3.01,+19.119, +6.644,+0.877
1695224880,+3.01,+19.136, +6.695,+0.877
1695225180,+3.01,+19.136, +6.731,+0.877
1695225480,+3.01,+19.136, +6.760,+0.877
1695225780,+3.01,+19.144, +6.806,+0.877
1695226080,+3.01,+19.152, +6.797,+0.876
