7450-521120
OS REV: 1.04 Sensor Cal: 1570120153
Time (sec),  BV (Volts),  T (deg C),  DO (mg/l),  Q ()
1688399640,+3.04,+21.507, +8.147,+0.930
1688399940,+3.04,+21.599, +7.368,+0.929
1688400240,+3.04,+21.724, +7.522,+0.930
1688400540,+3.04,+21.741, +7.498,+0.930
1688400840,+3.04,+21.758, +7.497,+0.930
1688401140,+3.04,+21.774, +7.533,+0.930
1688401440,+3.04,+21.808, +7.551,+0.931
1688401740,+3.04,+21.841, +7.589,+0.930
1688402040,+3.04,+21.866, +7.619,+0.930
1688402340,+3.04,+21.900, +7.622,+0.931
1688402640,+3.03,+21.925, +7.641,+0.931
1688402940,+3.03,+21.984, +7.629,+0.930
1688403240,+3.03,+22.000, +7.671,+0.930
1688403540,+3.03,+22.042, +7.693,+0.931
1688403840,+3.03,+22.126, +7.690,+0.931
1688404140,+3.03,+22.143, +7.705,+0.931
1688404440,+3.04,+22.184, +7.682,+0.930
1688404740,+3.04,+22.218, +7.693,+0.930
1688405040,+3.04,+22.260, +7.722,+0.930
1688405340,+3.04,+22.285, +7.789,+0.931
1688405640,+3.04,+22.335, +7.817,+0.931
1688405940,+3.04,+22.377, +7.809,+0.930
1688406240,+3.04,+22.461, +7.826,+0.931
1688406540,+3.04,+22.494, +7.856,+0.931
1688406840,+3.04,+22.519, +7.894,+0.931
1688407140,+3.04,+22.578, +7.925,+0.931
1688407440,+3.04,+22.637, +7.927,+0.931
1688407740,+3.04,+22.653, +7.997,+0.931
1688408040,+3.04,+22.712, +7.977,+0.931
1688408340,+3.04,+22.762, +7.975,+0.931
1688408640,+3.03,+22.812, +8.005,+0.932
1688408940,+3.03,+22.871, +7.994,+0.931
1688409240,+3.03,+22.930, +7.999,+0.931
1688409540,+3.03,+22.946, +8.044,+0.932
1688409840,+3.03,+22.997, +8.026,+0.931
1688410140,+3.03,+23.064, +7.996,+0.931
1688410440,+3.03,+23.122, +8.024,+0.931
1688410740,+3.03,+23.164, +8.159,+0.931
1688411040,+3.03,+23.231, +8.104,+0.931
1688411340,+3.03,+23.265, +8.148,+0.931
1688411640,+3.04,+23.332, +8.150,+0.932
1688411940,+3.04,+23.366, +8.175,+0.932
1688412240,+3.04,+23.433, +8.096,+0.931
1688412540,+3.04,+23.475, +8.131,+0.932
1688412840,+3.04,+23.550, +8.150,+0.931
1688413140,+3.04,+23.592, +8.158,+0.932
1688413440,+3.04,+23.626, +8.220,+0.933
1688413740,+3.04,+23.684, +8.215,+0.932
1688414040,+3.03,+23.735, +8.190,+0.932
1688414340,+3.03,+23.793, +8.145,+0.932
1688414640,+3.03,+23.852, +8.169,+0.932
1688414940,+3.03,+23.902, +8.261,+0.932
1688415240,+3.03,+23.944, +8.281,+0.932
1688415540,+3.03,+23.995, +8.267,+0.933
1688415840,+3.03,+24.028, +8.149,+0.932
1688416140,+3.03,+24.104, +8.113,+0.933
1688416440,+3.03,+24.146, +8.138,+0.933
1688416740,+3.03,+24.171, +8.160,+0.932
1688417040,+3.03,+24.213, +8.135,+0.932
1688417340,+3.03,+24.272, +8.110,+0.933
1688417640,+3.03,+24.314, +8.225,+0.933
1688417940,+3.03,+24.381, +8.340,+0.933
1688418240,+3.04,+24.398, +8.427,+0.933
1688418540,+3.04,+24.465, +8.391,+0.933
1688418840,+3.04,+24.507, +8.423,+0.933
1688419140,+3.03,+24.541, +8.277,+0.933
1688419440,+3.03,+24.591, +8.318,+0.933
1688419740,+3.03,+24.634, +8.319,+0.933
1688420040,+3.03,+24.684, +8.333,+0.934
1688420340,+3.03,+24.709, +8.459,+0.934
1688420640,+3.03,+24.743, +8.407,+0.934
1688420940,+3.03,+24.768, +8.427,+0.933
1688421240,+3.03,+24.793, +8.432,+0.934
1688421540,+3.03,+24.844, +8.445,+0.933
1688421840,+3.03,+24.869, +8.491,+0.934
1688422140,+3.03,+24.920, +8.448,+0.934
1688422440,+3.03,+24.953, +8.277,+0.933
1688422740,+3.03,+24.962, +8.351,+0.933
1688423040,+3.03,+24.995, +8.404,+0.934
1688423340,+3.03,+24.987, +8.346,+0.934
1688423640,+3.03,+25.046, +8.259,+0.934
1688423940,+3.03,+25.038, +8.213,+0.935
1688424240,+3.03,+25.054, +8.240,+0.934
1688424540,+3.03,+25.105, +8.211,+0.934
1688424840,+3.03,+25.105, +8.219,+0.933
1688425140,+3.03,+25.156, +8.199,+0.934
1688425440,+3.03,+25.097, +8.161,+0.934
1688425740,+3.03,+25.147, +8.155,+0.934
1688426040,+3.03,+25.130, +8.112,+0.934
1688426340,+3.03,+25.147, +8.159,+0.933
1688426640,+3.03,+25.181, +8.187,+0.934
1688426940,+3.03,+25.139, +8.189,+0.934
1688427240,+3.03,+25.164, +8.157,+0.933
1688427540,+3.03,+25.139, +8.140,+0.933
1688427840,+3.03,+25.156, +8.173,+0.934
1688428140,+3.03,+25.105, +8.171,+0.934
1688428440,+3.03,+25.097, +8.191,+0.933
1688428740,+3.03,+25.147, +8.168,+0.934
1688429040,+3.03,+25.172, +8.176,+0.934
1688429340,+3.03,+25.189, +8.184,+0.934
1688429640,+3.03,+25.189, +8.202,+0.934
1688429940,+3.03,+25.147, +8.176,+0.933
1688430240,+3.03,+25.139, +8.175,+0.933
1688430540,+3.03,+25.113, +8.175,+0.934
1688430840,+3.03,+25.113, +8.188,+0.934
1688431140,+3.03,+25.088, +8.157,+0.933
1688431440,+3.03,+25.113, +8.138,+0.934
1688431740,+3.03,+25.071, +8.190,+0.934
1688432040,+3.03,+25.038, +8.149,+0.934
1688432340,+3.03,+25.038, +8.136,+0.934
1688432640,+3.03,+25.012, +8.092,+0.933
1688432940,+3.03,+24.979, +8.066,+0.934
1688433240,+3.03,+24.970, +8.096,+0.933
1688433540,+3.03,+24.920, +8.091,+0.933
1688433840,+3.03,+24.827, +8.033,+0.933
1688434140,+3.03,+24.718, +7.972,+0.933
1688434440,+3.03,+24.667, +7.912,+0.933
1688434740,+3.03,+24.617, +7.888,+0.933
1688435040,+3.03,+24.591, +7.860,+0.933
1688435340,+3.03,+24.541, +7.837,+0.933
1688435640,+3.03,+24.541, +7.806,+0.933
1688435940,+3.04,+24.516, +7.792,+0.932
1688436240,+3.04,+24.491, +7.770,+0.932
1688436540,+3.03,+24.432, +7.762,+0.932
1688436840,+3.04,+24.432, +7.741,+0.932
1688437140,+3.03,+24.381, +7.717,+0.932
1688437440,+3.03,+24.339, +7.682,+0.932
1688437740,+3.03,+24.322, +7.666,+0.932
1688438040,+3.03,+24.255, +7.660,+0.932
1688438340,+3.03,+24.213, +7.618,+0.932
1688438640,+3.03,+24.171, +7.595,+0.932
1688438940,+3.03,+24.171, +7.601,+0.932
1688439240,+3.03,+24.129, +7.583,+0.932
1688439540,+3.03,+24.121, +7.553,+0.932
1688439840,+3.03,+24.087, +7.534,+0.932
1688440140,+3.03,+24.054, +7.498,+0.932
1688440440,+3.03,+24.003, +7.469,+0.931
1688440740,+3.03,+23.978, +7.451,+0.932
1688441040,+3.03,+23.944, +7.429,+0.932
1688441340,+3.03,+23.911, +7.426,+0.932
1688441640,+3.03,+23.877, +7.422,+0.932
1688441940,+3.03,+23.869, +7.385,+0.931
1688442240,+3.03,+23.860, +7.338,+0.931
1688442540,+3.03,+23.844, +7.339,+0.932
1688442840,+3.03,+23.810, +7.323,+0.932
1688443140,+3.03,+23.785, +7.296,+0.932
1688443440,+3.03,+23.785, +7.238,+0.931
1688443740,+3.03,+23.751, +7.253,+0.931
1688444040,+3.03,+23.735, +7.251,+0.931
1688444340,+3.03,+23.726, +7.235,+0.931
1688444640,+3.03,+23.726, +7.193,+0.931
1688444940,+3.03,+23.701, +7.191,+0.931
1688445240,+3.04,+23.693, +7.173,+0.931
1688445540,+3.04,+23.684, +7.145,+0.931
1688445840,+3.04,+23.667, +7.115,+0.931
1688446140,+3.04,+23.651, +7.106,+0.931
1688446440,+3.04,+23.609, +7.122,+0.931
1688446740,+3.04,+23.609, +7.075,+0.931
1688447040,+3.04,+23.600, +7.078,+0.931
1688447340,+3.04,+23.575, +7.068,+0.931
1688447640,+3.04,+23.567, +7.046,+0.931
1688447940,+3.04,+23.567, +7.008,+0.931
1688448240,+3.04,+23.533, +7.030,+0.932
1688448540,+3.04,+23.525, +6.989,+0.931
1688448840,+3.04,+23.525, +7.008,+0.931
1688449140,+3.04,+23.483, +6.986,+0.931
1688449440,+3.04,+23.475, +6.954,+0.931
1688449740,+3.04,+23.466, +6.921,+0.931
1688450040,+3.04,+23.449, +6.939,+0.931
1688450340,+3.04,+23.449, +6.905,+0.930
1688450640,+3.04,+23.424, +6.886,+0.931
1688450940,+3.04,+23.382, +6.891,+0.931
1688451240,+3.04,+23.382, +6.853,+0.931
1688451540,+3.04,+23.366, +6.907,+0.931
1688451840,+3.04,+23.340, +6.896,+0.931
1688452140,+3.04,+23.315, +6.923,+0.931
1688452440,+3.04,+23.307, +6.867,+0.931
1688452740,+3.03,+23.265, +6.905,+0.931
1688453040,+3.03,+23.273, +6.884,+0.930
1688453340,+3.03,+23.240, +6.875,+0.931
1688453640,+3.03,+23.240, +6.864,+0.931
1688453940,+3.03,+23.198, +6.867,+0.931
1688454240,+3.03,+23.164, +6.855,+0.931
1688454540,+3.03,+23.139, +6.883,+0.931
1688454840,+3.03,+23.122, +6.895,+0.931
1688455140,+3.03,+23.106, +6.918,+0.930
1688455440,+3.03,+23.064, +6.899,+0.931
1688455740,+3.03,+23.039, +6.907,+0.930
1688456040,+3.03,+23.022, +6.884,+0.931
1688456340,+3.03,+22.997, +6.892,+0.930
1688456640,+3.03,+22.972, +6.901,+0.930
1688456940,+3.03,+22.955, +6.920,+0.930
1688457240,+3.03,+22.930, +6.918,+0.931
1688457540,+3.03,+22.879, +6.917,+0.930
1688457840,+3.03,+22.871, +6.902,+0.930
1688458140,+3.03,+22.854, +6.894,+0.930
1688458440,+3.03,+22.829, +6.902,+0.931
1688458740,+3.03,+22.812, +6.912,+0.930
1688459040,+3.03,+22.796, +6.876,+0.931
1688459340,+3.04,+22.745, +6.908,+0.930
1688459640,+3.04,+22.737, +6.878,+0.930
1688459940,+3.04,+22.695, +6.855,+0.931
1688460240,+3.04,+22.678, +6.869,+0.930
1688460540,+3.04,+22.653, +6.902,+0.930
1688460840,+3.04,+22.628, +6.883,+0.930
1688461140,+3.04,+22.603, +6.848,+0.930
1688461440,+3.04,+22.586, +6.842,+0.930
1688461740,+3.04,+22.561, +6.845,+0.930
1688462040,+3.04,+22.536, +6.846,+0.931
1688462340,+3.04,+22.519, +6.813,+0.930
1688462640,+3.04,+22.494, +6.833,+0.930
1688462940,+3.04,+22.461, +6.843,+0.930
1688463240,+3.04,+22.444, +6.860,+0.930
1688463540,+3.04,+22.436, +6.847,+0.930
1688463840,+3.04,+22.402, +6.844,+0.930
1688464140,+3.04,+22.385, +6.889,+0.930
1688464440,+3.04,+22.360, +6.859,+0.930
1688464740,+3.04,+22.335, +6.859,+0.930
1688465040,+3.04,+22.310, +6.870,+0.930
1688465340,+3.04,+22.302, +6.855,+0.930
1688465640,+3.04,+22.277, +6.847,+0.930
1688465940,+3.04,+22.251, +6.831,+0.930
1688466240,+3.04,+22.218, +6.840,+0.930
1688466540,+3.04,+22.218, +6.846,+0.930
1688466840,+3.04,+22.201, +6.830,+0.931
1688467140,+3.03,+22.168, +6.826,+0.930
1688467440,+3.03,+22.159, +6.812,+0.930
1688467740,+3.03,+22.143, +6.820,+0.930
1688468040,+3.03,+22.092, +6.796,+0.930
1688468340,+3.03,+22.084, +6.765,+0.930
1688468640,+3.03,+22.076, +6.792,+0.930
1688468940,+3.03,+22.034, +6.770,+0.930
1688469240,+3.03,+22.025, +6.760,+0.930
1688469540,+3.03,+22.009, +6.742,+0.930
1688469840,+3.03,+21.992, +6.777,+0.929
1688470140,+3.03,+21.967, +6.816,+0.930
1688470440,+3.03,+21.933, +6.786,+0.929
1688470740,+3.03,+21.917, +6.840,+0.930
1688471040,+3.03,+21.891, +6.789,+0.929
1688471340,+3.04,+21.866, +6.787,+0.929
1688471640,+3.04,+21.833, +6.812,+0.930
1688471940,+3.04,+21.850, +6.793,+0.929
1688472240,+3.04,+21.816, +6.807,+0.930
1688472540,+3.04,+21.783, +6.814,+0.930
1688472840,+3.04,+21.766, +6.780,+0.930
1688473140,+3.04,+21.741, +6.798,+0.929
1688473440,+3.04,+21.724, +6.795,+0.930
1688473740,+3.04,+21.699, +6.804,+0.930
1688474040,+3.04,+21.682, +6.803,+0.930
1688474340,+3.04,+21.691, +6.779,+0.930
1688474640,+3.04,+21.666, +6.792,+0.929
1688474940,+3.04,+21.624, +6.798,+0.930
1688475240,+3.04,+21.624, +6.829,+0.930
1688475540,+3.04,+21.573, +6.846,+0.930
1688475840,+3.04,+21.582, +6.796,+0.929
1688476140,+3.04,+21.573, +6.784,+0.930
1688476440,+3.04,+21.523, +6.793,+0.930
1688476740,+3.04,+21.515, +6.799,+0.929
1688477040,+3.04,+21.515, +6.834,+0.929
1688477340,+3.04,+21.481, +6.835,+0.930
1688477640,+3.04,+21.440, +6.804,+0.930
1688477940,+3.04,+21.431, +6.806,+0.929
1688478240,+3.04,+21.414, +6.827,+0.930
1688478540,+3.04,+21.398, +6.842,+0.929
1688478840,+3.04,+21.389, +6.820,+0.929
1688479140,+3.04,+21.381, +6.849,+0.929
1688479440,+3.04,+21.356, +6.840,+0.929
1688479740,+3.04,+21.356, +6.828,+0.929
1688480040,+3.04,+21.339, +6.833,+0.929
1688480340,+3.04,+21.322, +6.864,+0.930
1688480640,+3.04,+21.289, +6.885,+0.930
1688480940,+3.04,+21.297, +6.945,+0.929
1688481240,+3.04,+21.264, +6.956,+0.930
1688481540,+3.04,+21.247, +6.942,+0.929
1688481840,+3.04,+21.247, +6.962,+0.929
1688482140,+3.04,+21.197, +6.992,+0.930
1688482440,+3.04,+21.180, +6.989,+0.929
1688482740,+3.04,+21.214, +7.028,+0.929
1688483040,+3.04,+21.172, +7.044,+0.929
1688483340,+3.04,+21.189, +7.055,+0.929
1688483640,+3.04,+21.180, +7.049,+0.929
1688483940,+3.04,+21.155, +7.063,+0.929
1688484240,+3.04,+21.138, +7.078,+0.929
1688484540,+3.04,+21.180, +7.065,+0.929
1688484840,+3.04,+21.155, +7.090,+0.930
1688485140,+3.04,+21.180, +7.096,+0.929
1688485440,+3.04,+21.197, +7.169,+0.929
1688485740,+3.04,+21.255, +7.246,+0.929
1688486040,+3.04,+21.297, +7.277,+0.930
