7450-521120
OS REV: 1.04 Sensor Cal: 1570120153
Time (sec),  BV (Volts),  T (deg C),  DO (mg/l),  Q ()
1693150800,+3.02,+20.309, +6.700,+0.916
1693151100,+3.02,+20.335, +6.711,+0.916
1693151400,+3.02,+20.368, +6.857,+0.916
1693151700,+3.02,+20.393, +6.843,+0.916
1693152000,+3.02,+20.402, +6.847,+0.916
1693152300,+3.02,+20.418, +6.855,+0.916
1693152600,+3.02,+20.443, +6.941,+0.916
1693152900,+3.02,+20.477, +6.992,+0.916
1693153200,+3.02,+20.510, +7.001,+0.916
1693153500,+3.02,+20.519, +6.978,+0.916
1693153800,+3.02,+20.561, +7.006,+0.916
1693154100,+3.02,+20.586, +7.225,+0.916
1693154400,+3.02,+20.594, +7.352,+0.916
1693154700,+3.02,+20.628, +7.352,+0.916
1693155000,+3.02,+20.678, +7.368,+0.917
1693155300,+3.02,+20.711, +7.456,+0.916
1693155600,+3.02,+20.753, +7.509,+0.917
1693155900,+3.02,+20.787, +7.569,+0.917
1693156200,+3.01,+20.829, +7.628,+0.916
1693156500,+3.01,+20.862, +7.688,+0.917
1693156800,+3.01,+20.912, +7.732,+0.917
1693157100,+3.01,+20.963, +7.775,+0.917
1693157400,+3.01,+20.996, +7.791,+0.917
1693157700,+3.01,+21.055, +7.821,+0.917
1693158000,+3.02,+21.105, +7.879,+0.917
1693158300,+3.02,+21.180, +7.956,+0.917
1693158600,+3.02,+21.239, +8.004,+0.917
1693158900,+3.02,+21.297, +8.079,+0.917
1693159200,+3.02,+21.348, +8.184,+0.917
1693159500,+3.02,+21.398, +8.239,+0.917
1693159800,+3.02,+21.448, +8.322,+0.917
1693160100,+3.02,+21.490, +8.356,+0.918
1693160400,+3.02,+21.532, +8.426,+0.918
1693160700,+3.02,+21.565, +8.424,+0.918
1693161000,+3.02,+21.624, +8.409,+0.917
1693161300,+3.02,+21.649, +8.463,+0.917
1693161600,+3.02,+21.716, +8.508,+0.918
1693161900,+3.01,+21.774, +8.507,+0.918
1693162200,+3.01,+21.808, +8.548,+0.918
1693162500,+3.01,+21.850, +8.550,+0.918
1693162800,+3.01,+21.900, +8.540,+0.918
1693163100,+3.01,+21.942, +8.579,+0.918
1693163400,+3.01,+21.975, +8.576,+0.918
1693163700,+3.01,+21.992, +8.595,+0.918
1693164000,+3.01,+22.034, +8.615,+0.918
1693164300,+3.01,+22.084, +8.634,+0.918
1693164600,+3.01,+22.092, +8.662,+0.918
1693164900,+3.01,+22.134, +8.676,+0.918
1693165200,+3.01,+22.168, +8.687,+0.918
1693165500,+3.01,+22.134, +8.698,+0.918
1693165800,+3.02,+22.226, +8.676,+0.918
1693166100,+3.02,+22.285, +8.705,+0.918
1693166400,+3.02,+22.302, +8.762,+0.918
1693166700,+3.02,+22.377, +8.816,+0.918
1693167000,+3.02,+22.469, +8.847,+0.918
1693167300,+3.02,+22.536, +8.878,+0.918
1693167600,+3.02,+22.603, +8.909,+0.919
1693167900,+3.01,+22.737, +8.998,+0.919
1693168200,+3.01,+22.812, +9.081,+0.919
1693168500,+3.01,+22.905, +9.127,+0.918
1693168800,+3.01,+23.013, +9.196,+0.919
1693169100,+3.01,+23.072, +9.252,+0.919
1693169400,+3.01,+23.181, +9.286,+0.919
1693169700,+3.01,+23.282, +9.332,+0.919
1693170000,+3.02,+23.391, +9.343,+0.919
1693170300,+3.02,+23.458, +9.392,+0.919
1693170600,+3.02,+23.433, +9.393,+0.919
1693170900,+3.01,+23.483, +9.414,+0.919
1693171200,+3.01,+23.592, +9.403,+0.919
1693171500,+3.01,+23.651, +9.433,+0.919
1693171800,+3.01,+23.726, +9.462,+0.919
1693172100,+3.01,+23.760, +9.514,+0.919
1693172400,+3.01,+23.793, +9.499,+0.920
1693172700,+3.01,+23.835, +9.501,+0.920
1693173000,+3.01,+23.835, +9.506,+0.920
1693173300,+3.01,+23.877, +9.530,+0.920
1693173600,+3.01,+23.902, +9.541,+0.921
1693173900,+3.01,+23.902, +9.583,+0.920
1693174200,+3.01,+23.919, +9.583,+0.920
1693174500,+3.01,+23.970, +9.610,+0.920
1693174800,+3.01,+24.012, +9.667,+0.921
1693175100,+3.01,+24.062, +9.647,+0.920
1693175400,+3.01,+24.062, +9.639,+0.920
1693175700,+3.01,+24.070, +9.659,+0.921
1693176000,+3.01,+24.112, +9.668,+0.920
1693176300,+3.01,+24.163, +9.702,+0.920
1693176600,+3.01,+24.205, +9.723,+0.921
1693176900,+3.01,+24.230, +9.722,+0.921
1693177200,+3.01,+24.247, +9.757,+0.921
1693177500,+3.01,+24.306, +9.773,+0.921
1693177800,+3.01,+24.322, +9.791,+0.921
1693178100,+3.01,+24.331, +9.778,+0.921
1693178400,+3.01,+24.339, +9.782,+0.921
1693178700,+3.01,+24.356, +9.803,+0.920
1693179000,+3.01,+24.381, +9.841,+0.921
1693179300,+3.01,+24.415, +9.840,+0.921
1693179600,+3.01,+24.415, +9.818,+0.921
1693179900,+3.01,+24.415, +9.819,+0.921
1693180200,+3.01,+24.423, +9.837,+0.921
1693180500,+3.01,+24.423, +9.801,+0.921
1693180800,+3.01,+24.423, +9.788,+0.920
1693181100,+3.01,+24.373, +9.797,+0.921
1693181400,+3.01,+24.381, +9.770,+0.921
1693181700,+3.01,+24.356, +9.787,+0.921
1693182000,+3.01,+24.364, +9.751,+0.920
1693182300,+3.01,+24.331, +9.768,+0.921
1693182600,+3.01,+24.348, +9.750,+0.920
1693182900,+3.01,+24.297, +9.759,+0.921
1693183200,+3.01,+24.297, +9.750,+0.920
1693183500,+3.01,+24.306, +9.754,+0.921
1693183800,+3.01,+24.230, +9.758,+0.921
1693184100,+3.01,+24.096, +9.682,+0.921
1693184400,+3.01,+24.045, +9.610,+0.920
1693184700,+3.01,+24.003, +9.585,+0.920
1693185000,+3.01,+23.953, +9.551,+0.920
1693185300,+3.01,+23.928, +9.504,+0.921
1693185600,+3.01,+23.902, +9.441,+0.920
1693185900,+3.01,+23.835, +9.414,+0.920
1693186200,+3.01,+23.793, +9.363,+0.920
1693186500,+3.01,+23.743, +9.305,+0.919
1693186800,+3.01,+23.693, +9.260,+0.920
1693187100,+3.01,+23.676, +9.178,+0.919
1693187400,+3.01,+23.609, +9.146,+0.920
1693187700,+3.01,+23.575, +9.076,+0.919
1693188000,+3.01,+23.550, +9.033,+0.920
1693188300,+3.01,+23.533, +8.979,+0.919
1693188600,+3.02,+23.500, +8.897,+0.919
1693188900,+3.02,+23.449, +8.832,+0.919
1693189200,+3.02,+23.433, +8.775,+0.919
1693189500,+3.02,+23.382, +8.696,+0.919
1693189800,+3.01,+23.307, +8.625,+0.920
1693190100,+3.01,+23.248, +8.540,+0.918
1693190400,+3.01,+23.198, +8.479,+0.919
1693190700,+3.01,+23.139, +8.426,+0.919
1693191000,+3.01,+23.097, +8.366,+0.919
1693191300,+3.01,+23.072, +8.281,+0.918
1693191600,+3.01,+23.005, +8.222,+0.919
1693191900,+3.01,+22.988, +8.165,+0.919
1693192200,+3.01,+22.905, +8.115,+0.919
1693192500,+3.01,+22.871, +8.041,+0.918
1693192800,+3.01,+22.812, +7.988,+0.918
1693193100,+3.01,+22.771, +7.954,+0.918
1693193400,+3.01,+22.729, +7.897,+0.918
1693193700,+3.01,+22.678, +7.852,+0.918
1693194000,+3.02,+22.620, +7.794,+0.918
1693194300,+3.02,+22.578, +7.733,+0.918
1693194600,+3.02,+22.536, +7.680,+0.917
1693194900,+3.02,+22.494, +7.662,+0.918
1693195200,+3.02,+22.436, +7.603,+0.918
1693195500,+3.02,+22.394, +7.547,+0.917
1693195800,+3.02,+22.369, +7.515,+0.917
1693196100,+3.02,+22.310, +7.463,+0.917
1693196400,+3.02,+22.285, +7.416,+0.918
1693196700,+3.02,+22.268, +7.358,+0.917
1693197000,+3.01,+22.201, +7.333,+0.917
1693197300,+3.01,+22.159, +7.301,+0.917
1693197600,+3.01,+22.109, +7.263,+0.918
1693197900,+3.01,+22.067, +7.245,+0.917
1693198200,+3.01,+22.034, +7.198,+0.917
1693198500,+3.01,+22.017, +7.146,+0.917
1693198800,+3.01,+21.967, +7.137,+0.917
1693199100,+3.01,+21.942, +7.109,+0.917
1693199400,+3.01,+21.900, +7.075,+0.917
1693199700,+3.01,+21.841, +7.072,+0.917
1693200000,+3.01,+21.816, +7.027,+0.917
1693200300,+3.01,+21.783, +6.998,+0.917
1693200600,+3.01,+21.724, +6.984,+0.917
1693200900,+3.02,+21.707, +6.940,+0.917
1693201200,+3.02,+21.682, +6.898,+0.917
1693201500,+3.02,+21.657, +6.890,+0.917
1693201800,+3.02,+21.649, +6.886,+0.917
1693202100,+3.02,+21.607, +6.854,+0.917
1693202400,+3.02,+21.599, +6.828,+0.917
1693202700,+3.02,+21.573, +6.809,+0.917
1693203000,+3.02,+21.557, +6.825,+0.917
1693203300,+3.02,+21.523, +6.811,+0.917
1693203600,+3.02,+21.498, +6.762,+0.917
1693203900,+3.02,+21.473, +6.764,+0.917
1693204200,+3.02,+21.456, +6.750,+0.916
1693204500,+3.02,+21.423, +6.733,+0.916
1693204800,+3.02,+21.414, +6.739,+0.917
1693205100,+3.02,+21.414, +6.704,+0.916
1693205400,+3.02,+21.373, +6.689,+0.916
1693205700,+3.02,+21.364, +6.654,+0.917
1693206000,+3.02,+21.339, +6.633,+0.916
1693206300,+3.02,+21.314, +6.589,+0.916
1693206600,+3.02,+21.306, +6.592,+0.916
1693206900,+3.02,+21.297, +6.563,+0.917
1693207200,+3.02,+21.281, +6.534,+0.916
1693207500,+3.02,+21.289, +6.535,+0.917
1693207800,+3.02,+21.230, +6.529,+0.916
1693208100,+3.02,+21.230, +6.504,+0.917
1693208400,+3.02,+21.222, +6.471,+0.916
1693208700,+3.02,+21.205, +6.440,+0.916
1693209000,+3.02,+21.172, +6.415,+0.916
1693209300,+3.02,+21.163, +6.417,+0.917
1693209600,+3.02,+21.130, +6.412,+0.916
1693209900,+3.02,+21.105, +6.459,+0.916
1693210200,+3.01,+21.088, +6.456,+0.916
1693210500,+3.01,+21.071, +6.479,+0.916
1693210800,+3.01,+21.071, +6.509,+0.916
1693211100,+3.01,+21.071, +6.486,+0.916
1693211400,+3.01,+21.038, +6.480,+0.916
1693211700,+3.01,+21.021, +6.474,+0.917
1693212000,+3.01,+21.004, +6.426,+0.916
1693212300,+3.01,+20.988, +6.415,+0.916
1693212600,+3.01,+20.971, +6.465,+0.917
1693212900,+3.01,+20.954, +6.444,+0.916
1693213200,+3.01,+20.937, +6.462,+0.916
1693213500,+3.01,+20.921, +6.445,+0.916
1693213800,+3.01,+20.904, +6.403,+0.916
1693214100,+3.01,+20.870, +6.429,+0.916
1693214400,+3.01,+20.862, +6.371,+0.916
1693214700,+3.01,+20.854, +6.262,+0.916
1693215000,+3.01,+20.845, +6.277,+0.916
1693215300,+3.01,+20.829, +6.262,+0.916
1693215600,+3.02,+20.820, +6.194,+0.915
1693215900,+3.02,+20.820, +6.298,+0.916
1693216200,+3.01,+20.795, +6.290,+0.917
1693216500,+3.02,+20.762, +6.288,+0.916
1693216800,+3.02,+20.770, +6.230,+0.916
1693217100,+3.02,+20.728, +6.239,+0.916
1693217400,+3.02,+20.720, +6.332,+0.916
1693217700,+3.02,+20.728, +6.271,+0.916
1693218000,+3.02,+20.703, +6.280,+0.916
1693218300,+3.02,+20.711, +6.302,+0.916
1693218600,+3.02,+20.678, +6.282,+0.916
1693218900,+3.02,+20.661, +6.291,+0.916
1693219200,+3.02,+20.644, +6.337,+0.916
1693219500,+3.02,+20.628, +6.313,+0.916
1693219800,+3.02,+20.628, +6.286,+0.916
1693220100,+3.02,+20.594, +6.247,+0.916
1693220400,+3.02,+20.594, +6.280,+0.916
1693220700,+3.02,+20.594, +6.276,+0.916
1693221000,+3.02,+20.586, +6.263,+0.916
1693221300,+3.02,+20.577, +6.256,+0.917
1693221600,+3.02,+20.552, +6.287,+0.916
1693221900,+3.02,+20.544, +6.316,+0.916
1693222200,+3.02,+20.536, +6.333,+0.916
1693222500,+3.02,+20.519, +6.309,+0.916
1693222800,+3.02,+20.502, +6.307,+0.916
1693223100,+3.02,+20.469, +6.262,+0.916
1693223400,+3.02,+20.494, +6.243,+0.916
1693223700,+3.02,+20.469, +6.310,+0.916
1693224000,+3.02,+20.469, +6.271,+0.916
1693224300,+3.02,+20.443, +6.315,+0.916
1693224600,+3.02,+20.435, +6.362,+0.916
1693224900,+3.02,+20.410, +6.315,+0.916
1693225200,+3.02,+20.418, +6.296,+0.916
1693225500,+3.02,+20.410, +6.300,+0.916
1693225800,+3.02,+20.418, +6.300,+0.916
1693226100,+3.02,+20.360, +6.229,+0.916
1693226400,+3.02,+20.376, +6.203,+0.916
1693226700,+3.02,+20.335, +6.220,+0.916
1693227000,+3.02,+20.351, +6.164,+0.916
1693227300,+3.02,+20.343, +6.299,+0.916
1693227600,+3.02,+20.343, +6.336,+0.916
1693227900,+3.02,+20.351, +6.397,+0.916
1693228200,+3.02,+20.335, +6.374,+0.916
1693228500,+3.02,+20.284, +6.391,+0.916
1693228800,+3.02,+20.276, +6.340,+0.916
1693229100,+3.02,+20.276, +6.363,+0.916
1693229400,+3.02,+20.276, +6.361,+0.916
1693229700,+3.02,+20.251, +6.283,+0.916
1693230000,+3.02,+20.217, +6.172,+0.915
1693230300,+3.02,+20.226, +6.317,+0.916
1693230600,+3.02,+20.217, +6.371,+0.916
1693230900,+3.02,+20.209, +6.336,+0.916
1693231200,+3.02,+20.209, +6.256,+0.916
1693231500,+3.02,+20.167, +6.239,+0.916
1693231800,+3.02,+20.167, +6.276,+0.916
1693232100,+3.02,+20.159, +6.304,+0.916
1693232400,+3.02,+20.167, +6.270,+0.916
1693232700,+3.02,+20.150, +6.219,+0.916
1693233000,+3.02,+20.125, +6.163,+0.916
1693233300,+3.02,+20.117, +6.270,+0.916
1693233600,+3.02,+20.125, +6.223,+0.916
1693233900,+3.02,+20.108, +6.250,+0.916
1693234200,+3.02,+20.092, +6.235,+0.916
1693234500,+3.02,+20.092, +6.371,+0.916
1693234800,+3.02,+20.117, +6.391,+0.916
1693235100,+3.02,+20.092, +6.415,+0.916
1693235400,+3.02,+20.092, +6.376,+0.915
1693235700,+3.02,+20.117, +6.332,+0.916
1693236000,+3.02,+20.092, +6.436,+0.916
1693236300,+3.02,+20.100, +6.505,+0.916
1693236600,+3.02,+20.100, +6.552,+0.916
1693236900,+3.02,+20.100, +6.958,+0.916
1693237200,+3.02,+19.110, +8.735,+0.917
