7450-521120
OS REV: 1.04 Sensor Cal: 1570120153
Time (sec),  BV (Volts),  T (deg C),  DO (mg/l),  Q ()
1691767080,+3.02,+22.109, +6.156,+0.920
1691767380,+3.02,+22.101, +6.211,+0.920
1691767680,+3.02,+22.092, +6.202,+0.920
1691767980,+3.02,+22.126, +6.278,+0.921
1691768280,+3.02,+22.134, +6.240,+0.920
1691768580,+3.02,+22.168, +6.247,+0.920
1691768880,+3.02,+22.210, +6.304,+0.920
1691769180,+3.02,+22.226, +6.313,+0.920
1691769480,+3.02,+22.277, +6.317,+0.920
1691769780,+3.02,+22.285, +6.367,+0.920
1691770080,+3.02,+22.318, +6.422,+0.920
1691770380,+3.02,+22.369, +6.509,+0.920
1691770680,+3.02,+22.369, +6.614,+0.920
1691770980,+3.02,+22.369, +6.668,+0.920
1691771280,+3.02,+22.394, +6.689,+0.920
1691771580,+3.02,+22.410, +6.721,+0.920
1691771880,+3.02,+22.444, +6.766,+0.920
1691772180,+3.02,+22.461, +6.882,+0.920
1691772480,+3.02,+22.511, +6.924,+0.920
1691772780,+3.02,+22.528, +6.941,+0.920
1691773080,+3.02,+22.595, +6.984,+0.920
1691773380,+3.02,+22.645, +7.028,+0.921
1691773680,+3.02,+22.678, +7.067,+0.920
1691773980,+3.02,+22.720, +7.160,+0.921
1691774280,+3.02,+22.796, +7.189,+0.921
1691774580,+3.02,+22.829, +7.230,+0.920
1691774880,+3.02,+22.871, +7.288,+0.921
1691775180,+3.02,+22.946, +7.333,+0.921
1691775480,+3.02,+22.988, +7.387,+0.921
1691775780,+3.02,+23.047, +7.432,+0.921
1691776080,+3.02,+23.097, +7.561,+0.921
1691776380,+3.02,+23.148, +7.616,+0.921
1691776680,+3.01,+23.206, +7.649,+0.921
1691776980,+3.02,+23.257, +7.705,+0.921
1691777280,+3.02,+23.324, +7.758,+0.921
1691777580,+3.02,+23.382, +7.852,+0.921
1691777880,+3.02,+23.424, +7.956,+0.921
1691778180,+3.02,+23.449, +7.999,+0.921
1691778480,+3.02,+23.475, +8.003,+0.921
1691778780,+3.02,+23.516, +8.024,+0.921
1691779080,+3.02,+23.567, +8.019,+0.921
1691779380,+3.02,+23.609, +8.094,+0.921
1691779680,+3.02,+23.634, +8.112,+0.922
1691779980,+3.02,+23.701, +8.190,+0.923
1691780280,+3.02,+23.760, +8.194,+0.922
1691780580,+3.02,+23.793, +8.200,+0.922
1691780880,+3.02,+23.827, +8.263,+0.922
1691781180,+3.02,+23.886, +8.259,+0.922
1691781480,+3.02,+23.936, +8.285,+0.922
1691781780,+3.02,+23.970, +8.327,+0.922
1691782080,+3.02,+24.012, +8.339,+0.922
1691782380,+3.02,+24.012, +8.375,+0.922
1691782680,+3.02,+24.012, +8.452,+0.922
1691782980,+3.01,+24.079, +8.460,+0.923
1691783280,+3.01,+24.146, +8.535,+0.923
1691783580,+3.01,+24.238, +8.610,+0.923
1691783880,+3.01,+24.238, +8.609,+0.922
1691784180,+3.01,+24.306, +8.639,+0.922
1691784480,+3.02,+24.381, +8.628,+0.923
1691784780,+3.02,+24.448, +8.724,+0.923
1691785080,+3.02,+24.499, +8.751,+0.922
1691785380,+3.02,+24.583, +8.782,+0.923
1691785680,+3.02,+24.692, +8.871,+0.924
1691785980,+3.02,+24.785, +8.832,+0.923
1691786280,+3.02,+24.835, +8.880,+0.923
1691786580,+3.02,+24.911, +8.890,+0.923
1691786880,+3.01,+24.979, +8.948,+0.923
1691787180,+3.01,+25.071, +8.979,+0.924
1691787480,+3.01,+25.097, +9.025,+0.923
1691787780,+3.01,+25.198, +9.021,+0.924
1691788080,+3.01,+25.257, +9.068,+0.924
1691788380,+3.01,+25.316, +9.082,+0.924
1691788680,+3.01,+25.349, +9.097,+0.923
1691788980,+3.01,+25.408, +9.153,+0.924
1691789280,+3.02,+25.417, +9.174,+0.924
1691789580,+3.02,+25.510, +9.207,+0.924
1691789880,+3.02,+25.552, +9.216,+0.925
1691790180,+3.02,+25.560, +9.252,+0.924
1691790480,+3.02,+25.603, +9.295,+0.924
1691790780,+3.02,+25.678, +9.303,+0.925
1691791080,+3.02,+25.712, +9.330,+0.925
1691791380,+3.02,+25.780, +9.338,+0.925
1691791680,+3.02,+25.822, +9.393,+0.925
1691791980,+3.02,+25.822, +9.384,+0.924
1691792280,+3.01,+25.898, +9.399,+0.924
1691792580,+3.01,+25.915, +9.432,+0.924
1691792880,+3.01,+25.966, +9.457,+0.925
1691793180,+3.01,+26.008, +9.457,+0.925
1691793480,+3.01,+25.991, +9.546,+0.925
1691793780,+3.01,+26.067, +9.531,+0.925
1691794080,+3.01,+26.042, +9.525,+0.925
1691794380,+3.01,+26.135, +9.540,+0.925
1691794680,+3.01,+26.211, +9.549,+0.926
1691794980,+3.01,+26.245, +9.591,+0.925
1691795280,+3.01,+26.236, +9.581,+0.925
1691795580,+3.01,+26.262, +9.549,+0.925
1691795880,+3.01,+26.296, +9.548,+0.926
1691796180,+3.01,+26.363, +9.568,+0.926
1691796480,+3.01,+26.355, +9.560,+0.926
1691796780,+3.01,+26.372, +9.591,+0.926
1691797080,+3.01,+26.346, +9.585,+0.925
1691797380,+3.01,+26.346, +9.561,+0.925
1691797680,+3.01,+26.355, +9.585,+0.926
1691797980,+3.01,+26.380, +9.584,+0.925
1691798280,+3.01,+26.372, +9.603,+0.926
1691798580,+3.01,+26.372, +9.589,+0.925
1691798880,+3.01,+26.338, +9.567,+0.925
1691799180,+3.01,+26.330, +9.561,+0.925
1691799480,+3.01,+26.270, +9.558,+0.925
1691799780,+3.01,+26.279, +9.558,+0.926
1691800080,+3.01,+26.287, +9.529,+0.925
1691800380,+3.01,+26.313, +9.512,+0.925
1691800680,+3.01,+26.245, +9.516,+0.925
1691800980,+3.01,+26.236, +9.502,+0.925
1691801280,+3.01,+26.236, +9.540,+0.926
1691801580,+3.01,+26.203, +9.528,+0.925
1691801880,+3.01,+26.186, +9.487,+0.925
1691802180,+3.01,+26.152, +9.450,+0.925
1691802480,+3.01,+26.118, +9.459,+0.925
1691802780,+3.01,+26.076, +9.439,+0.925
1691803080,+3.01,+25.940, +9.397,+0.925
1691803380,+3.02,+25.873, +9.343,+0.924
1691803680,+3.02,+25.831, +9.295,+0.924
1691803980,+3.02,+25.797, +9.230,+0.924
1691804280,+3.02,+25.763, +9.194,+0.924
1691804580,+3.02,+25.704, +9.133,+0.924
1691804880,+3.02,+25.670, +9.069,+0.924
1691805180,+3.02,+25.636, +9.004,+0.924
1691805480,+3.02,+25.619, +8.951,+0.924
1691805780,+3.02,+25.594, +8.868,+0.924
1691806080,+3.02,+25.543, +8.822,+0.924
1691806380,+3.02,+25.527, +8.770,+0.924
1691806680,+3.02,+25.484, +8.696,+0.924
1691806980,+3.02,+25.434, +8.649,+0.923
1691807280,+3.01,+25.375, +8.624,+0.924
1691807580,+3.01,+25.307, +8.574,+0.924
1691807880,+3.01,+25.257, +8.511,+0.924
1691808180,+3.01,+25.215, +8.436,+0.923
1691808480,+3.01,+25.147, +8.373,+0.923
1691808780,+3.01,+25.105, +8.309,+0.923
1691809080,+3.01,+25.021, +8.249,+0.923
1691809380,+3.01,+24.995, +8.176,+0.923
1691809680,+3.02,+24.928, +8.100,+0.922
1691809980,+3.02,+24.844, +8.039,+0.923
1691810280,+3.02,+24.802, +7.945,+0.923
1691810580,+3.02,+24.734, +7.884,+0.923
1691810880,+3.02,+24.692, +7.813,+0.922
1691811180,+3.02,+24.650, +7.766,+0.923
1691811480,+3.02,+24.583, +7.689,+0.922
1691811780,+3.02,+24.533, +7.643,+0.922
1691812080,+3.02,+24.499, +7.588,+0.923
1691812380,+3.02,+24.448, +7.535,+0.922
1691812680,+3.02,+24.373, +7.475,+0.922
1691812980,+3.02,+24.331, +7.415,+0.922
1691813280,+3.01,+24.272, +7.357,+0.922
1691813580,+3.01,+24.255, +7.302,+0.921
1691813880,+3.01,+24.196, +7.246,+0.922
1691814180,+3.01,+24.146, +7.192,+0.921
1691814480,+3.01,+24.104, +7.144,+0.922
1691814780,+3.01,+24.045, +7.076,+0.921
1691815080,+3.01,+24.037, +7.003,+0.922
1691815380,+3.02,+23.978, +6.936,+0.921
1691815680,+3.02,+23.944, +6.888,+0.921
1691815980,+3.02,+23.902, +6.844,+0.921
1691816280,+3.02,+23.877, +6.791,+0.921
1691816580,+3.02,+23.819, +6.757,+0.921
1691816880,+3.02,+23.768, +6.728,+0.921
1691817180,+3.02,+23.743, +6.691,+0.921
1691817480,+3.02,+23.726, +6.644,+0.921
1691817780,+3.02,+23.684, +6.632,+0.921
1691818080,+3.02,+23.651, +6.592,+0.921
1691818380,+3.02,+23.634, +6.561,+0.921
1691818680,+3.02,+23.600, +6.540,+0.921
1691818980,+3.02,+23.584, +6.505,+0.920
1691819280,+3.02,+23.575, +6.466,+0.921
1691819580,+3.02,+23.550, +6.450,+0.921
1691819880,+3.02,+23.533, +6.409,+0.921
1691820180,+3.02,+23.508, +6.368,+0.920
1691820480,+3.02,+23.483, +6.367,+0.921
1691820780,+3.02,+23.483, +6.339,+0.921
1691821080,+3.02,+23.458, +6.326,+0.921
1691821380,+3.02,+23.424, +6.321,+0.920
1691821680,+3.02,+23.407, +6.313,+0.920
1691821980,+3.02,+23.382, +6.284,+0.920
1691822280,+3.02,+23.382, +6.270,+0.921
1691822580,+3.02,+23.366, +6.248,+0.920
1691822880,+3.02,+23.357, +6.224,+0.921
1691823180,+3.02,+23.340, +6.198,+0.920
1691823480,+3.02,+23.332, +6.182,+0.921
1691823780,+3.02,+23.315, +6.164,+0.921
1691824080,+3.02,+23.307, +6.132,+0.920
1691824380,+3.02,+23.282, +6.127,+0.920
1691824680,+3.02,+23.273, +6.102,+0.920
1691824980,+3.02,+23.248, +6.083,+0.920
1691825280,+3.02,+23.257, +6.058,+0.920
1691825580,+3.02,+23.231, +6.067,+0.920
1691825880,+3.02,+23.215, +6.060,+0.920
1691826180,+3.01,+23.189, +6.050,+0.921
1691826480,+3.01,+23.173, +6.022,+0.920
1691826780,+3.01,+23.139, +6.025,+0.921
1691827080,+3.02,+23.122, +5.990,+0.921
1691827380,+3.02,+23.122, +5.926,+0.921
1691827680,+3.02,+23.106, +5.888,+0.921
1691827980,+3.02,+23.097, +5.843,+0.920
1691828280,+3.02,+23.097, +5.809,+0.920
1691828580,+3.02,+23.055, +5.781,+0.920
1691828880,+3.02,+23.030, +5.789,+0.920
1691829180,+3.02,+23.005, +5.830,+0.921
1691829480,+3.02,+23.013, +5.824,+0.920
1691829780,+3.02,+23.005, +5.878,+0.920
1691830080,+3.02,+22.963, +5.883,+0.920
1691830380,+3.02,+22.955, +5.880,+0.920
1691830680,+3.02,+22.946, +5.913,+0.920
1691830980,+3.02,+22.930, +5.949,+0.920
1691831280,+3.02,+22.921, +5.862,+0.920
1691831580,+3.02,+22.921, +5.825,+0.920
1691831880,+3.02,+22.879, +5.762,+0.920
1691832180,+3.02,+22.863, +5.805,+0.920
1691832480,+3.02,+22.863, +5.803,+0.920
1691832780,+3.02,+22.854, +5.786,+0.920
1691833080,+3.02,+22.829, +5.793,+0.920
1691833380,+3.02,+22.838, +5.783,+0.921
1691833680,+3.02,+22.812, +5.676,+0.920
1691833980,+3.02,+22.771, +5.720,+0.920
1691834280,+3.02,+22.787, +5.813,+0.920
1691834580,+3.02,+22.771, +5.823,+0.920
1691834880,+3.02,+22.754, +5.787,+0.920
1691835180,+3.02,+22.737, +5.771,+0.920
1691835480,+3.02,+22.720, +5.751,+0.920
1691835780,+3.02,+22.712, +5.741,+0.920
1691836080,+3.02,+22.704, +5.737,+0.920
1691836380,+3.02,+22.704, +5.691,+0.920
1691836680,+3.02,+22.695, +5.694,+0.920
1691836980,+3.02,+22.704, +5.696,+0.920
1691837280,+3.02,+22.678, +5.710,+0.920
1691837580,+3.02,+22.653, +5.817,+0.920
1691837880,+3.02,+22.645, +5.833,+0.920
1691838180,+3.02,+22.611, +5.771,+0.920
1691838480,+3.02,+22.611, +5.694,+0.920
1691838780,+3.02,+22.603, +5.641,+0.920
1691839080,+3.02,+22.595, +5.673,+0.920
1691839380,+3.02,+22.586, +5.706,+0.920
1691839680,+3.02,+22.561, +5.713,+0.920
1691839980,+3.02,+22.561, +5.713,+0.920
1691840280,+3.02,+22.544, +5.755,+0.920
1691840580,+3.02,+22.536, +5.788,+0.920
1691840880,+3.02,+22.519, +5.771,+0.920
1691841180,+3.02,+22.536, +5.698,+0.920
1691841480,+3.02,+22.486, +5.704,+0.920
1691841780,+3.02,+22.486, +5.720,+0.920
1691842080,+3.02,+22.461, +5.702,+0.920
1691842380,+3.02,+22.469, +5.753,+0.920
1691842680,+3.02,+22.452, +5.810,+0.920
1691842980,+3.02,+22.427, +5.794,+0.920
1691843280,+3.02,+22.427, +5.782,+0.919
1691843580,+3.02,+22.419, +5.738,+0.920
1691843880,+3.02,+22.402, +5.759,+0.920
1691844180,+3.02,+22.394, +5.758,+0.920
1691844480,+3.02,+22.402, +5.733,+0.919
1691844780,+3.02,+22.360, +5.748,+0.920
1691845080,+3.02,+22.377, +5.755,+0.920
1691845380,+3.02,+22.343, +5.787,+0.920
1691845680,+3.02,+22.335, +5.780,+0.920
1691845980,+3.02,+22.302, +5.777,+0.920
1691846280,+3.02,+22.310, +5.779,+0.920
1691846580,+3.02,+22.302, +5.795,+0.920
1691846880,+3.02,+22.293, +5.843,+0.920
1691847180,+3.02,+22.285, +5.834,+0.920
1691847480,+3.02,+22.277, +5.816,+0.920
1691847780,+3.02,+22.251, +5.809,+0.920
1691848080,+3.02,+22.243, +5.780,+0.920
1691848380,+3.02,+22.243, +5.781,+0.920
1691848680,+3.02,+22.235, +5.794,+0.920
1691848980,+3.02,+22.235, +5.773,+0.920
1691849280,+3.02,+22.210, +5.815,+0.920
1691849580,+3.02,+22.210, +5.836,+0.920
1691849880,+3.02,+22.193, +5.849,+0.920
1691850180,+3.02,+22.184, +5.870,+0.920
1691850480,+3.02,+22.201, +5.866,+0.920
1691850780,+3.02,+22.193, +5.846,+0.920
1691851080,+3.02,+22.176, +5.823,+0.920
1691851380,+3.02,+22.159, +5.780,+0.919
1691851680,+3.02,+22.168, +5.897,+0.920
1691851980,+3.02,+22.168, +5.912,+0.920
1691852280,+3.02,+22.151, +5.898,+0.919
1691852580,+3.02,+22.159, +5.902,+0.920
1691852880,+3.02,+22.151, +5.994,+0.920
1691853180,+3.02,+22.143, +5.995,+0.919
1691853480,+3.02,+22.143, +5.980,+0.919
