7450-663402
OS REV: 1.04 Sensor Cal: 1570117751
Time (sec),  BV (Volts),  T (deg C),  DO (mg/l),  Q ()
1705546860,+2.99,+13.588, +8.023,+1.026
1705546920,+2.99,+13.605, +8.020,+1.026
1705546980,+2.99,+13.596, +8.018,+1.025
1705547040,+2.99,+13.596, +8.022,+1.026
1705547100,+2.99,+13.596, +8.023,+1.025
1705547160,+2.99,+13.622, +8.024,+1.026
1705547220,+2.99,+13.605, +8.021,+1.026
1705547280,+2.99,+13.622, +8.022,+1.026
1705547340,+2.99,+13.614, +8.024,+1.026
1705547400,+2.99,+13.605, +8.023,+1.026
1705547460,+2.99,+13.622, +8.023,+1.026
1705547520,+2.99,+13.605, +8.028,+1.026
1705547580,+2.99,+13.622, +8.022,+1.026
1705547640,+2.99,+13.640, +8.026,+1.026
1705547700,+2.99,+13.649, +8.019,+1.026
1705547760,+2.99,+13.640, +8.022,+1.026
1705547820,+2.99,+13.640, +8.018,+1.026
1705547880,+2.99,+13.640, +8.016,+1.026
1705547940,+2.99,+13.622, +8.022,+1.025
1705548000,+2.99,+13.666, +8.011,+1.026
1705548060,+2.99,+13.649, +8.020,+1.026
1705548120,+2.99,+13.657, +8.022,+1.026
1705548180,+2.99,+13.657, +8.014,+1.025
1705548240,+2.99,+13.657, +8.020,+1.026
1705548300,+2.99,+13.657, +8.019,+1.026
1705548360,+2.99,+13.657, +8.019,+1.026
1705548420,+2.99,+13.657, +8.016,+1.026
1705548480,+2.99,+13.675, +8.012,+1.026
1705548540,+2.99,+13.675, +8.010,+1.026
1705548600,+2.99,+13.683, +8.010,+1.026
1705548660,+2.99,+13.675, +8.011,+1.026
1705548720,+2.99,+13.683, +8.013,+1.026
1705548780,+2.99,+13.710, +8.006,+1.026
1705548840,+2.99,+13.683, +8.012,+1.026
1705548900,+2.99,+13.683, +8.012,+1.026
1705548960,+2.99,+13.718, +8.004,+1.026
1705549020,+2.99,+13.710, +8.010,+1.026
1705549080,+2.99,+13.727, +8.006,+1.026
1705549140,+2.99,+13.727, +8.000,+1.026
1705549200,+2.99,+13.727, +7.998,+1.026
1705549260,+2.99,+13.727, +8.007,+1.026
1705549320,+2.99,+13.736, +7.998,+1.026
1705549380,+2.99,+13.736, +8.002,+1.026
1705549440,+2.99,+13.718, +8.009,+1.026
1705549500,+2.99,+13.744, +7.997,+1.026
1705549560,+2.99,+13.744, +8.002,+1.026
1705549620,+2.99,+13.770, +7.994,+1.026
1705549680,+2.99,+13.762, +7.995,+1.026
1705549740,+2.99,+13.762, +7.995,+1.026
1705549800,+2.99,+13.744, +8.005,+1.026
1705549860,+2.99,+13.762, +8.000,+1.026
1705549920,+2.99,+13.770, +7.996,+1.026
1705549980,+2.99,+13.796, +7.990,+1.026
1705550040,+2.99,+13.796, +7.991,+1.026
1705550100,+2.99,+13.788, +7.991,+1.026
1705550160,+2.99,+13.788, +7.993,+1.026
1705550220,+2.99,+13.796, +7.990,+1.025
1705550280,+2.99,+13.805, +7.987,+1.026
1705550340,+2.99,+13.814, +7.985,+1.026
1705550400,+2.99,+13.805, +7.987,+1.026
1705550460,+2.99,+13.823, +7.989,+1.026
1705550520,+2.99,+13.831, +7.993,+1.026
1705550580,+2.99,+13.840, +7.985,+1.026
1705550640,+2.99,+13.831, +7.994,+1.026
1705550700,+2.99,+13.823, +7.992,+1.026
1705550760,+2.99,+13.831, +7.995,+1.026
1705550820,+2.99,+13.831, +7.989,+1.026
1705550880,+2.99,+13.831, +7.990,+1.025
1705550940,+2.99,+13.849, +7.992,+1.026
1705551000,+2.99,+13.857, +7.990,+1.026
1705551060,+2.99,+13.866, +7.985,+1.026
1705551120,+2.99,+13.866, +7.987,+1.026
1705551180,+2.99,+13.875, +7.986,+1.026
1705551240,+2.99,+13.875, +7.991,+1.026
1705551300,+2.99,+13.866, +7.996,+1.026
1705551360,+2.99,+13.883, +7.982,+1.026
1705551420,+2.99,+13.875, +7.993,+1.026
1705551480,+2.99,+13.892, +7.988,+1.026
1705551540,+2.99,+13.901, +7.983,+1.026
1705551600,+2.99,+13.883, +7.986,+1.026
1705551660,+2.99,+13.909, +7.980,+1.026
1705551720,+2.99,+13.901, +7.981,+1.025
1705551780,+2.99,+13.918, +7.981,+1.026
1705551840,+2.99,+13.909, +7.989,+1.026
1705551900,+2.99,+13.918, +7.986,+1.026
1705551960,+2.99,+13.909, +7.994,+1.026
1705552020,+2.99,+13.918, +7.983,+1.026
1705552080,+2.99,+13.935, +7.983,+1.026
1705552140,+2.99,+13.953, +7.984,+1.026
1705552200,+2.99,+13.953, +7.978,+1.026
1705552260,+2.99,+13.944, +7.986,+1.026
1705552320,+2.99,+13.944, +7.986,+1.026
1705552380,+2.99,+13.953, +7.983,+1.026
1705552440,+2.99,+13.979, +7.980,+1.026
1705552500,+2.99,+13.970, +7.985,+1.026
1705552560,+2.99,+13.962, +7.992,+1.026
1705552620,+2.99,+13.979, +7.981,+1.026
1705552680,+2.99,+13.979, +7.988,+1.026
1705552740,+2.99,+13.988, +7.982,+1.026
1705552800,+2.99,+13.988, +7.984,+1.026
1705552860,+2.99,+13.988, +7.985,+1.026
1705552920,+2.99,+14.005, +7.983,+1.026
1705552980,+2.99,+14.005, +7.987,+1.026
1705553040,+2.99,+13.988, +7.990,+1.026
1705553100,+2.99,+14.014, +7.982,+1.026
1705553160,+2.99,+14.014, +7.976,+1.025
1705553220,+2.99,+14.031, +7.977,+1.026
1705553280,+2.99,+14.031, +7.980,+1.026
1705553340,+2.99,+14.040, +7.982,+1.026
1705553400,+2.99,+14.031, +7.985,+1.026
1705553460,+2.99,+14.066, +7.971,+1.025
1705553520,+2.99,+14.057, +7.979,+1.026
1705553580,+2.99,+14.074, +7.974,+1.025
1705553640,+2.99,+14.048, +7.984,+1.026
1705553700,+2.99,+14.057, +7.983,+1.026
1705553760,+2.99,+14.074, +7.975,+1.026
1705553820,+2.99,+14.057, +7.982,+1.025
1705553880,+2.99,+14.074, +7.984,+1.026
1705553940,+2.99,+14.066, +7.987,+1.026
1705554000,+2.99,+14.109, +7.975,+1.026
1705554060,+2.99,+14.100, +7.979,+1.026
1705554120,+2.99,+14.083, +7.987,+1.026
1705554180,+2.99,+14.100, +7.986,+1.026
1705554240,+2.99,+14.109, +7.980,+1.026
1705554300,+2.99,+14.126, +7.976,+1.026
1705554360,+2.99,+14.118, +7.980,+1.026
1705554420,+2.99,+14.126, +7.981,+1.026
1705554480,+2.99,+14.118, +7.977,+1.025
1705554540,+2.99,+14.144, +7.983,+1.026
1705554600,+2.99,+14.135, +7.980,+1.026
1705554660,+2.99,+14.161, +7.975,+1.026
1705554720,+2.99,+14.135, +7.980,+1.025
1705554780,+2.99,+14.144, +7.981,+1.026
1705554840,+2.99,+14.152, +7.983,+1.026
1705554900,+2.99,+14.152, +7.985,+1.026
1705554960,+2.99,+14.152, +7.985,+1.026
1705555020,+2.99,+14.161, +7.986,+1.026
1705555080,+2.99,+14.161, +7.980,+1.026
1705555140,+2.99,+14.204, +7.983,+1.027
1705555200,+2.99,+14.187, +7.977,+1.026
1705555260,+2.99,+14.196, +7.978,+1.026
1705555320,+2.99,+14.204, +7.976,+1.026
1705555380,+2.99,+14.196, +7.982,+1.026
1705555440,+2.99,+14.187, +7.988,+1.026
1705555500,+2.99,+14.222, +7.970,+1.026
1705555560,+2.99,+14.204, +7.983,+1.026
1705555620,+2.99,+14.230, +7.974,+1.026
1705555680,+2.99,+14.222, +7.980,+1.026
1705555740,+2.99,+14.239, +7.975,+1.026
1705555800,+2.99,+14.230, +7.975,+1.026
1705555860,+2.99,+14.213, +7.989,+1.026
1705555920,+2.99,+14.256, +7.975,+1.026
1705555980,+2.99,+14.248, +7.972,+1.025
1705556040,+2.99,+14.256, +7.978,+1.026
1705556100,+2.99,+14.248, +7.985,+1.026
1705556160,+2.99,+14.256, +7.976,+1.026
1705556220,+2.99,+14.282, +7.971,+1.026
1705556280,+2.98,+14.273, +7.973,+1.026
1705556340,+2.98,+14.273, +7.972,+1.025
1705556400,+2.98,+14.291, +7.974,+1.026
1705556460,+2.98,+14.299, +7.971,+1.026
1705556520,+2.98,+14.299, +7.965,+1.025
1705556580,+2.98,+14.291, +7.977,+1.026
1705556640,+2.98,+14.317, +7.964,+1.026
1705556700,+2.98,+14.308, +7.969,+1.026
1705556760,+2.98,+14.317, +7.969,+1.026
1705556820,+2.98,+14.325, +7.970,+1.026
1705556880,+2.98,+14.325, +7.965,+1.026
1705556940,+2.98,+14.334, +7.964,+1.026
1705557000,+2.98,+14.343, +7.973,+1.026
1705557060,+2.98,+14.334, +7.969,+1.026
1705557120,+2.98,+14.325, +7.971,+1.026
1705557180,+2.98,+14.334, +7.969,+1.026
1705557240,+2.98,+14.360, +7.964,+1.026
1705557300,+2.98,+14.369, +7.959,+1.026
1705557360,+2.98,+14.386, +7.961,+1.026
1705557420,+2.98,+14.360, +7.962,+1.025
1705557480,+2.98,+14.369, +7.970,+1.026
1705557540,+2.98,+14.369, +7.963,+1.026
1705557600,+2.98,+14.377, +7.962,+1.026
1705557660,+2.98,+14.386, +7.958,+1.026
1705557720,+2.98,+14.377, +7.968,+1.026
1705557780,+2.98,+14.412, +7.951,+1.025
1705557840,+2.98,+14.395, +7.955,+1.026
1705557900,+2.98,+14.395, +7.960,+1.026
1705557960,+2.98,+14.420, +7.948,+1.025
1705558020,+2.98,+14.420, +7.957,+1.026
1705558080,+2.98,+14.438, +7.953,+1.026
1705558140,+2.98,+14.429, +7.955,+1.026
1705558200,+2.98,+14.446, +7.949,+1.026
1705558260,+2.98,+14.455, +7.947,+1.026
1705558320,+2.98,+14.446, +7.948,+1.026
1705558380,+2.98,+14.438, +7.954,+1.026
1705558440,+2.98,+14.446, +7.951,+1.026
1705558500,+2.98,+14.455, +7.954,+1.026
1705558560,+2.98,+14.446, +7.955,+1.026
1705558620,+2.98,+14.472, +7.949,+1.026
1705558680,+2.98,+14.472, +7.946,+1.026
1705558740,+2.98,+14.481, +7.942,+1.026
1705558800,+2.98,+14.464, +7.955,+1.026
1705558860,+2.98,+14.490, +7.949,+1.026
1705558920,+2.98,+14.481, +7.939,+1.025
1705558980,+2.98,+14.490, +7.945,+1.025
1705559040,+2.98,+14.498, +7.947,+1.026
1705559100,+2.98,+14.507, +7.941,+1.026
1705559160,+2.98,+14.515, +7.935,+1.025
1705559220,+2.98,+14.515, +7.947,+1.026
1705559280,+2.98,+14.550, +7.931,+1.026
1705559340,+2.98,+14.533, +7.943,+1.026
1705559400,+2.98,+14.550, +7.940,+1.026
1705559460,+2.98,+14.550, +7.936,+1.026
1705559520,+2.98,+14.541, +7.938,+1.026
1705559580,+2.98,+14.550, +7.939,+1.026
1705559640,+2.98,+14.533, +7.944,+1.026
1705559700,+2.98,+14.576, +7.930,+1.025
1705559760,+2.98,+14.584, +7.928,+1.026
1705559820,+2.98,+14.567, +7.936,+1.026
1705559880,+2.98,+14.576, +7.928,+1.025
1705559940,+2.98,+14.584, +7.931,+1.026
1705560000,+2.98,+14.584, +7.928,+1.025
1705560060,+2.98,+14.593, +7.932,+1.026
1705560120,+2.98,+14.602, +7.926,+1.025
1705560180,+2.99,+14.602, +7.931,+1.026
1705560240,+2.99,+14.593, +7.937,+1.026
1705560300,+2.99,+14.628, +7.930,+1.026
1705560360,+2.99,+14.645, +7.925,+1.026
1705560420,+2.99,+14.653, +7.922,+1.026
1705560480,+2.99,+14.636, +7.923,+1.026
1705560540,+2.99,+14.636, +7.921,+1.025
1705560600,+2.99,+14.636, +7.927,+1.026
1705560660,+2.99,+14.636, +7.923,+1.025
1705560720,+2.99,+14.662, +7.924,+1.026
1705560780,+2.99,+14.662, +7.922,+1.025
1705560840,+2.99,+14.671, +7.915,+1.025
1705560900,+2.99,+14.671, +7.917,+1.025
1705560960,+2.99,+14.662, +7.927,+1.026
1705561020,+2.99,+14.679, +7.919,+1.026
1705561080,+2.99,+14.679, +7.924,+1.026
1705561140,+2.99,+14.688, +7.917,+1.025
1705561200,+2.99,+14.688, +7.927,+1.026
1705561260,+2.99,+14.688, +7.921,+1.025
1705561320,+2.99,+14.705, +7.925,+1.026
1705561380,+2.99,+14.731, +7.907,+1.025
1705561440,+2.99,+14.705, +7.923,+1.026
1705561500,+2.99,+14.722, +7.926,+1.026
1705561560,+2.99,+14.722, +7.919,+1.026
1705561620,+2.99,+14.731, +7.910,+1.025
1705561680,+2.99,+14.731, +7.914,+1.025
1705561740,+2.99,+14.740, +7.916,+1.026
1705561800,+2.99,+14.748, +7.917,+1.026
1705561860,+2.99,+14.740, +7.910,+1.025
1705561920,+2.99,+14.740, +7.918,+1.026
1705561980,+2.99,+14.757, +7.912,+1.025
1705562040,+2.99,+14.757, +7.917,+1.026
1705562100,+2.99,+14.774, +7.906,+1.025
1705562160,+2.99,+14.757, +7.915,+1.025
1705562220,+2.99,+14.783, +7.908,+1.025
1705562280,+2.99,+14.791, +7.911,+1.026
1705562340,+2.99,+14.765, +7.915,+1.025
1705562400,+2.99,+14.774, +7.906,+1.025
1705562460,+2.99,+14.800, +7.906,+1.025
1705562520,+2.99,+14.809, +7.912,+1.026
1705562580,+2.99,+14.809, +7.910,+1.026
1705562640,+2.99,+14.800, +7.913,+1.026
1705562700,+2.99,+14.826, +7.909,+1.026
1705562760,+2.99,+14.826, +7.906,+1.025
1705562820,+2.99,+14.809, +7.912,+1.025
1705562880,+2.99,+14.834, +7.903,+1.025
1705562940,+2.99,+14.834, +7.908,+1.025
1705563000,+2.99,+14.834, +7.911,+1.026
1705563060,+2.99,+14.869, +7.906,+1.026
1705563120,+2.99,+14.852, +7.908,+1.025
1705563180,+2.99,+14.869, +7.906,+1.026
1705563240,+2.99,+14.860, +7.906,+1.025
1705563300,+2.99,+14.869, +7.902,+1.025
1705563360,+2.99,+14.869, +7.903,+1.025
1705563420,+2.99,+14.886, +7.903,+1.025
1705563480,+2.99,+14.886, +7.905,+1.026
1705563540,+2.99,+14.877, +7.910,+1.026
1705563600,+2.99,+14.895, +7.908,+1.026
1705563660,+2.99,+14.895, +7.904,+1.025
1705563720,+2.99,+14.903, +7.901,+1.025
1705563780,+2.99,+14.929, +7.899,+1.026
1705563840,+2.99,+14.920, +7.896,+1.025
1705563900,+2.99,+14.912, +7.905,+1.026
1705563960,+2.99,+14.929, +7.902,+1.025
1705564020,+2.99,+14.929, +7.902,+1.025
1705564080,+2.99,+14.946, +7.890,+1.025
1705564140,+2.99,+14.929, +7.901,+1.025
1705564200,+2.99,+14.938, +7.909,+1.026
1705564260,+2.99,+14.946, +7.894,+1.025
1705564320,+2.99,+14.938, +7.909,+1.026
1705564380,+2.99,+14.946, +7.903,+1.025
1705564440,+2.99,+14.955, +7.899,+1.025
1705564500,+2.99,+14.972, +7.898,+1.026
1705564560,+2.99,+14.972, +7.895,+1.025
1705564620,+2.99,+14.981, +7.900,+1.026
1705564680,+2.99,+14.981, +7.899,+1.025
1705564740,+2.99,+14.972, +7.904,+1.026
1705564800,+2.99,+14.998, +7.902,+1.026
1705564860,+2.99,+15.006, +7.886,+1.025
1705564920,+2.99,+15.006, +7.890,+1.025
1705564980,+2.99,+15.015, +7.898,+1.026
1705565040,+2.99,+15.023, +7.890,+1.025
1705565100,+2.99,+15.049, +7.886,+1.025
1705565160,+2.99,+15.023, +7.895,+1.025
1705565220,+2.99,+15.032, +7.896,+1.026
1705565280,+2.99,+15.041, +7.890,+1.025
1705565340,+2.99,+15.041, +7.885,+1.025
1705565400,+2.99,+15.066, +7.883,+1.025
1705565460,+2.99,+15.049, +7.892,+1.025
1705565520,+2.99,+15.049, +7.894,+1.025
1705565580,+2.99,+15.049, +7.891,+1.025
1705565640,+2.99,+15.075, +7.885,+1.025
1705565700,+2.99,+15.075, +7.888,+1.026
1705565760,+2.99,+15.066, +7.897,+1.026
1705565820,+2.99,+15.084, +7.889,+1.026
1705565880,+2.99,+15.084, +7.892,+1.026
1705565940,+2.99,+15.084, +7.888,+1.025
1705566000,+2.99,+15.101, +7.882,+1.025
1705566060,+2.99,+15.109, +7.879,+1.025
1705566120,+2.99,+15.127, +7.876,+1.025
1705566180,+2.99,+15.109, +7.881,+1.025
1705566240,+2.99,+15.127, +7.879,+1.025
1705566300,+2.99,+15.127, +7.883,+1.025
1705566360,+2.99,+15.109, +7.896,+1.026
1705566420,+2.99,+15.135, +7.881,+1.025
1705566480,+2.99,+15.135, +7.883,+1.025
1705566540,+2.99,+15.152, +7.883,+1.025
1705566600,+2.99,+15.135, +7.893,+1.026
1705566660,+2.99,+15.161, +7.876,+1.025
1705566720,+2.99,+15.161, +7.878,+1.025
1705566780,+2.99,+15.152, +7.883,+1.025
1705566840,+2.99,+15.178, +7.874,+1.025
1705566900,+2.98,+15.169, +7.878,+1.025
1705566960,+2.99,+15.161, +7.888,+1.026
1705567020,+2.98,+15.195, +7.876,+1.025
1705567080,+2.98,+15.187, +7.880,+1.025
1705567140,+2.98,+15.195, +7.876,+1.025
1705567200,+2.98,+15.195, +7.879,+1.025
1705567260,+2.98,+15.187, +7.884,+1.025
1705567320,+2.98,+15.204, +7.883,+1.026
1705567380,+2.98,+15.212, +7.874,+1.025
1705567440,+2.98,+15.221, +7.880,+1.026
1705567500,+2.98,+15.221, +7.878,+1.025
1705567560,+2.98,+15.238, +7.872,+1.025
1705567620,+2.98,+15.238, +7.871,+1.025
1705567680,+2.98,+15.238, +7.877,+1.026
1705567740,+2.98,+15.247, +7.874,+1.025
1705567800,+2.98,+15.255, +7.870,+1.025
1705567860,+2.98,+15.238, +7.876,+1.025
1705567920,+2.98,+15.272, +7.869,+1.025
1705567980,+2.98,+15.272, +7.871,+1.025
1705568040,+2.98,+15.264, +7.868,+1.025
1705568100,+2.98,+15.264, +7.874,+1.025
1705568160,+2.98,+15.264, +7.871,+1.025
1705568220,+2.98,+15.264, +7.872,+1.025
1705568280,+2.98,+15.281, +7.872,+1.026
1705568340,+2.98,+15.290, +7.871,+1.025
1705568400,+2.98,+15.298, +7.869,+1.025
1705568460,+2.98,+15.290, +7.872,+1.025
1705568520,+2.98,+15.298, +7.866,+1.025
1705568580,+2.98,+15.307, +7.868,+1.025
1705568640,+2.98,+15.315, +7.866,+1.025
1705568700,+2.98,+15.341, +7.857,+1.025
1705568760,+2.98,+15.315, +7.862,+1.025
1705568820,+2.98,+15.332, +7.864,+1.025
1705568880,+2.98,+15.332, +7.860,+1.025
1705568940,+2.98,+15.341, +7.863,+1.025
1705569000,+2.98,+15.332, +7.869,+1.025
1705569060,+2.98,+15.358, +7.851,+1.025
1705569120,+2.98,+15.358, +7.860,+1.025
1705569180,+2.98,+15.350, +7.869,+1.026
1705569240,+2.98,+15.367, +7.856,+1.025
1705569300,+2.98,+15.375, +7.863,+1.026
1705569360,+2.98,+15.384, +7.855,+1.025
1705569420,+2.98,+15.392, +7.858,+1.026
1705569480,+2.98,+15.384, +7.855,+1.025
1705569540,+2.98,+15.375, +7.856,+1.025
1705569600,+2.98,+15.384, +7.860,+1.025
1705569660,+2.98,+15.392, +7.865,+1.026
1705569720,+2.98,+15.418, +7.850,+1.025
1705569780,+2.98,+15.427, +7.855,+1.025
1705569840,+2.98,+15.418, +7.857,+1.026
1705569900,+2.98,+15.418, +7.859,+1.025
1705569960,+2.98,+15.418, +7.858,+1.025
1705570020,+2.98,+15.444, +7.858,+1.026
1705570080,+2.98,+15.452, +7.853,+1.025
1705570140,+2.98,+15.444, +7.856,+1.025
1705570200,+2.98,+15.409, +7.862,+1.025
1705570260,+2.98,+15.461, +7.849,+1.025
1705570320,+2.98,+15.452, +7.855,+1.025
1705570380,+2.98,+15.461, +7.857,+1.026
1705570440,+2.98,+15.478, +7.850,+1.025
1705570500,+2.98,+15.478, +7.844,+1.025
1705570560,+2.98,+15.452, +7.851,+1.025
1705570620,+2.98,+15.478, +7.853,+1.025
1705570680,+2.98,+15.478, +7.844,+1.025
1705570740,+2.98,+15.478, +7.855,+1.025
1705570800,+2.98,+15.504, +7.846,+1.025
1705570860,+2.98,+15.495, +7.852,+1.025
1705570920,+2.98,+15.495, +7.856,+1.025
1705570980,+2.98,+15.521, +7.850,+1.025
1705571040,+2.98,+15.521, +7.842,+1.025
1705571100,+2.98,+15.504, +7.857,+1.025
1705571160,+2.98,+15.504, +7.857,+1.025
1705571220,+2.98,+15.504, +7.856,+1.025
1705571280,+2.98,+15.538, +7.851,+1.026
1705571340,+2.98,+15.538, +7.849,+1.025
1705571400,+2.98,+15.538, +7.846,+1.025
1705571460,+2.98,+15.538, +7.853,+1.025
1705571520,+2.98,+15.555, +7.849,+1.025
1705571580,+2.98,+15.555, +7.843,+1.025
1705571640,+2.98,+15.572, +7.840,+1.025
1705571700,+2.98,+15.572, +7.843,+1.025
1705571760,+2.98,+15.572, +7.844,+1.025
1705571820,+2.98,+15.572, +7.850,+1.025
1705571880,+2.98,+15.598, +7.843,+1.025
1705571940,+2.98,+15.581, +7.843,+1.025
1705572000,+2.98,+15.615, +7.836,+1.025
1705572060,+2.98,+15.589, +7.844,+1.025
1705572120,+2.98,+15.606, +7.837,+1.025
1705572180,+2.98,+15.615, +7.840,+1.025
1705572240,+2.98,+15.606, +7.839,+1.025
1705572300,+2.98,+15.606, +7.843,+1.025
1705572360,+2.98,+15.640, +7.833,+1.025
1705572420,+2.98,+15.623, +7.839,+1.025
1705572480,+2.98,+15.615, +7.846,+1.025
1705572540,+2.98,+15.623, +7.844,+1.025
1705572600,+2.98,+15.640, +7.836,+1.025
1705572660,+2.98,+15.632, +7.839,+1.025
1705572720,+2.98,+15.632, +7.840,+1.025
1705572780,+2.98,+15.640, +7.836,+1.025
1705572840,+2.98,+15.666, +7.840,+1.026
1705572900,+2.98,+15.658, +7.834,+1.025
1705572960,+2.98,+15.658, +7.835,+1.025
1705573020,+2.98,+15.658, +7.840,+1.026
1705573080,+2.98,+15.666, +7.835,+1.025
1705573140,+2.98,+15.683, +7.836,+1.025
1705573200,+2.98,+15.683, +7.839,+1.026
1705573260,+2.98,+15.675, +7.825,+1.025
1705573320,+2.98,+15.700, +7.825,+1.025
1705573380,+2.98,+15.692, +7.833,+1.025
1705573440,+2.98,+15.709, +7.825,+1.025
1705573500,+2.98,+15.709, +7.825,+1.025
1705573560,+2.98,+15.709, +7.830,+1.025
1705573620,+2.98,+15.709, +7.826,+1.025
1705573680,+2.98,+15.717, +7.828,+1.025
1705573740,+2.98,+15.726, +7.819,+1.025
1705573800,+2.98,+15.726, +7.825,+1.025
1705573860,+2.99,+15.752, +7.817,+1.025
1705573920,+2.99,+15.760, +7.813,+1.025
1705573980,+2.99,+15.743, +7.818,+1.025
1705574040,+2.99,+15.752, +7.816,+1.025
1705574100,+2.99,+15.769, +7.806,+1.025
1705574160,+2.99,+15.769, +7.820,+1.025
1705574220,+2.99,+15.769, +7.815,+1.025
1705574280,+2.99,+15.777, +7.814,+1.025
1705574340,+2.99,+15.777, +7.816,+1.025
1705574400,+2.99,+15.777, +7.811,+1.025
1705574460,+2.99,+15.794, +7.808,+1.025
1705574520,+2.99,+15.794, +7.805,+1.025
1705574580,+2.99,+15.786, +7.805,+1.025
1705574640,+2.99,+15.794, +7.810,+1.025
1705574700,+2.99,+15.794, +7.810,+1.025
1705574760,+2.99,+15.820, +7.801,+1.025
1705574820,+2.99,+15.794, +7.809,+1.025
1705574880,+2.99,+15.820, +7.794,+1.025
1705574940,+2.99,+15.811, +7.807,+1.025
1705575000,+2.99,+15.837, +7.796,+1.025
1705575060,+2.99,+15.837, +7.795,+1.025
1705575120,+2.99,+15.828, +7.804,+1.025
1705575180,+2.99,+15.854, +7.794,+1.025
1705575240,+2.99,+15.854, +7.794,+1.025
1705575300,+2.99,+15.854, +7.799,+1.025
1705575360,+2.99,+15.871, +7.799,+1.026
1705575420,+2.99,+15.871, +7.794,+1.025
1705575480,+2.99,+15.854, +7.795,+1.025
1705575540,+2.99,+15.854, +7.800,+1.025
1705575600,+2.99,+15.888, +7.792,+1.025
1705575660,+2.99,+15.871, +7.797,+1.025
1705575720,+2.99,+15.862, +7.801,+1.025
1705575780,+2.99,+15.888, +7.793,+1.025
1705575840,+2.99,+15.897, +7.789,+1.025
1705575900,+2.99,+15.888, +7.794,+1.025
1705575960,+2.99,+15.897, +7.795,+1.025
1705576020,+2.99,+15.897, +7.790,+1.025
1705576080,+2.99,+15.897, +7.785,+1.024
1705576140,+2.99,+15.914, +7.796,+1.025
1705576200,+2.99,+15.922, +7.788,+1.025
1705576260,+2.99,+15.922, +7.784,+1.025
1705576320,+2.99,+15.939, +7.776,+1.024
1705576380,+2.99,+15.922, +7.794,+1.025
1705576440,+2.99,+15.939, +7.787,+1.025
1705576500,+2.99,+15.939, +7.789,+1.025
1705576560,+2.99,+15.956, +7.778,+1.025
1705576620,+2.99,+15.948, +7.780,+1.024
1705576680,+2.99,+15.939, +7.790,+1.025
1705576740,+2.99,+15.965, +7.777,+1.025
1705576800,+2.99,+15.965, +7.780,+1.025
1705576860,+2.99,+15.956, +7.787,+1.025
1705576920,+2.99,+15.973, +7.786,+1.025
1705576980,+2.99,+15.973, +7.792,+1.025
1705577040,+2.99,+15.990, +7.777,+1.025
1705577100,+2.99,+16.016, +7.778,+1.025
1705577160,+2.99,+15.982, +7.787,+1.025
1705577220,+2.99,+15.999, +7.781,+1.025
1705577280,+2.99,+16.007, +7.774,+1.024
1705577340,+2.99,+15.990, +7.787,+1.025
1705577400,+2.99,+16.016, +7.779,+1.025
1705577460,+2.99,+15.999, +7.785,+1.025
1705577520,+2.99,+16.016, +7.786,+1.025
1705577580,+2.99,+16.024, +7.783,+1.025
1705577640,+2.99,+16.024, +7.787,+1.025
1705577700,+2.99,+16.033, +7.774,+1.024
1705577760,+2.99,+16.042, +7.783,+1.025
1705577820,+2.99,+16.024, +7.789,+1.025
1705577880,+2.99,+16.033, +7.777,+1.024
1705577940,+2.99,+16.033, +7.781,+1.025
1705578000,+2.98,+16.059, +7.777,+1.025
1705578060,+2.98,+16.059, +7.782,+1.025
1705578120,+2.99,+16.059, +7.779,+1.025
1705578180,+2.99,+16.076, +7.778,+1.025
1705578240,+2.99,+16.067, +7.786,+1.025
1705578300,+2.99,+16.076, +7.778,+1.025
1705578360,+2.98,+16.093, +7.778,+1.025
1705578420,+2.99,+16.084, +7.774,+1.024
1705578480,+2.98,+16.084, +7.773,+1.024
1705578540,+2.98,+16.067, +7.780,+1.024
1705578600,+2.99,+16.084, +7.778,+1.024
1705578660,+2.98,+16.110, +7.778,+1.025
1705578720,+2.98,+16.110, +7.775,+1.025
1705578780,+2.98,+16.101, +7.782,+1.025
1705578840,+2.98,+16.118, +7.774,+1.025
1705578900,+2.98,+16.110, +7.776,+1.025
1705578960,+2.98,+16.101, +7.783,+1.025
1705579020,+2.98,+16.127, +7.773,+1.025
1705579080,+2.98,+16.127, +7.778,+1.025
1705579140,+2.98,+16.135, +7.771,+1.025
1705579200,+2.98,+16.152, +7.767,+1.025
1705579260,+2.98,+16.144, +7.768,+1.025
1705579320,+2.98,+16.152, +7.771,+1.025
1705579380,+2.98,+16.144, +7.776,+1.025
1705579440,+2.98,+16.161, +7.767,+1.025
1705579500,+2.98,+16.186, +7.764,+1.025
1705579560,+2.98,+16.169, +7.776,+1.025
1705579620,+2.98,+16.186, +7.771,+1.025
1705579680,+2.98,+16.178, +7.767,+1.025
1705579740,+2.98,+16.220, +7.761,+1.025
1705579800,+2.98,+16.195, +7.763,+1.025
1705579860,+2.98,+16.186, +7.765,+1.025
1705579920,+2.98,+16.195, +7.767,+1.025
1705579980,+2.98,+16.203, +7.773,+1.025
1705580040,+2.98,+16.203, +7.761,+1.025
1705580100,+2.98,+16.220, +7.768,+1.025
1705580160,+2.98,+16.203, +7.769,+1.025
1705580220,+2.98,+16.203, +7.770,+1.025
1705580280,+2.98,+16.220, +7.762,+1.025
1705580340,+2.98,+16.229, +7.761,+1.025
1705580400,+2.98,+16.237, +7.760,+1.025
1705580460,+2.98,+16.229, +7.773,+1.025
1705580520,+2.98,+16.237, +7.767,+1.025
1705580580,+2.98,+16.254, +7.763,+1.025
1705580640,+2.98,+16.246, +7.767,+1.025
1705580700,+2.98,+16.246, +7.763,+1.025
1705580760,+2.98,+16.271, +7.763,+1.025
1705580820,+2.98,+16.280, +7.753,+1.024
1705580880,+2.98,+16.271, +7.760,+1.025
1705580940,+2.98,+16.271, +7.763,+1.025
1705581000,+2.98,+16.288, +7.760,+1.025
1705581060,+2.98,+16.280, +7.763,+1.025
1705581120,+2.98,+16.271, +7.764,+1.025
1705581180,+2.98,+16.297, +7.770,+1.025
1705581240,+2.98,+16.305, +7.762,+1.025
1705581300,+2.98,+16.305, +7.765,+1.025
1705581360,+2.98,+16.288, +7.770,+1.025
1705581420,+2.98,+16.314, +7.762,+1.025
1705581480,+2.98,+16.314, +7.766,+1.025
1705581540,+2.98,+16.314, +7.756,+1.024
1705581600,+2.98,+16.348, +7.757,+1.025
1705581660,+2.98,+16.331, +7.762,+1.025
1705581720,+2.98,+16.339, +7.762,+1.025
1705581780,+2.98,+16.348, +7.764,+1.025
1705581840,+2.98,+16.348, +7.763,+1.025
1705581900,+2.98,+16.356, +7.756,+1.024
1705581960,+2.98,+16.365, +7.758,+1.024
1705582020,+2.98,+16.356, +7.764,+1.025
1705582080,+2.98,+16.373, +7.756,+1.024
1705582140,+2.98,+16.373, +7.761,+1.025
1705582200,+2.98,+16.365, +7.764,+1.025
1705582260,+2.98,+16.373, +7.762,+1.025
1705582320,+2.98,+16.382, +7.760,+1.024
1705582380,+2.98,+16.399, +7.757,+1.025
1705582440,+2.98,+16.382, +7.765,+1.025
1705582500,+2.98,+16.390, +7.761,+1.024
1705582560,+2.98,+16.399, +7.766,+1.025
1705582620,+2.98,+16.407, +7.769,+1.025
1705582680,+2.98,+16.407, +7.762,+1.025
1705582740,+2.98,+16.407, +7.761,+1.024
1705582800,+2.98,+16.433, +7.757,+1.025
1705582860,+2.98,+16.407, +7.770,+1.025
1705582920,+2.98,+16.424, +7.757,+1.024
1705582980,+2.98,+16.424, +7.766,+1.025
1705583040,+2.98,+16.416, +7.773,+1.025
1705583100,+2.98,+16.416, +7.773,+1.025
1705583160,+2.98,+16.441, +7.768,+1.025
1705583220,+2.98,+16.433, +7.767,+1.024
1705583280,+2.98,+16.458, +7.764,+1.025
1705583340,+2.98,+16.458, +7.770,+1.025
1705583400,+2.98,+16.433, +7.770,+1.025
1705583460,+2.98,+16.467, +7.769,+1.025
1705583520,+2.98,+16.475, +7.763,+1.025
1705583580,+2.98,+16.458, +7.772,+1.025
1705583640,+2.98,+16.492, +7.758,+1.024
1705583700,+2.98,+16.458, +7.771,+1.024
1705583760,+2.98,+16.492, +7.765,+1.025
1705583820,+2.98,+16.484, +7.771,+1.025
1705583880,+2.98,+16.501, +7.767,+1.025
1705583940,+2.98,+16.484, +7.770,+1.025
1705584000,+2.98,+16.509, +7.770,+1.025
1705584060,+2.98,+16.509, +7.767,+1.025
1705584120,+2.98,+16.509, +7.770,+1.025
1705584180,+2.98,+16.492, +7.772,+1.025
1705584240,+2.98,+16.509, +7.761,+1.024
1705584300,+2.98,+16.509, +7.773,+1.025
1705584360,+2.98,+16.518, +7.764,+1.024
1705584420,+2.98,+16.518, +7.772,+1.025
1705584480,+2.98,+16.526, +7.762,+1.024
1705584540,+2.98,+16.552, +7.764,+1.025
1705584600,+2.98,+16.543, +7.769,+1.025
1705584660,+2.98,+16.543, +7.757,+1.024
1705584720,+2.98,+16.543, +7.770,+1.025
1705584780,+2.98,+16.560, +7.765,+1.025
1705584840,+2.98,+16.560, +7.764,+1.025
1705584900,+2.98,+16.552, +7.758,+1.024
1705584960,+2.98,+16.560, +7.760,+1.025
1705585020,+2.98,+16.560, +7.763,+1.024
1705585080,+2.98,+16.586, +7.756,+1.025
1705585140,+2.98,+16.577, +7.754,+1.024
1705585200,+2.98,+16.586, +7.759,+1.025
1705585260,+2.98,+16.594, +7.755,+1.025
1705585320,+2.98,+16.594, +7.751,+1.024
1705585380,+2.98,+16.586, +7.756,+1.025
1705585440,+2.98,+16.603, +7.755,+1.025
1705585500,+2.98,+16.620, +7.740,+1.024
1705585560,+2.98,+16.603, +7.753,+1.024
1705585620,+2.98,+16.620, +7.750,+1.025
1705585680,+2.98,+16.620, +7.752,+1.025
1705585740,+2.98,+16.628, +7.744,+1.024
1705585800,+2.98,+16.645, +7.738,+1.024
1705585860,+2.98,+16.637, +7.747,+1.025
1705585920,+2.98,+16.645, +7.739,+1.025
1705585980,+2.98,+16.637, +7.741,+1.025
1705586040,+2.98,+16.645, +7.743,+1.025
1705586100,+2.98,+16.654, +7.736,+1.024
1705586160,+2.98,+16.654, +7.732,+1.024
1705586220,+2.98,+16.671, +7.730,+1.024
1705586280,+2.98,+16.679, +7.736,+1.025
1705586340,+2.98,+16.654, +7.739,+1.024
1705586400,+2.98,+16.679, +7.733,+1.025
1705586460,+2.98,+16.679, +7.734,+1.025
1705586520,+2.98,+16.679, +7.730,+1.025
1705586580,+2.98,+16.679, +7.739,+1.025
1705586640,+2.98,+16.688, +7.733,+1.025
1705586700,+2.98,+16.688, +7.737,+1.025
1705586760,+2.98,+16.696, +7.725,+1.024
1705586820,+2.98,+16.705, +7.727,+1.024
1705586880,+2.98,+16.713, +7.723,+1.024
1705586940,+2.98,+16.671, +7.738,+1.025
1705587000,+2.98,+16.705, +7.733,+1.025
1705587060,+2.98,+16.713, +7.731,+1.025
1705587120,+2.98,+16.730, +7.731,+1.025
1705587180,+2.98,+16.722, +7.721,+1.024
1705587240,+2.98,+16.739, +7.721,+1.025
1705587300,+2.98,+16.730, +7.721,+1.024
1705587360,+2.98,+16.722, +7.724,+1.024
1705587420,+2.98,+16.747, +7.722,+1.025
1705587480,+2.98,+16.739, +7.721,+1.024
1705587540,+2.98,+16.764, +7.715,+1.024
1705587600,+2.98,+16.756, +7.719,+1.024
1705587660,+2.98,+16.756, +7.719,+1.024
1705587720,+2.98,+16.756, +7.723,+1.025
1705587780,+2.98,+16.772, +7.720,+1.025
1705587840,+2.98,+16.781, +7.718,+1.024
1705587900,+2.98,+16.781, +7.720,+1.025
1705587960,+2.98,+16.806, +7.715,+1.025
1705588020,+2.98,+16.798, +7.719,+1.025
1705588080,+2.98,+16.789, +7.720,+1.024
1705588140,+2.98,+16.806, +7.717,+1.025
1705588200,+2.98,+16.789, +7.720,+1.024
1705588260,+2.98,+16.798, +7.717,+1.024
1705588320,+2.98,+16.798, +7.723,+1.025
1705588380,+2.98,+16.823, +7.717,+1.024
1705588440,+2.98,+16.823, +7.718,+1.024
1705588500,+2.98,+16.815, +7.725,+1.025
1705588560,+2.98,+16.823, +7.720,+1.024
1705588620,+2.98,+16.832, +7.732,+1.025
1705588680,+2.98,+16.815, +7.730,+1.025
1705588740,+2.98,+16.849, +7.712,+1.024
1705588800,+2.98,+16.840, +7.729,+1.025
1705588860,+2.98,+16.832, +7.731,+1.025
1705588920,+2.98,+16.832, +7.728,+1.024
1705588980,+2.98,+16.857, +7.724,+1.024
1705589040,+2.98,+16.866, +7.716,+1.024
1705589100,+2.98,+16.883, +7.726,+1.025
1705589160,+2.98,+16.874, +7.726,+1.025
1705589220,+2.98,+16.874, +7.726,+1.024
1705589280,+2.98,+16.874, +7.727,+1.025
1705589340,+2.98,+16.883, +7.727,+1.025
1705589400,+2.98,+16.883, +7.723,+1.024
1705589460,+2.98,+16.883, +7.731,+1.024
1705589520,+2.98,+16.874, +7.732,+1.025
1705589580,+2.98,+16.917, +7.721,+1.025
1705589640,+2.98,+16.883, +7.733,+1.024
1705589700,+2.98,+16.908, +7.728,+1.025
1705589760,+2.98,+16.908, +7.729,+1.025
1705589820,+2.98,+16.908, +7.727,+1.025
1705589880,+2.98,+16.925, +7.726,+1.025
1705589940,+2.98,+16.917, +7.725,+1.024
1705590000,+2.98,+16.917, +7.727,+1.024
1705590060,+2.98,+16.925, +7.724,+1.025
1705590120,+2.98,+16.959, +7.721,+1.025
1705590180,+2.98,+16.942, +7.727,+1.025
1705590240,+2.98,+16.933, +7.728,+1.025
1705590300,+2.98,+16.950, +7.729,+1.025
1705590360,+2.98,+16.950, +7.725,+1.025
1705590420,+2.98,+16.950, +7.726,+1.025
1705590480,+2.98,+16.967, +7.720,+1.024
1705590540,+2.98,+16.959, +7.724,+1.024
1705590600,+2.98,+16.950, +7.724,+1.024
1705590660,+2.98,+16.976, +7.726,+1.025
1705590720,+2.98,+16.976, +7.718,+1.024
1705590780,+2.98,+16.984, +7.718,+1.025
1705590840,+2.98,+16.993, +7.721,+1.025
1705590900,+2.98,+17.001, +7.712,+1.024
1705590960,+2.98,+16.984, +7.716,+1.024
1705591020,+2.98,+16.984, +7.721,+1.024
1705591080,+2.98,+17.010, +7.710,+1.024
1705591140,+2.98,+17.010, +7.710,+1.024
1705591200,+2.98,+17.010, +7.714,+1.024
1705591260,+2.98,+17.001, +7.718,+1.024
1705591320,+2.98,+17.027, +7.714,+1.025
1705591380,+2.98,+17.010, +7.710,+1.024
1705591440,+2.98,+17.018, +7.719,+1.025
1705591500,+2.98,+17.018, +7.715,+1.024
1705591560,+2.98,+17.027, +7.711,+1.024
1705591620,+2.98,+17.035, +7.707,+1.024
1705591680,+2.98,+17.044, +7.703,+1.024
1705591740,+2.98,+17.027, +7.717,+1.025
1705591800,+2.98,+17.044, +7.714,+1.025
1705591860,+2.98,+17.035, +7.713,+1.024
1705591920,+2.98,+17.035, +7.710,+1.024
1705591980,+2.98,+17.044, +7.717,+1.025
1705592040,+2.98,+17.052, +7.712,+1.024
1705592100,+2.98,+17.044, +7.707,+1.024
1705592160,+2.98,+17.086, +7.699,+1.024
1705592220,+2.98,+17.060, +7.715,+1.025
1705592280,+2.98,+17.060, +7.711,+1.025
1705592340,+2.98,+17.086, +7.702,+1.024
1705592400,+2.98,+17.094, +7.699,+1.024
1705592460,+2.98,+17.077, +7.713,+1.025
1705592520,+2.98,+17.069, +7.710,+1.024
1705592580,+2.98,+17.077, +7.714,+1.025
1705592640,+2.98,+17.111, +7.700,+1.024
1705592700,+2.98,+17.103, +7.704,+1.024
1705592760,+2.98,+17.103, +7.705,+1.024
1705592820,+2.98,+17.103, +7.702,+1.024
1705592880,+2.98,+17.120, +7.695,+1.024
1705592940,+2.98,+17.103, +7.713,+1.025
1705593000,+2.98,+17.120, +7.706,+1.024
1705593060,+2.98,+17.120, +7.708,+1.025
1705593120,+2.98,+17.128, +7.697,+1.024
1705593180,+2.98,+17.120, +7.704,+1.024
1705593240,+2.98,+17.145, +7.701,+1.024
1705593300,+2.98,+17.145, +7.706,+1.025
1705593360,+2.98,+17.154, +7.696,+1.024
1705593420,+2.98,+17.137, +7.707,+1.024
1705593480,+2.98,+17.145, +7.707,+1.024
1705593540,+2.98,+17.162, +7.704,+1.024
1705593600,+2.98,+17.170, +7.708,+1.025
1705593660,+2.98,+17.162, +7.706,+1.024
1705593720,+2.98,+17.170, +7.698,+1.024
1705593780,+2.98,+17.179, +7.699,+1.024
1705593840,+2.98,+17.179, +7.714,+1.025
1705593900,+2.98,+17.170, +7.711,+1.025
1705593960,+2.98,+17.179, +7.704,+1.024
1705594020,+2.98,+17.179, +7.711,+1.025
1705594080,+2.98,+17.187, +7.708,+1.024
1705594140,+2.98,+17.204, +7.704,+1.024
1705594200,+2.98,+17.187, +7.709,+1.024
1705594260,+2.98,+17.213, +7.706,+1.025
1705594320,+2.98,+17.213, +7.708,+1.025
1705594380,+2.98,+17.196, +7.712,+1.024
1705594440,+2.98,+17.213, +7.700,+1.024
1705594500,+2.98,+17.221, +7.702,+1.024
1705594560,+2.98,+17.221, +7.702,+1.024
1705594620,+2.98,+17.230, +7.702,+1.024
1705594680,+2.98,+17.230, +7.711,+1.025
1705594740,+2.98,+17.230, +7.704,+1.024
1705594800,+2.98,+17.238, +7.711,+1.025
1705594860,+2.98,+17.247, +7.700,+1.024
1705594920,+2.98,+17.247, +7.708,+1.024
1705594980,+2.98,+17.255, +7.700,+1.024
1705595040,+2.98,+17.247, +7.702,+1.024
1705595100,+2.98,+17.272, +7.695,+1.024
1705595160,+2.98,+17.280, +7.694,+1.024
1705595220,+2.98,+17.272, +7.695,+1.024
1705595280,+2.98,+17.280, +7.697,+1.024
1705595340,+2.98,+17.264, +7.699,+1.024
1705595400,+2.98,+17.280, +7.691,+1.024
1705595460,+2.98,+17.280, +7.708,+1.025
1705595520,+2.98,+17.280, +7.694,+1.024
1705595580,+2.98,+17.289, +7.698,+1.024
1705595640,+2.98,+17.306, +7.690,+1.024
1705595700,+2.98,+17.306, +7.696,+1.024
1705595760,+2.98,+17.297, +7.693,+1.024
1705595820,+2.98,+17.306, +7.698,+1.024
1705595880,+2.98,+17.323, +7.688,+1.024
1705595940,+2.98,+17.323, +7.692,+1.024
1705596000,+2.98,+17.340, +7.689,+1.025
1705596060,+2.98,+17.331, +7.684,+1.024
1705596120,+2.98,+17.314, +7.693,+1.024
1705596180,+2.98,+17.340, +7.692,+1.025
1705596240,+2.98,+17.331, +7.692,+1.024
1705596300,+2.98,+17.331, +7.689,+1.024
1705596360,+2.98,+17.348, +7.692,+1.025
1705596420,+2.98,+17.356, +7.685,+1.024
1705596480,+2.98,+17.323, +7.691,+1.024
1705596540,+2.98,+17.356, +7.679,+1.024
1705596600,+2.98,+17.356, +7.683,+1.024
1705596660,+2.98,+17.356, +7.682,+1.024
1705596720,+2.98,+17.348, +7.691,+1.025
1705596780,+2.98,+17.382, +7.678,+1.024
1705596840,+2.98,+17.382, +7.674,+1.024
1705596900,+2.98,+17.382, +7.676,+1.024
1705596960,+2.98,+17.382, +7.678,+1.024
1705597020,+2.98,+17.390, +7.677,+1.025
1705597080,+2.98,+17.382, +7.672,+1.024
1705597140,+2.98,+17.390, +7.677,+1.025
1705597200,+2.98,+17.407, +7.670,+1.024
1705597260,+2.98,+17.399, +7.671,+1.024
1705597320,+2.98,+17.407, +7.671,+1.024
1705597380,+2.98,+17.416, +7.673,+1.025
1705597440,+2.98,+17.407, +7.671,+1.024
1705597500,+2.98,+17.416, +7.668,+1.024
1705597560,+2.98,+17.433, +7.662,+1.024
1705597620,+2.98,+17.433, +7.659,+1.024
1705597680,+2.98,+17.433, +7.669,+1.025
1705597740,+2.98,+17.416, +7.666,+1.024
1705597800,+2.98,+17.449, +7.663,+1.024
1705597860,+2.98,+17.449, +7.661,+1.024
1705597920,+2.98,+17.449, +7.665,+1.025
1705597980,+2.98,+17.458, +7.661,+1.024
1705598040,+2.98,+17.458, +7.659,+1.024
1705598100,+2.98,+17.458, +7.656,+1.024
1705598160,+2.98,+17.449, +7.654,+1.023
1705598220,+2.98,+17.475, +7.655,+1.024
1705598280,+2.98,+17.466, +7.659,+1.024
1705598340,+2.98,+17.466, +7.663,+1.024
1705598400,+2.98,+17.500, +7.639,+1.023
1705598460,+2.98,+17.492, +7.653,+1.024
1705598520,+2.98,+17.475, +7.660,+1.024
1705598580,+2.98,+17.483, +7.656,+1.024
1705598640,+2.98,+17.492, +7.658,+1.024
1705598700,+2.98,+17.509, +7.646,+1.024
1705598760,+2.98,+17.509, +7.651,+1.024
1705598820,+2.98,+17.509, +7.650,+1.024
1705598880,+2.98,+17.517, +7.649,+1.024
1705598940,+2.98,+17.509, +7.658,+1.024
1705599000,+2.98,+17.509, +7.653,+1.024
1705599060,+2.98,+17.509, +7.661,+1.024
1705599120,+2.98,+17.534, +7.650,+1.024
1705599180,+2.98,+17.525, +7.659,+1.025
1705599240,+2.98,+17.525, +7.657,+1.024
1705599300,+2.98,+17.525, +7.659,+1.024
1705599360,+2.98,+17.542, +7.652,+1.024
1705599420,+2.98,+17.542, +7.652,+1.024
1705599480,+2.98,+17.542, +7.648,+1.024
1705599540,+2.98,+17.551, +7.647,+1.024
1705599600,+2.98,+17.559, +7.650,+1.024
1705599660,+2.98,+17.551, +7.649,+1.024
1705599720,+2.98,+17.568, +7.647,+1.024
1705599780,+2.98,+17.568, +7.650,+1.024
1705599840,+2.98,+17.559, +7.655,+1.024
1705599900,+2.98,+17.559, +7.648,+1.024
1705599960,+2.98,+17.559, +7.656,+1.024
1705600020,+2.98,+17.568, +7.653,+1.024
1705600080,+2.98,+17.576, +7.651,+1.024
1705600140,+2.98,+17.584, +7.645,+1.024
1705600200,+2.98,+17.584, +7.650,+1.024
1705600260,+2.98,+17.593, +7.642,+1.024
1705600320,+2.98,+17.593, +7.642,+1.024
1705600380,+2.98,+17.601, +7.644,+1.024
1705600440,+2.98,+17.584, +7.646,+1.024
1705600500,+2.98,+17.610, +7.641,+1.024
1705600560,+2.98,+17.601, +7.646,+1.024
1705600620,+2.98,+17.618, +7.636,+1.024
1705600680,+2.98,+17.610, +7.639,+1.024
1705600740,+2.98,+17.601, +7.646,+1.024
1705600800,+2.98,+17.618, +7.638,+1.024
1705600860,+2.98,+17.618, +7.644,+1.024
1705600920,+2.98,+17.627, +7.642,+1.024
1705600980,+2.98,+17.635, +7.628,+1.023
1705601040,+2.98,+17.644, +7.639,+1.024
1705601100,+2.98,+17.627, +7.646,+1.024
1705601160,+2.98,+17.652, +7.639,+1.024
1705601220,+2.98,+17.635, +7.640,+1.024
1705601280,+2.98,+17.635, +7.637,+1.024
1705601340,+2.98,+17.627, +7.643,+1.024
1705601400,+2.98,+17.644, +7.643,+1.024
1705601460,+2.98,+17.635, +7.643,+1.024
1705601520,+2.98,+17.652, +7.645,+1.024
1705601580,+2.98,+17.660, +7.642,+1.024
1705601640,+2.98,+17.652, +7.637,+1.024
1705601700,+2.98,+17.660, +7.643,+1.024
1705601760,+2.98,+17.669, +7.636,+1.024
1705601820,+2.98,+17.669, +7.643,+1.024
1705601880,+2.98,+17.677, +7.639,+1.024
1705601940,+2.98,+17.677, +7.639,+1.024
1705602000,+2.98,+17.677, +7.637,+1.024
1705602060,+2.98,+17.686, +7.639,+1.024
1705602120,+2.98,+17.694, +7.638,+1.024
1705602180,+2.98,+17.686, +7.638,+1.024
1705602240,+2.98,+17.686, +7.630,+1.024
1705602300,+2.98,+17.711, +7.627,+1.024
1705602360,+2.98,+17.711, +7.632,+1.024
1705602420,+2.98,+17.703, +7.629,+1.024
1705602480,+2.98,+17.711, +7.631,+1.024
1705602540,+2.98,+17.719, +7.631,+1.024
1705602600,+2.98,+17.719, +7.629,+1.024
1705602660,+2.98,+17.703, +7.638,+1.024
1705602720,+2.98,+17.711, +7.634,+1.024
1705602780,+2.98,+17.677, +7.461,+1.024
1705602840,+2.98,+17.610, +7.283,+1.023
1705602900,+2.98,+17.542, +7.169,+1.021
1705602960,+2.98,+17.534, +7.141,+1.021
1705603020,+2.98,+17.551, +7.130,+1.021
1705603080,+2.98,+17.576, +7.112,+1.021
1705603140,+2.98,+17.568, +7.104,+1.021
1705603200,+2.98,+17.559, +7.097,+1.021
1705603260,+2.98,+17.584, +7.074,+1.021
1705603320,+2.98,+17.576, +7.060,+1.021
1705603380,+2.98,+17.584, +7.020,+1.021
1705603440,+2.98,+17.601, +6.938,+1.020
1705603500,+2.98,+17.601, +6.823,+1.018
1705603560,+2.98,+17.601, +6.655,+1.015
1705603620,+2.98,+17.593, +6.446,+1.011
1705603680,+2.98,+17.593, +6.201,+1.006
1705603740,+2.98,+17.610, +5.904,+1.000
1705603800,+2.98,+17.601, +5.568,+0.992
1705603860,+2.98,+17.610, +5.184,+0.983
1705603920,+2.98,+17.618, +4.771,+0.972
1705603980,+2.98,+17.610, +4.342,+0.960
1705604040,+2.98,+17.618, +3.913,+0.948
1705604100,+2.98,+17.601, +3.516,+0.936
1705604160,+2.98,+17.618, +3.162,+0.927
1705604220,+2.98,+17.618, +2.860,+0.920
1705604280,+2.98,+17.644, +2.607,+0.917
1705604340,+2.98,+17.627, +2.395,+0.915
1705604400,+2.98,+17.618, +2.213,+0.915
1705604460,+2.98,+17.627, +2.054,+0.915
1705604520,+2.98,+17.644, +1.910,+0.916
1705604580,+2.98,+17.635, +1.784,+0.918
1705604640,+2.98,+17.618, +1.670,+0.920
1705604700,+2.98,+17.627, +1.563,+0.923
1705604760,+2.98,+17.618, +1.467,+0.925
1705604820,+2.98,+17.627, +1.383,+0.929
1705604880,+2.98,+17.627, +1.305,+0.932
1705604940,+2.98,+17.644, +1.232,+0.936
1705605000,+2.98,+17.635, +1.166,+0.939
1705605060,+2.98,+17.652, +1.105,+0.942
1705605120,+2.98,+17.635, +1.049,+0.945
1705605180,+2.98,+17.652, +0.995,+0.949
1705605240,+2.98,+17.644, +0.943,+0.952
1705605300,+2.98,+17.660, +0.892,+0.955
1705605360,+2.98,+17.644, +0.849,+0.958
1705605420,+2.98,+17.644, +0.807,+0.960
1705605480,+2.98,+17.652, +0.767,+0.963
1705605540,+2.98,+17.652, +0.731,+0.966
1705605600,+2.98,+17.652, +0.691,+0.968
1705605660,+2.98,+17.652, +0.652,+0.971
1705605720,+2.98,+17.644, +0.614,+0.973
1705605780,+2.98,+17.660, +0.580,+0.976
1705605840,+2.98,+17.652, +0.550,+0.978
1705605900,+2.98,+17.669, +0.520,+0.980
1705605960,+2.98,+17.660, +0.493,+0.982
1705606020,+2.98,+17.635, +0.468,+0.984
1705606080,+2.98,+17.660, +0.444,+0.986
1705606140,+2.98,+17.660, +0.423,+0.988
1705606200,+2.98,+17.669, +0.403,+0.990
1705606260,+2.98,+17.652, +0.384,+0.991
1705606320,+2.98,+17.660, +0.366,+0.993
1705606380,+2.98,+17.669, +0.349,+0.994
1705606440,+2.98,+17.669, +0.334,+0.996
1705606500,+2.98,+17.686, +0.318,+0.997
1705606560,+2.98,+17.660, +0.304,+0.998
1705606620,+2.98,+17.686, +0.290,+0.999
1705606680,+2.98,+17.703, +0.275,+1.000
1705606740,+2.98,+17.686, +0.261,+1.001
1705606800,+2.98,+17.677, +0.248,+1.002
1705606860,+2.98,+17.669, +0.237,+1.002
1705606920,+2.98,+17.686, +0.225,+1.003
1705606980,+2.98,+17.686, +0.214,+1.004
1705607040,+2.98,+17.677, +0.203,+1.004
1705607100,+2.98,+17.686, +0.192,+1.005
1705607160,+2.98,+17.703, +0.184,+1.006
1705607220,+2.98,+17.703, +0.175,+1.006
1705607280,+2.98,+17.686, +0.168,+1.006
1705607340,+2.98,+17.703, +0.161,+1.007
1705607400,+2.98,+17.711, +0.153,+1.007
1705607460,+2.98,+17.711, +0.147,+1.007
1705607520,+2.98,+17.711, +0.141,+1.007
1705607580,+2.98,+17.719, +0.136,+1.008
1705607640,+2.98,+17.728, +0.130,+1.008
1705607700,+2.98,+17.736, +0.124,+1.008
1705607760,+2.98,+17.728, +0.120,+1.008
1705607820,+2.98,+17.728, +0.116,+1.008
1705607880,+2.98,+17.728, +0.112,+1.008
1705607940,+2.98,+17.745, +0.109,+1.008
1705608000,+2.98,+17.745, +0.105,+1.008
1705608060,+2.98,+17.736, +0.102,+1.008
1705608120,+2.98,+17.753, +0.099,+1.008
1705608180,+2.98,+17.753, +0.097,+1.008
1705608240,+2.98,+17.762, +0.095,+1.008
1705608300,+2.98,+17.787, +0.094,+1.008
1705608360,+2.98,+17.787, +0.092,+1.008
1705608420,+2.98,+17.779, +0.091,+1.009
1705608480,+2.98,+17.787, +0.091,+1.009
1705608540,+2.98,+17.812, +0.089,+1.009
1705608600,+2.98,+17.795, +0.089,+1.009
1705608660,+2.98,+17.804, +0.088,+1.009
1705608720,+2.98,+17.829, +0.088,+1.009
1705608780,+2.98,+17.821, +0.087,+1.009
1705608840,+2.98,+17.838, +0.087,+1.009
1705608900,+2.98,+17.829, +0.093,+1.008
1705608960,+2.98,+17.838, +0.094,+1.009
1705609020,+2.98,+17.846, +0.094,+1.009
1705609080,+2.98,+17.871, +0.093,+1.009
1705609140,+2.98,+17.871, +0.093,+1.009
1705609200,+2.98,+17.880, +0.092,+1.009
1705609260,+2.98,+17.871, +0.091,+1.009
1705609320,+2.98,+17.880, +0.090,+1.009
1705609380,+2.98,+17.888, +0.090,+1.009
1705609440,+2.98,+17.880, +0.089,+1.009
1705609500,+2.98,+17.905, +0.089,+1.009
1705609560,+2.98,+17.922, +0.089,+1.009
1705609620,+2.98,+17.922, +0.089,+1.009
1705609680,+2.98,+17.939, +0.088,+1.009
1705609740,+2.98,+17.955, +0.088,+1.009
1705609800,+2.98,+17.947, +0.088,+1.009
1705609860,+2.98,+17.947, +0.088,+1.009
1705609920,+2.98,+17.964, +0.087,+1.009
1705609980,+2.98,+17.989, +0.086,+1.009
1705610040,+2.98,+17.981, +0.085,+1.009
1705610100,+2.98,+17.989, +0.085,+1.009
1705610160,+2.98,+17.989, +0.085,+1.009
1705610220,+2.98,+18.006, +0.085,+1.009
1705610280,+2.98,+17.989, +0.085,+1.009
1705610340,+2.98,+18.023, +0.085,+1.009
1705610400,+2.98,+18.023, +0.085,+1.009
1705610460,+2.98,+18.031, +0.085,+1.009
1705610520,+2.98,+18.040, +0.084,+1.009
1705610580,+2.98,+18.048, +5.052,+0.960
1705610640,+2.98,+17.846, +7.375,+1.020
1705610700,+2.98,+18.359, +7.569,+1.022
1705610760,+2.98,+19.157, +7.322,+1.019
1705610820,+2.98,+19.191, +7.342,+1.020
