7450-521120
OS REV: 1.04 Sensor Cal: 1570120153
Time (sec),  BV (Volts),  T (deg C),  DO (mg/l),  Q ()
1705546860,+3.01,+12.780, +8.043,+0.920
1705546920,+3.01,+12.771, +8.059,+0.920
1705546980,+3.01,+12.797, +8.039,+0.920
1705547040,+3.01,+12.797, +8.046,+0.920
1705547100,+3.01,+12.788, +8.047,+0.920
1705547160,+3.01,+12.788, +8.052,+0.920
1705547220,+3.01,+12.815, +8.045,+0.920
1705547280,+3.01,+12.771, +8.061,+0.920
1705547340,+3.01,+12.780, +8.060,+0.920
1705547400,+3.01,+12.788, +8.054,+0.920
1705547460,+3.01,+12.788, +8.060,+0.920
1705547520,+3.01,+12.806, +8.050,+0.920
1705547580,+3.01,+12.806, +8.051,+0.920
1705547640,+3.01,+12.806, +8.055,+0.920
1705547700,+3.01,+12.823, +8.054,+0.920
1705547760,+3.01,+12.815, +8.054,+0.920
1705547820,+3.01,+12.815, +8.054,+0.920
1705547880,+3.01,+12.823, +8.055,+0.920
1705547940,+3.01,+12.823, +8.050,+0.920
1705548000,+3.01,+12.832, +8.052,+0.920
1705548060,+3.01,+12.832, +8.048,+0.920
1705548120,+3.01,+12.832, +8.052,+0.920
1705548180,+3.01,+12.841, +8.048,+0.919
1705548240,+3.01,+12.823, +8.055,+0.920
1705548300,+3.01,+12.867, +8.045,+0.920
1705548360,+3.01,+12.850, +8.047,+0.920
1705548420,+3.01,+12.850, +8.050,+0.920
1705548480,+3.01,+12.859, +8.052,+0.920
1705548540,+3.01,+12.841, +8.053,+0.920
1705548600,+3.01,+12.850, +8.049,+0.920
1705548660,+3.01,+12.876, +8.045,+0.920
1705548720,+3.01,+12.867, +8.046,+0.920
1705548780,+3.01,+12.876, +8.042,+0.920
1705548840,+3.01,+12.876, +8.040,+0.920
1705548900,+3.01,+12.876, +8.052,+0.920
1705548960,+3.01,+12.885, +8.047,+0.920
1705549020,+3.01,+12.885, +8.048,+0.920
1705549080,+3.01,+12.911, +8.045,+0.920
1705549140,+3.01,+12.894, +8.045,+0.920
1705549200,+3.01,+12.911, +8.039,+0.920
1705549260,+3.01,+12.911, +8.035,+0.920
1705549320,+3.01,+12.911, +8.040,+0.920
1705549380,+3.01,+12.911, +8.042,+0.920
1705549440,+3.01,+12.920, +8.042,+0.920
1705549500,+3.01,+12.929, +8.038,+0.920
1705549560,+3.01,+12.938, +8.034,+0.920
1705549620,+3.01,+12.920, +8.045,+0.920
1705549680,+3.01,+12.920, +8.043,+0.920
1705549740,+3.01,+12.938, +8.045,+0.920
1705549800,+3.01,+12.929, +8.040,+0.920
1705549860,+3.01,+12.955, +8.042,+0.920
1705549920,+3.01,+12.955, +8.033,+0.920
1705549980,+3.01,+12.955, +8.032,+0.920
1705550040,+3.01,+12.947, +8.041,+0.920
1705550100,+3.01,+12.973, +8.025,+0.919
1705550160,+3.01,+12.982, +8.031,+0.920
1705550220,+3.01,+12.982, +8.034,+0.920
1705550280,+3.01,+12.955, +8.044,+0.920
1705550340,+3.01,+12.982, +8.029,+0.920
1705550400,+3.01,+12.973, +8.034,+0.920
1705550460,+3.01,+12.973, +8.037,+0.920
1705550520,+3.01,+12.999, +8.036,+0.920
1705550580,+3.01,+12.982, +8.032,+0.920
1705550640,+3.01,+13.017, +8.020,+0.920
1705550700,+3.01,+13.008, +8.022,+0.919
1705550760,+3.01,+13.026, +8.025,+0.920
1705550820,+3.01,+13.026, +8.026,+0.920
1705550880,+3.01,+13.034, +8.029,+0.920
1705550940,+3.01,+13.026, +8.027,+0.920
1705551000,+3.01,+13.043, +8.024,+0.920
1705551060,+3.01,+13.034, +8.030,+0.920
1705551120,+3.01,+13.026, +8.029,+0.920
1705551180,+3.01,+13.052, +8.021,+0.920
1705551240,+3.01,+13.061, +8.023,+0.920
1705551300,+3.01,+13.069, +8.018,+0.920
1705551360,+3.01,+13.061, +8.019,+0.920
1705551420,+3.01,+13.096, +8.004,+0.919
1705551480,+3.01,+13.069, +8.024,+0.920
1705551540,+3.01,+13.061, +8.033,+0.920
1705551600,+3.01,+13.087, +8.019,+0.920
1705551660,+3.01,+13.096, +8.017,+0.920
1705551720,+3.01,+13.096, +8.022,+0.920
1705551780,+3.01,+13.105, +8.017,+0.920
1705551840,+3.01,+13.122, +8.008,+0.920
1705551900,+3.01,+13.113, +8.013,+0.920
1705551960,+3.01,+13.087, +8.019,+0.919
1705552020,+3.01,+13.122, +8.013,+0.920
1705552080,+3.01,+13.131, +8.011,+0.920
1705552140,+3.01,+13.122, +8.020,+0.920
1705552200,+3.01,+13.122, +8.014,+0.920
1705552260,+3.01,+13.148, +8.011,+0.920
1705552320,+3.01,+13.131, +8.018,+0.920
1705552380,+3.01,+13.122, +8.021,+0.920
1705552440,+3.01,+13.148, +8.009,+0.919
1705552500,+3.01,+13.157, +8.014,+0.920
1705552560,+3.01,+13.148, +8.012,+0.920
1705552620,+3.01,+13.148, +8.019,+0.920
1705552680,+3.01,+13.166, +8.010,+0.920
1705552740,+3.01,+13.166, +8.009,+0.920
1705552800,+3.01,+13.175, +8.017,+0.920
1705552860,+3.01,+13.175, +8.010,+0.920
1705552920,+3.01,+13.192, +8.009,+0.920
1705552980,+3.01,+13.183, +8.016,+0.920
1705553040,+3.01,+13.192, +8.008,+0.920
1705553100,+3.01,+13.192, +8.011,+0.920
1705553160,+3.01,+13.192, +8.010,+0.920
1705553220,+3.01,+13.210, +8.006,+0.919
1705553280,+3.01,+13.210, +8.018,+0.920
1705553340,+3.01,+13.227, +8.005,+0.920
1705553400,+3.01,+13.236, +8.005,+0.920
1705553460,+3.01,+13.227, +8.009,+0.920
1705553520,+3.01,+13.245, +8.009,+0.920
1705553580,+3.01,+13.245, +8.003,+0.920
1705553640,+3.01,+13.236, +8.018,+0.920
1705553700,+3.01,+13.245, +8.005,+0.920
1705553760,+3.01,+13.262, +7.996,+0.919
1705553820,+3.01,+13.262, +8.005,+0.920
1705553880,+3.01,+13.271, +8.003,+0.920
1705553940,+3.01,+13.262, +8.009,+0.920
1705554000,+3.01,+13.262, +8.012,+0.920
1705554060,+3.01,+13.280, +8.001,+0.920
1705554120,+3.01,+13.271, +8.011,+0.920
1705554180,+3.01,+13.280, +8.010,+0.920
1705554240,+3.01,+13.297, +8.000,+0.920
1705554300,+3.01,+13.297, +8.002,+0.920
1705554360,+3.01,+13.306, +7.997,+0.919
1705554420,+3.01,+13.297, +8.010,+0.920
1705554480,+3.01,+13.323, +7.997,+0.920
1705554540,+3.01,+13.323, +7.997,+0.920
1705554600,+3.01,+13.315, +8.005,+0.920
1705554660,+3.01,+13.323, +8.001,+0.920
1705554720,+3.01,+13.332, +8.001,+0.920
1705554780,+3.01,+13.350, +7.992,+0.920
1705554840,+3.01,+13.358, +7.997,+0.920
1705554900,+3.01,+13.350, +7.994,+0.920
1705554960,+3.01,+13.358, +7.996,+0.920
1705555020,+3.01,+13.350, +7.999,+0.920
1705555080,+3.01,+13.358, +7.999,+0.920
1705555140,+3.01,+13.350, +8.009,+0.920
1705555200,+3.01,+13.385, +8.001,+0.920
1705555260,+3.01,+13.376, +8.000,+0.920
1705555320,+3.01,+13.385, +7.989,+0.919
1705555380,+3.01,+13.393, +7.997,+0.920
1705555440,+3.01,+13.393, +7.988,+0.919
1705555500,+3.01,+13.402, +8.000,+0.920
1705555560,+3.00,+13.411, +7.985,+0.919
1705555620,+3.01,+13.402, +7.996,+0.920
1705555680,+3.01,+13.420, +7.986,+0.920
1705555740,+3.01,+13.402, +7.997,+0.920
1705555800,+3.01,+13.428, +7.990,+0.920
1705555860,+3.01,+13.437, +7.989,+0.920
1705555920,+3.00,+13.437, +7.990,+0.920
1705555980,+3.01,+13.437, +7.991,+0.920
1705556040,+3.00,+13.463, +7.983,+0.920
1705556100,+3.00,+13.446, +7.993,+0.920
1705556160,+3.01,+13.446, +7.993,+0.920
1705556220,+3.00,+13.481, +7.983,+0.920
1705556280,+3.01,+13.472, +7.989,+0.920
1705556340,+3.01,+13.489, +7.984,+0.920
1705556400,+3.01,+13.463, +7.997,+0.920
1705556460,+3.01,+13.481, +7.992,+0.920
1705556520,+3.01,+13.498, +7.989,+0.920
1705556580,+3.01,+13.498, +7.987,+0.920
1705556640,+3.01,+13.498, +7.988,+0.920
1705556700,+3.01,+13.498, +7.995,+0.920
1705556760,+3.01,+13.481, +7.995,+0.920
1705556820,+3.01,+13.524, +7.984,+0.920
1705556880,+3.01,+13.524, +7.987,+0.920
1705556940,+3.01,+13.533, +7.984,+0.920
1705557000,+3.01,+13.542, +7.982,+0.920
1705557060,+3.01,+13.533, +7.988,+0.920
1705557120,+3.01,+13.542, +7.982,+0.920
1705557180,+3.01,+13.559, +7.978,+0.919
1705557240,+3.01,+13.559, +7.983,+0.920
1705557300,+3.01,+13.585, +7.977,+0.920
1705557360,+3.01,+13.559, +7.981,+0.920
1705557420,+3.01,+13.559, +7.984,+0.920
1705557480,+3.01,+13.585, +7.984,+0.920
1705557540,+3.01,+13.594, +7.977,+0.920
1705557600,+3.01,+13.585, +7.988,+0.920
1705557660,+3.01,+13.577, +7.987,+0.920
1705557720,+3.01,+13.585, +7.982,+0.920
1705557780,+3.01,+13.594, +7.989,+0.920
1705557840,+3.01,+13.612, +7.983,+0.920
1705557900,+3.01,+13.612, +7.987,+0.920
1705557960,+3.01,+13.620, +7.979,+0.920
1705558020,+3.01,+13.638, +7.977,+0.920
1705558080,+3.01,+13.638, +7.970,+0.919
1705558140,+3.01,+13.638, +7.982,+0.920
1705558200,+3.01,+13.655, +7.975,+0.920
1705558260,+3.01,+13.646, +7.976,+0.919
1705558320,+3.01,+13.673, +7.970,+0.920
1705558380,+3.01,+13.646, +7.986,+0.920
1705558440,+3.01,+13.646, +7.990,+0.920
1705558500,+3.01,+13.646, +7.985,+0.920
1705558560,+3.01,+13.664, +7.976,+0.920
1705558620,+3.01,+13.664, +7.980,+0.919
1705558680,+3.01,+13.681, +7.983,+0.920
1705558740,+3.01,+13.681, +7.979,+0.920
1705558800,+3.01,+13.699, +7.982,+0.920
1705558860,+3.01,+13.681, +7.982,+0.920
1705558920,+3.01,+13.716, +7.980,+0.920
1705558980,+3.01,+13.716, +7.978,+0.920
1705559040,+3.01,+13.725, +7.976,+0.920
1705559100,+3.01,+13.725, +7.973,+0.920
1705559160,+3.01,+13.742, +7.973,+0.920
1705559220,+3.01,+13.742, +7.980,+0.920
1705559280,+3.01,+13.725, +7.979,+0.920
1705559340,+3.01,+13.742, +7.979,+0.920
1705559400,+3.01,+13.751, +7.974,+0.920
1705559460,+3.01,+13.768, +7.972,+0.920
1705559520,+3.01,+13.760, +7.972,+0.919
1705559580,+3.01,+13.760, +7.978,+0.920
1705559640,+3.01,+13.760, +7.983,+0.920
1705559700,+3.01,+13.786, +7.972,+0.920
1705559760,+3.01,+13.768, +7.974,+0.920
1705559820,+3.01,+13.786, +7.980,+0.920
1705559880,+3.01,+13.777, +7.976,+0.920
1705559940,+3.01,+13.812, +7.969,+0.920
1705560000,+3.01,+13.803, +7.974,+0.920
1705560060,+3.01,+13.821, +7.972,+0.920
1705560120,+3.01,+13.838, +7.967,+0.920
1705560180,+3.01,+13.821, +7.966,+0.919
1705560240,+3.01,+13.821, +7.975,+0.920
1705560300,+3.01,+13.847, +7.962,+0.919
1705560360,+3.01,+13.847, +7.969,+0.920
1705560420,+3.01,+13.847, +7.971,+0.920
1705560480,+3.01,+13.864, +7.964,+0.920
1705560540,+3.01,+13.873, +7.960,+0.919
1705560600,+3.01,+13.864, +7.967,+0.920
1705560660,+3.01,+13.873, +7.969,+0.920
1705560720,+3.01,+13.890, +7.959,+0.919
1705560780,+3.01,+13.873, +7.967,+0.920
1705560840,+3.01,+13.873, +7.972,+0.920
1705560900,+3.01,+13.908, +7.959,+0.919
1705560960,+3.01,+13.899, +7.968,+0.920
1705561020,+3.01,+13.916, +7.961,+0.920
1705561080,+3.01,+13.899, +7.974,+0.920
1705561140,+3.01,+13.908, +7.957,+0.919
1705561200,+3.01,+13.925, +7.967,+0.920
1705561260,+3.01,+13.916, +7.964,+0.920
1705561320,+3.01,+13.942, +7.966,+0.920
1705561380,+3.01,+13.951, +7.957,+0.920
1705561440,+3.01,+13.934, +7.965,+0.920
1705561500,+3.01,+13.942, +7.956,+0.919
1705561560,+3.01,+13.942, +7.971,+0.920
1705561620,+3.01,+13.986, +7.955,+0.920
1705561680,+3.01,+13.968, +7.960,+0.920
1705561740,+3.01,+13.968, +7.957,+0.919
1705561800,+3.01,+13.986, +7.955,+0.920
1705561860,+3.01,+13.994, +7.956,+0.920
1705561920,+3.01,+13.994, +7.958,+0.920
1705561980,+3.01,+13.994, +7.970,+0.920
1705562040,+3.01,+13.994, +7.960,+0.920
1705562100,+3.01,+13.994, +7.964,+0.920
1705562160,+3.01,+14.012, +7.954,+0.920
1705562220,+3.01,+14.020, +7.958,+0.920
1705562280,+3.01,+14.029, +7.944,+0.919
1705562340,+3.01,+14.029, +7.955,+0.920
1705562400,+3.01,+14.029, +7.960,+0.920
1705562460,+3.01,+14.055, +7.946,+0.919
1705562520,+3.01,+14.055, +7.947,+0.920
1705562580,+3.01,+14.064, +7.945,+0.919
1705562640,+3.01,+14.064, +7.950,+0.920
1705562700,+3.01,+14.046, +7.958,+0.920
1705562760,+3.01,+14.081, +7.949,+0.920
1705562820,+3.01,+14.081, +7.954,+0.920
1705562880,+3.01,+14.081, +7.952,+0.920
1705562940,+3.01,+14.090, +7.948,+0.920
1705563000,+3.01,+14.090, +7.946,+0.919
1705563060,+3.01,+14.107, +7.952,+0.920
1705563120,+3.01,+14.107, +7.952,+0.920
1705563180,+3.01,+14.116, +7.951,+0.920
1705563240,+3.01,+14.125, +7.948,+0.920
1705563300,+3.01,+14.116, +7.950,+0.920
1705563360,+3.01,+14.125, +7.947,+0.920
1705563420,+3.01,+14.142, +7.949,+0.920
1705563480,+3.01,+14.159, +7.942,+0.920
1705563540,+3.01,+14.151, +7.944,+0.920
1705563600,+3.01,+14.151, +7.947,+0.920
1705563660,+3.01,+14.159, +7.944,+0.920
1705563720,+3.01,+14.151, +7.947,+0.920
1705563780,+3.01,+14.177, +7.939,+0.919
1705563840,+3.01,+14.177, +7.941,+0.920
1705563900,+3.01,+14.177, +7.947,+0.920
1705563960,+3.01,+14.177, +7.947,+0.920
1705564020,+3.01,+14.194, +7.935,+0.919
1705564080,+3.01,+14.211, +7.939,+0.920
1705564140,+3.01,+14.211, +7.942,+0.920
1705564200,+3.01,+14.203, +7.949,+0.920
1705564260,+3.01,+14.220, +7.943,+0.920
1705564320,+3.01,+14.229, +7.937,+0.920
1705564380,+3.01,+14.229, +7.941,+0.920
1705564440,+3.01,+14.203, +7.948,+0.920
1705564500,+3.00,+14.237, +7.932,+0.919
1705564560,+3.00,+14.281, +7.924,+0.919
1705564620,+3.01,+14.237, +7.938,+0.920
1705564680,+3.01,+14.272, +7.929,+0.919
1705564740,+3.01,+14.263, +7.933,+0.920
1705564800,+3.01,+14.272, +7.938,+0.920
1705564860,+3.01,+14.272, +7.944,+0.920
1705564920,+3.01,+14.281, +7.938,+0.920
1705564980,+3.00,+14.306, +7.925,+0.919
1705565040,+3.00,+14.306, +7.932,+0.920
1705565100,+3.00,+14.306, +7.932,+0.920
1705565160,+3.00,+14.315, +7.927,+0.919
1705565220,+3.00,+14.332, +7.929,+0.920
1705565280,+3.00,+14.315, +7.933,+0.920
1705565340,+3.00,+14.341, +7.923,+0.920
1705565400,+3.00,+14.324, +7.928,+0.919
1705565460,+3.00,+14.332, +7.931,+0.920
1705565520,+3.00,+14.332, +7.930,+0.920
1705565580,+3.00,+14.341, +7.931,+0.920
1705565640,+3.00,+14.358, +7.932,+0.920
1705565700,+3.00,+14.358, +7.928,+0.920
1705565760,+3.00,+14.367, +7.925,+0.920
1705565820,+3.00,+14.376, +7.928,+0.920
1705565880,+3.00,+14.367, +7.928,+0.920
1705565940,+3.00,+14.376, +7.930,+0.920
1705566000,+3.00,+14.402, +7.921,+0.920
1705566060,+3.00,+14.367, +7.935,+0.920
1705566120,+3.00,+14.410, +7.914,+0.919
1705566180,+3.00,+14.410, +7.920,+0.919
1705566240,+3.00,+14.419, +7.920,+0.920
1705566300,+3.00,+14.410, +7.923,+0.920
1705566360,+3.00,+14.428, +7.926,+0.920
1705566420,+3.00,+14.445, +7.917,+0.920
1705566480,+3.00,+14.454, +7.911,+0.919
1705566540,+3.00,+14.445, +7.918,+0.920
1705566600,+3.00,+14.454, +7.921,+0.920
1705566660,+3.00,+14.445, +7.920,+0.920
1705566720,+3.00,+14.462, +7.920,+0.920
1705566780,+3.00,+14.471, +7.913,+0.919
1705566840,+3.00,+14.462, +7.917,+0.920
1705566900,+3.00,+14.479, +7.921,+0.920
1705566960,+3.00,+14.479, +7.920,+0.920
1705567020,+3.00,+14.479, +7.920,+0.920
1705567080,+3.00,+14.488, +7.916,+0.920
1705567140,+3.00,+14.497, +7.915,+0.920
1705567200,+3.00,+14.479, +7.922,+0.920
1705567260,+3.00,+14.505, +7.909,+0.919
1705567320,+3.00,+14.505, +7.919,+0.920
1705567380,+3.00,+14.514, +7.914,+0.919
1705567440,+3.00,+14.523, +7.918,+0.920
1705567500,+3.00,+14.540, +7.913,+0.920
1705567560,+3.00,+14.549, +7.910,+0.920
1705567620,+3.00,+14.549, +7.909,+0.920
1705567680,+3.00,+14.557, +7.903,+0.919
1705567740,+3.00,+14.557, +7.911,+0.920
1705567800,+3.00,+14.566, +7.905,+0.919
1705567860,+3.00,+14.566, +7.914,+0.920
1705567920,+3.00,+14.592, +7.903,+0.920
1705567980,+3.00,+14.566, +7.913,+0.920
1705568040,+3.00,+14.583, +7.906,+0.920
1705568100,+3.00,+14.592, +7.907,+0.920
1705568160,+3.00,+14.592, +7.907,+0.920
1705568220,+3.00,+14.592, +7.911,+0.920
1705568280,+3.01,+14.600, +7.904,+0.920
1705568340,+3.01,+14.600, +7.905,+0.919
1705568400,+3.01,+14.618, +7.904,+0.919
1705568460,+3.01,+14.626, +7.908,+0.920
1705568520,+3.01,+14.644, +7.903,+0.920
1705568580,+3.01,+14.652, +7.897,+0.920
1705568640,+3.01,+14.644, +7.902,+0.920
1705568700,+3.01,+14.644, +7.899,+0.919
1705568760,+3.01,+14.669, +7.903,+0.920
1705568820,+3.01,+14.661, +7.899,+0.919
1705568880,+3.01,+14.669, +7.905,+0.920
1705568940,+3.01,+14.661, +7.907,+0.920
1705569000,+3.01,+14.661, +7.910,+0.920
1705569060,+3.01,+14.695, +7.891,+0.919
1705569120,+3.01,+14.687, +7.898,+0.920
1705569180,+3.01,+14.678, +7.903,+0.920
1705569240,+3.01,+14.678, +7.908,+0.920
1705569300,+3.01,+14.704, +7.901,+0.920
1705569360,+3.01,+14.721, +7.888,+0.919
1705569420,+3.01,+14.721, +7.891,+0.919
1705569480,+3.01,+14.730, +7.894,+0.920
1705569540,+3.01,+14.713, +7.900,+0.920
1705569600,+3.01,+14.730, +7.896,+0.920
1705569660,+3.01,+14.730, +7.894,+0.919
1705569720,+3.01,+14.738, +7.903,+0.920
1705569780,+3.01,+14.747, +7.896,+0.920
1705569840,+3.01,+14.738, +7.899,+0.920
1705569900,+3.01,+14.747, +7.907,+0.920
1705569960,+3.01,+14.773, +7.884,+0.919
1705570020,+3.01,+14.782, +7.890,+0.920
1705570080,+3.01,+14.764, +7.897,+0.920
1705570140,+3.01,+14.790, +7.892,+0.920
1705570200,+3.01,+14.782, +7.891,+0.920
1705570260,+3.01,+14.782, +7.898,+0.920
1705570320,+3.01,+14.790, +7.893,+0.920
1705570380,+3.01,+14.799, +7.888,+0.919
1705570440,+3.01,+14.816, +7.877,+0.919
1705570500,+3.01,+14.807, +7.888,+0.920
1705570560,+3.01,+14.799, +7.892,+0.920
1705570620,+3.01,+14.816, +7.896,+0.920
1705570680,+3.01,+14.816, +7.900,+0.920
1705570740,+3.01,+14.842, +7.881,+0.919
1705570800,+3.01,+14.816, +7.893,+0.920
1705570860,+3.01,+14.833, +7.887,+0.920
1705570920,+3.01,+14.842, +7.886,+0.919
1705570980,+3.01,+14.868, +7.879,+0.920
1705571040,+3.01,+14.859, +7.884,+0.920
1705571100,+3.01,+14.868, +7.890,+0.920
1705571160,+3.01,+14.859, +7.889,+0.920
1705571220,+3.01,+14.902, +7.882,+0.920
1705571280,+3.01,+14.885, +7.889,+0.920
1705571340,+3.01,+14.885, +7.892,+0.920
1705571400,+3.01,+14.911, +7.878,+0.920
1705571460,+3.01,+14.902, +7.883,+0.920
1705571520,+3.01,+14.911, +7.882,+0.920
1705571580,+3.01,+14.911, +7.882,+0.920
1705571640,+3.01,+14.928, +7.882,+0.920
1705571700,+3.01,+14.911, +7.885,+0.920
1705571760,+3.01,+14.911, +7.883,+0.919
1705571820,+3.01,+14.919, +7.893,+0.920
1705571880,+3.01,+14.945, +7.877,+0.920
1705571940,+3.01,+14.937, +7.879,+0.919
1705572000,+3.01,+14.945, +7.885,+0.920
1705572060,+3.01,+14.937, +7.883,+0.919
1705572120,+3.01,+14.962, +7.884,+0.920
1705572180,+3.01,+14.971, +7.875,+0.919
1705572240,+3.01,+14.962, +7.876,+0.919
1705572300,+3.01,+14.971, +7.881,+0.920
1705572360,+3.01,+14.980, +7.870,+0.919
1705572420,+3.01,+14.988, +7.878,+0.920
1705572480,+3.01,+15.031, +7.858,+0.919
1705572540,+3.01,+14.980, +7.888,+0.920
1705572600,+3.01,+15.005, +7.877,+0.920
1705572660,+3.01,+15.014, +7.880,+0.920
1705572720,+3.01,+15.014, +7.877,+0.920
1705572780,+3.01,+15.031, +7.872,+0.920
1705572840,+3.01,+15.023, +7.879,+0.920
1705572900,+3.01,+15.040, +7.874,+0.920
1705572960,+3.01,+15.048, +7.876,+0.920
1705573020,+3.01,+15.057, +7.865,+0.919
1705573080,+3.01,+15.066, +7.876,+0.920
1705573140,+3.01,+15.074, +7.874,+0.920
1705573200,+3.01,+15.057, +7.878,+0.920
1705573260,+3.01,+15.057, +7.877,+0.920
1705573320,+3.01,+15.091, +7.868,+0.920
1705573380,+3.01,+15.091, +7.870,+0.920
1705573440,+3.01,+15.091, +7.863,+0.920
1705573500,+3.01,+15.091, +7.871,+0.920
1705573560,+3.01,+15.091, +7.864,+0.920
1705573620,+3.01,+15.117, +7.866,+0.920
1705573680,+3.01,+15.100, +7.873,+0.920
1705573740,+3.01,+15.117, +7.866,+0.919
1705573800,+3.01,+15.109, +7.876,+0.920
1705573860,+3.01,+15.117, +7.868,+0.920
1705573920,+3.01,+15.134, +7.865,+0.920
1705573980,+3.01,+15.143, +7.876,+0.920
1705574040,+3.01,+15.151, +7.863,+0.920
1705574100,+3.01,+15.160, +7.863,+0.920
1705574160,+3.01,+15.151, +7.866,+0.920
1705574220,+3.01,+15.143, +7.875,+0.920
1705574280,+3.01,+15.160, +7.869,+0.920
1705574340,+3.01,+15.160, +7.870,+0.920
1705574400,+3.01,+15.160, +7.870,+0.920
1705574460,+3.01,+15.169, +7.870,+0.920
1705574520,+3.01,+15.177, +7.866,+0.920
1705574580,+3.01,+15.177, +7.871,+0.920
1705574640,+3.00,+15.194, +7.867,+0.920
1705574700,+3.00,+15.203, +7.865,+0.920
1705574760,+3.00,+15.203, +7.857,+0.919
1705574820,+3.00,+15.220, +7.858,+0.920
1705574880,+3.00,+15.229, +7.858,+0.919
1705574940,+3.00,+15.220, +7.859,+0.919
1705575000,+3.00,+15.229, +7.861,+0.920
1705575060,+3.00,+15.212, +7.872,+0.920
1705575120,+3.00,+15.237, +7.863,+0.920
1705575180,+3.00,+15.246, +7.864,+0.920
1705575240,+3.00,+15.246, +7.859,+0.920
1705575300,+3.00,+15.255, +7.859,+0.920
1705575360,+3.00,+15.246, +7.863,+0.920
1705575420,+3.00,+15.255, +7.859,+0.920
1705575480,+3.00,+15.272, +7.856,+0.920
1705575540,+3.00,+15.263, +7.857,+0.919
1705575600,+3.00,+15.272, +7.859,+0.920
1705575660,+3.00,+15.280, +7.853,+0.919
1705575720,+3.00,+15.297, +7.849,+0.919
1705575780,+3.00,+15.297, +7.852,+0.919
1705575840,+3.00,+15.306, +7.860,+0.920
1705575900,+3.00,+15.315, +7.854,+0.920
1705575960,+3.00,+15.306, +7.859,+0.920
1705576020,+3.00,+15.315, +7.848,+0.919
1705576080,+3.00,+15.323, +7.853,+0.920
1705576140,+3.00,+15.340, +7.851,+0.920
1705576200,+3.00,+15.340, +7.852,+0.920
1705576260,+3.00,+15.323, +7.854,+0.919
1705576320,+3.00,+15.340, +7.857,+0.920
1705576380,+3.00,+15.349, +7.854,+0.920
1705576440,+3.00,+15.357, +7.851,+0.920
1705576500,+3.00,+15.340, +7.862,+0.920
1705576560,+3.00,+15.366, +7.850,+0.920
1705576620,+3.00,+15.349, +7.856,+0.920
1705576680,+3.00,+15.375, +7.850,+0.920
1705576740,+3.00,+15.366, +7.855,+0.920
1705576800,+3.00,+15.392, +7.843,+0.919
1705576860,+3.00,+15.383, +7.850,+0.920
1705576920,+3.00,+15.400, +7.849,+0.920
1705576980,+3.00,+15.383, +7.854,+0.920
1705577040,+3.00,+15.409, +7.847,+0.920
1705577100,+3.00,+15.409, +7.851,+0.920
1705577160,+3.00,+15.409, +7.847,+0.919
1705577220,+3.00,+15.417, +7.851,+0.920
1705577280,+3.00,+15.435, +7.848,+0.920
1705577340,+3.00,+15.435, +7.848,+0.920
1705577400,+3.00,+15.443, +7.850,+0.920
1705577460,+3.00,+15.435, +7.846,+0.920
1705577520,+3.00,+15.443, +7.846,+0.920
1705577580,+3.00,+15.460, +7.844,+0.920
1705577640,+3.00,+15.443, +7.848,+0.920
1705577700,+3.00,+15.460, +7.845,+0.920
1705577760,+3.00,+15.477, +7.845,+0.920
1705577820,+3.00,+15.477, +7.844,+0.920
1705577880,+3.00,+15.495, +7.846,+0.920
1705577940,+3.00,+15.495, +7.843,+0.920
1705578000,+3.00,+15.486, +7.850,+0.920
1705578060,+3.00,+15.503, +7.843,+0.920
1705578120,+3.00,+15.495, +7.841,+0.919
1705578180,+3.00,+15.512, +7.845,+0.920
1705578240,+3.00,+15.529, +7.834,+0.919
1705578300,+3.00,+15.520, +7.840,+0.920
1705578360,+3.00,+15.520, +7.837,+0.919
1705578420,+3.00,+15.529, +7.845,+0.920
1705578480,+3.00,+15.537, +7.838,+0.920
1705578540,+3.00,+15.563, +7.834,+0.920
1705578600,+3.00,+15.555, +7.838,+0.920
1705578660,+3.00,+15.555, +7.843,+0.920
1705578720,+3.00,+15.555, +7.842,+0.920
1705578780,+3.00,+15.563, +7.833,+0.919
1705578840,+3.00,+15.572, +7.838,+0.920
1705578900,+3.00,+15.572, +7.839,+0.920
1705578960,+3.00,+15.580, +7.841,+0.920
1705579020,+3.00,+15.606, +7.828,+0.919
1705579080,+3.00,+15.597, +7.844,+0.920
1705579140,+3.00,+15.606, +7.835,+0.920
1705579200,+3.00,+15.589, +7.845,+0.920
1705579260,+3.00,+15.597, +7.839,+0.920
1705579320,+3.00,+15.606, +7.834,+0.920
1705579380,+3.00,+15.614, +7.832,+0.920
1705579440,+3.00,+15.632, +7.830,+0.920
1705579500,+3.00,+15.640, +7.831,+0.920
1705579560,+3.00,+15.623, +7.833,+0.919
1705579620,+3.00,+15.657, +7.828,+0.920
1705579680,+3.00,+15.632, +7.830,+0.919
1705579740,+3.00,+15.649, +7.826,+0.919
1705579800,+3.00,+15.632, +7.837,+0.919
1705579860,+3.00,+15.632, +7.836,+0.919
1705579920,+3.00,+15.666, +7.827,+0.919
1705579980,+3.00,+15.674, +7.829,+0.919
1705580040,+3.00,+15.657, +7.834,+0.919
1705580100,+3.00,+15.700, +7.828,+0.920
1705580160,+3.00,+15.683, +7.833,+0.920
1705580220,+3.00,+15.674, +7.831,+0.919
1705580280,+3.00,+15.691, +7.832,+0.920
1705580340,+3.00,+15.709, +7.822,+0.919
1705580400,+3.00,+15.700, +7.829,+0.920
1705580460,+3.00,+15.709, +7.833,+0.920
1705580520,+3.00,+15.717, +7.830,+0.920
1705580580,+3.00,+15.717, +7.831,+0.920
1705580640,+3.00,+15.717, +7.830,+0.920
1705580700,+3.00,+15.743, +7.825,+0.920
1705580760,+3.00,+15.726, +7.830,+0.920
1705580820,+3.01,+15.743, +7.825,+0.920
1705580880,+3.00,+15.734, +7.830,+0.920
1705580940,+3.01,+15.768, +7.823,+0.920
1705581000,+3.01,+15.768, +7.818,+0.920
1705581060,+3.01,+15.777, +7.819,+0.920
1705581120,+3.01,+15.760, +7.829,+0.920
1705581180,+3.01,+15.777, +7.819,+0.919
1705581240,+3.01,+15.794, +7.818,+0.920
1705581300,+3.01,+15.794, +7.820,+0.920
1705581360,+3.01,+15.777, +7.829,+0.920
1705581420,+3.01,+15.794, +7.823,+0.920
1705581480,+3.01,+15.803, +7.823,+0.920
1705581540,+3.01,+15.803, +7.823,+0.920
1705581600,+3.01,+15.811, +7.824,+0.920
1705581660,+3.01,+15.820, +7.820,+0.920
1705581720,+3.01,+15.820, +7.819,+0.920
1705581780,+3.01,+15.811, +7.820,+0.919
1705581840,+3.01,+15.837, +7.813,+0.920
1705581900,+3.01,+15.845, +7.815,+0.920
1705581960,+3.01,+15.845, +7.815,+0.920
1705582020,+3.01,+15.862, +7.812,+0.920
1705582080,+3.01,+15.854, +7.817,+0.920
1705582140,+3.01,+15.862, +7.818,+0.920
1705582200,+3.01,+15.862, +7.806,+0.919
1705582260,+3.01,+15.862, +7.817,+0.920
1705582320,+3.01,+15.888, +7.806,+0.919
1705582380,+3.01,+15.879, +7.812,+0.920
1705582440,+3.01,+15.888, +7.811,+0.920
1705582500,+3.01,+15.888, +7.813,+0.920
1705582560,+3.01,+15.905, +7.812,+0.920
1705582620,+3.01,+15.905, +7.806,+0.919
1705582680,+3.01,+15.905, +7.812,+0.920
1705582740,+3.01,+15.914, +7.817,+0.920
1705582800,+3.01,+15.914, +7.807,+0.919
1705582860,+3.01,+15.931, +7.805,+0.920
1705582920,+3.01,+15.922, +7.806,+0.920
1705582980,+3.01,+15.948, +7.806,+0.920
1705583040,+3.01,+15.948, +7.803,+0.919
1705583100,+3.01,+15.931, +7.808,+0.919
1705583160,+3.01,+15.956, +7.798,+0.919
1705583220,+3.01,+15.948, +7.810,+0.920
1705583280,+3.01,+15.948, +7.814,+0.920
1705583340,+3.01,+15.973, +7.802,+0.920
1705583400,+3.01,+15.965, +7.808,+0.920
1705583460,+3.01,+15.973, +7.801,+0.919
1705583520,+3.01,+15.990, +7.803,+0.920
1705583580,+3.01,+15.999, +7.792,+0.919
1705583640,+3.01,+15.965, +7.808,+0.920
1705583700,+3.01,+15.990, +7.810,+0.920
1705583760,+3.01,+15.999, +7.799,+0.919
1705583820,+3.01,+15.999, +7.812,+0.920
1705583880,+3.01,+16.025, +7.799,+0.920
1705583940,+3.01,+16.007, +7.804,+0.920
1705584000,+3.01,+16.025, +7.801,+0.920
1705584060,+3.01,+16.042, +7.793,+0.920
1705584120,+3.01,+16.025, +7.799,+0.920
1705584180,+3.01,+16.050, +7.799,+0.920
1705584240,+3.01,+16.050, +7.798,+0.920
1705584300,+3.01,+16.042, +7.792,+0.919
1705584360,+3.01,+16.076, +7.790,+0.920
1705584420,+3.01,+16.076, +7.791,+0.920
1705584480,+3.01,+16.050, +7.799,+0.920
1705584540,+3.01,+16.084, +7.796,+0.920
1705584600,+3.01,+16.067, +7.796,+0.920
1705584660,+3.01,+16.059, +7.794,+0.919
1705584720,+3.00,+16.084, +7.793,+0.920
1705584780,+3.01,+16.084, +7.800,+0.920
1705584840,+3.00,+16.101, +7.782,+0.919
1705584900,+3.01,+16.101, +7.800,+0.920
1705584960,+3.00,+16.101, +7.793,+0.920
1705585020,+3.00,+16.101, +7.794,+0.920
1705585080,+3.01,+16.101, +7.795,+0.920
1705585140,+3.00,+16.127, +7.786,+0.920
1705585200,+3.00,+16.135, +7.792,+0.920
1705585260,+3.00,+16.144, +7.784,+0.919
1705585320,+3.00,+16.127, +7.792,+0.920
1705585380,+3.00,+16.152, +7.785,+0.920
1705585440,+3.00,+16.135, +7.785,+0.919
1705585500,+3.00,+16.169, +7.783,+0.920
1705585560,+3.00,+16.152, +7.786,+0.920
1705585620,+3.00,+16.152, +7.794,+0.920
1705585680,+3.00,+16.161, +7.788,+0.920
1705585740,+3.00,+16.178, +7.786,+0.920
1705585800,+3.00,+16.169, +7.789,+0.920
1705585860,+3.00,+16.169, +7.787,+0.920
1705585920,+3.00,+16.187, +7.784,+0.920
1705585980,+3.00,+16.187, +7.790,+0.920
1705586040,+3.00,+16.212, +7.779,+0.920
1705586100,+3.00,+16.204, +7.778,+0.920
1705586160,+3.00,+16.204, +7.782,+0.920
1705586220,+3.00,+16.212, +7.782,+0.920
1705586280,+3.00,+16.229, +7.778,+0.920
1705586340,+3.00,+16.229, +7.776,+0.919
1705586400,+3.00,+16.238, +7.772,+0.919
1705586460,+3.00,+16.238, +7.777,+0.920
1705586520,+3.00,+16.229, +7.781,+0.920
1705586580,+3.00,+16.229, +7.776,+0.919
1705586640,+3.00,+16.255, +7.780,+0.920
1705586700,+3.00,+16.255, +7.775,+0.920
1705586760,+3.00,+16.263, +7.777,+0.920
1705586820,+3.00,+16.272, +7.771,+0.920
1705586880,+3.00,+16.263, +7.775,+0.920
1705586940,+3.00,+16.263, +7.783,+0.920
1705587000,+3.00,+16.280, +7.766,+0.919
1705587060,+3.00,+16.289, +7.772,+0.920
1705587120,+3.00,+16.306, +7.763,+0.919
1705587180,+3.00,+16.272, +7.778,+0.920
1705587240,+3.00,+16.297, +7.776,+0.920
1705587300,+3.00,+16.289, +7.778,+0.920
1705587360,+3.00,+16.323, +7.772,+0.920
1705587420,+3.00,+16.289, +7.778,+0.920
1705587480,+3.00,+16.331, +7.761,+0.919
1705587540,+3.00,+16.331, +7.773,+0.920
1705587600,+3.00,+16.323, +7.763,+0.919
1705587660,+3.00,+16.348, +7.762,+0.920
1705587720,+3.00,+16.340, +7.768,+0.920
1705587780,+3.00,+16.357, +7.764,+0.920
1705587840,+3.00,+16.340, +7.769,+0.920
1705587900,+3.00,+16.340, +7.770,+0.920
1705587960,+3.00,+16.340, +7.775,+0.920
1705588020,+3.00,+16.365, +7.765,+0.920
1705588080,+3.00,+16.365, +7.770,+0.920
1705588140,+3.00,+16.374, +7.766,+0.920
1705588200,+3.00,+16.399, +7.755,+0.919
1705588260,+3.00,+16.399, +7.765,+0.920
1705588320,+3.00,+16.399, +7.755,+0.919
1705588380,+3.00,+16.391, +7.766,+0.920
1705588440,+3.00,+16.399, +7.768,+0.920
1705588500,+3.00,+16.408, +7.760,+0.920
1705588560,+3.00,+16.425, +7.757,+0.920
1705588620,+3.00,+16.416, +7.762,+0.920
1705588680,+3.00,+16.433, +7.756,+0.919
1705588740,+3.00,+16.433, +7.757,+0.920
1705588800,+3.00,+16.450, +7.749,+0.919
1705588860,+3.00,+16.450, +7.751,+0.919
1705588920,+3.00,+16.459, +7.749,+0.919
1705588980,+3.00,+16.442, +7.759,+0.920
1705589040,+3.00,+16.459, +7.752,+0.920
1705589100,+3.00,+16.459, +7.756,+0.920
1705589160,+3.00,+16.459, +7.757,+0.920
1705589220,+3.00,+16.467, +7.749,+0.919
1705589280,+3.00,+16.476, +7.757,+0.920
1705589340,+3.00,+16.476, +7.751,+0.920
1705589400,+3.00,+16.476, +7.752,+0.919
1705589460,+3.00,+16.484, +7.757,+0.920
1705589520,+3.00,+16.501, +7.751,+0.920
1705589580,+3.00,+16.501, +7.755,+0.920
1705589640,+3.00,+16.493, +7.757,+0.920
1705589700,+3.00,+16.510, +7.748,+0.920
1705589760,+3.00,+16.527, +7.750,+0.920
1705589820,+3.00,+16.527, +7.750,+0.920
1705589880,+3.00,+16.527, +7.753,+0.920
1705589940,+3.00,+16.535, +7.748,+0.920
1705590000,+3.00,+16.544, +7.744,+0.920
1705590060,+3.00,+16.561, +7.742,+0.920
1705590120,+3.00,+16.544, +7.751,+0.920
1705590180,+3.00,+16.535, +7.751,+0.920
1705590240,+3.00,+16.561, +7.749,+0.920
1705590300,+3.00,+16.561, +7.741,+0.919
1705590360,+3.00,+16.569, +7.747,+0.920
1705590420,+3.00,+16.561, +7.753,+0.920
1705590480,+3.00,+16.578, +7.739,+0.919
1705590540,+3.00,+16.586, +7.750,+0.920
1705590600,+3.00,+16.569, +7.751,+0.920
1705590660,+3.00,+16.595, +7.744,+0.919
1705590720,+3.00,+16.612, +7.740,+0.920
1705590780,+3.00,+16.603, +7.741,+0.919
1705590840,+3.00,+16.595, +7.750,+0.920
1705590900,+3.00,+16.612, +7.744,+0.920
1705590960,+3.00,+16.620, +7.745,+0.920
1705591020,+3.00,+16.612, +7.748,+0.920
1705591080,+3.00,+16.629, +7.739,+0.919
1705591140,+3.00,+16.629, +7.741,+0.920
1705591200,+3.00,+16.620, +7.743,+0.919
1705591260,+3.00,+16.620, +7.747,+0.920
1705591320,+3.00,+16.637, +7.741,+0.920
1705591380,+3.00,+16.646, +7.734,+0.919
1705591440,+3.00,+16.654, +7.736,+0.920
1705591500,+3.00,+16.646, +7.748,+0.920
1705591560,+3.00,+16.654, +7.738,+0.919
1705591620,+3.00,+16.663, +7.738,+0.920
1705591680,+3.00,+16.671, +7.743,+0.920
1705591740,+3.00,+16.680, +7.739,+0.920
1705591800,+3.00,+16.671, +7.738,+0.919
1705591860,+3.00,+16.688, +7.737,+0.920
1705591920,+3.00,+16.697, +7.732,+0.920
1705591980,+3.00,+16.671, +7.737,+0.919
1705592040,+3.00,+16.688, +7.737,+0.920
1705592100,+3.00,+16.705, +7.732,+0.920
1705592160,+3.00,+16.714, +7.731,+0.920
1705592220,+3.00,+16.714, +7.733,+0.920
1705592280,+3.00,+16.705, +7.740,+0.920
1705592340,+3.00,+16.705, +7.738,+0.920
1705592400,+3.00,+16.705, +7.739,+0.920
1705592460,+3.00,+16.714, +7.739,+0.920
1705592520,+3.00,+16.714, +7.739,+0.920
1705592580,+3.00,+16.739, +7.734,+0.920
1705592640,+3.00,+16.739, +7.731,+0.920
1705592700,+3.00,+16.748, +7.729,+0.920
1705592760,+3.00,+16.748, +7.732,+0.920
1705592820,+3.00,+16.748, +7.733,+0.920
1705592880,+3.00,+16.782, +7.729,+0.920
1705592940,+3.00,+16.765, +7.733,+0.920
1705593000,+3.00,+16.773, +7.732,+0.920
1705593060,+3.00,+16.773, +7.721,+0.919
1705593120,+3.00,+16.773, +7.726,+0.920
1705593180,+3.00,+16.790, +7.712,+0.919
1705593240,+3.00,+16.782, +7.722,+0.920
1705593300,+3.00,+16.782, +7.719,+0.919
1705593360,+3.00,+16.782, +7.729,+0.920
1705593420,+3.00,+16.799, +7.725,+0.920
1705593480,+3.00,+16.807, +7.716,+0.919
1705593540,+3.00,+16.816, +7.724,+0.920
1705593600,+3.00,+16.824, +7.718,+0.920
1705593660,+3.00,+16.807, +7.720,+0.919
1705593720,+3.00,+16.816, +7.726,+0.920
1705593780,+3.00,+16.824, +7.720,+0.920
1705593840,+3.00,+16.841, +7.718,+0.920
1705593900,+3.00,+16.850, +7.716,+0.920
1705593960,+3.00,+16.841, +7.724,+0.920
1705594020,+3.00,+16.858, +7.721,+0.920
1705594080,+3.00,+16.841, +7.724,+0.920
1705594140,+3.00,+16.858, +7.712,+0.920
1705594200,+3.01,+16.875, +7.715,+0.920
1705594260,+3.00,+16.867, +7.702,+0.919
1705594320,+3.00,+16.875, +7.714,+0.920
1705594380,+3.00,+16.884, +7.715,+0.920
1705594440,+3.00,+16.892, +7.711,+0.920
1705594500,+3.00,+16.867, +7.717,+0.920
1705594560,+3.00,+16.867, +7.725,+0.920
1705594620,+3.00,+16.884, +7.717,+0.920
1705594680,+3.00,+16.901, +7.710,+0.920
1705594740,+3.00,+16.909, +7.713,+0.920
1705594800,+3.01,+16.901, +7.717,+0.920
1705594860,+3.00,+16.909, +7.713,+0.920
1705594920,+3.00,+16.892, +7.717,+0.920
1705594980,+3.00,+16.926, +7.716,+0.920
1705595040,+3.00,+16.926, +7.711,+0.920
1705595100,+3.00,+16.934, +7.714,+0.920
1705595160,+3.00,+16.951, +7.704,+0.920
1705595220,+3.00,+16.960, +7.703,+0.920
1705595280,+3.00,+16.943, +7.708,+0.920
1705595340,+3.00,+16.934, +7.712,+0.920
1705595400,+3.00,+16.951, +7.708,+0.920
1705595460,+3.01,+16.960, +7.702,+0.920
1705595520,+3.00,+16.977, +7.703,+0.920
1705595580,+3.00,+16.968, +7.715,+0.920
1705595640,+3.00,+16.977, +7.706,+0.920
1705595700,+3.00,+16.968, +7.709,+0.920
1705595760,+3.00,+16.977, +7.706,+0.920
1705595820,+3.00,+16.951, +7.720,+0.920
1705595880,+3.00,+16.985, +7.705,+0.920
1705595940,+3.00,+17.011, +7.704,+0.920
1705596000,+3.00,+17.011, +7.706,+0.920
1705596060,+3.00,+17.002, +7.707,+0.920
1705596120,+3.00,+17.011, +7.699,+0.919
1705596180,+3.00,+17.011, +7.699,+0.919
1705596240,+3.00,+17.011, +7.705,+0.920
1705596300,+3.00,+17.028, +7.701,+0.920
1705596360,+3.00,+17.028, +7.706,+0.920
1705596420,+3.00,+17.019, +7.700,+0.920
1705596480,+3.00,+17.036, +7.699,+0.920
1705596540,+3.00,+17.045, +7.702,+0.920
1705596600,+3.00,+17.053, +7.693,+0.920
1705596660,+3.00,+17.045, +7.696,+0.919
1705596720,+3.00,+17.062, +7.696,+0.920
1705596780,+3.00,+17.062, +7.695,+0.920
1705596840,+3.00,+17.079, +7.696,+0.920
1705596900,+3.00,+17.079, +7.690,+0.919
1705596960,+3.00,+17.062, +7.701,+0.920
1705597020,+3.00,+17.079, +7.697,+0.920
1705597080,+3.00,+17.087, +7.691,+0.920
1705597140,+3.00,+17.070, +7.707,+0.920
1705597200,+3.00,+17.104, +7.693,+0.920
1705597260,+3.00,+17.129, +7.688,+0.920
1705597320,+3.00,+17.096, +7.697,+0.920
1705597380,+3.00,+17.104, +7.698,+0.920
1705597440,+3.00,+17.121, +7.695,+0.920
1705597500,+3.00,+17.112, +7.693,+0.920
1705597560,+3.00,+17.104, +7.698,+0.920
1705597620,+3.00,+17.129, +7.692,+0.920
1705597680,+3.00,+17.146, +7.693,+0.920
1705597740,+3.00,+17.129, +7.689,+0.920
1705597800,+3.00,+17.138, +7.690,+0.920
1705597860,+3.00,+17.146, +7.687,+0.919
1705597920,+3.00,+17.138, +7.695,+0.920
1705597980,+3.00,+17.138, +7.696,+0.920
1705598040,+3.00,+17.172, +7.679,+0.919
1705598100,+3.00,+17.155, +7.688,+0.920
1705598160,+3.00,+17.155, +7.688,+0.920
1705598220,+3.00,+17.180, +7.691,+0.920
1705598280,+3.00,+17.189, +7.679,+0.920
1705598340,+3.00,+17.197, +7.682,+0.920
1705598400,+3.00,+17.163, +7.696,+0.920
1705598460,+3.00,+17.180, +7.689,+0.920
1705598520,+3.00,+17.189, +7.684,+0.919
1705598580,+3.00,+17.180, +7.685,+0.920
1705598640,+3.00,+17.189, +7.685,+0.920
1705598700,+3.00,+17.189, +7.685,+0.920
1705598760,+3.00,+17.206, +7.688,+0.920
1705598820,+3.00,+17.206, +7.686,+0.920
1705598880,+3.00,+17.223, +7.675,+0.920
1705598940,+3.00,+17.223, +7.680,+0.920
1705599000,+3.00,+17.223, +7.679,+0.920
1705599060,+3.00,+17.214, +7.687,+0.920
1705599120,+3.00,+17.239, +7.683,+0.920
1705599180,+3.00,+17.214, +7.680,+0.919
1705599240,+3.00,+17.248, +7.677,+0.920
1705599300,+3.00,+17.256, +7.674,+0.920
1705599360,+3.00,+17.239, +7.680,+0.920
1705599420,+3.00,+17.265, +7.675,+0.920
1705599480,+3.00,+17.248, +7.687,+0.920
1705599540,+3.00,+17.256, +7.674,+0.920
1705599600,+3.00,+17.265, +7.679,+0.920
1705599660,+3.00,+17.265, +7.681,+0.920
1705599720,+3.00,+17.256, +7.681,+0.920
1705599780,+3.00,+17.265, +7.682,+0.920
1705599840,+3.00,+17.273, +7.669,+0.919
1705599900,+3.00,+17.282, +7.680,+0.920
1705599960,+3.00,+17.282, +7.681,+0.920
1705600020,+3.00,+17.290, +7.675,+0.920
1705600080,+3.00,+17.290, +7.681,+0.920
1705600140,+3.00,+17.299, +7.674,+0.920
1705600200,+3.00,+17.316, +7.677,+0.920
1705600260,+3.00,+17.307, +7.672,+0.920
1705600320,+3.00,+17.307, +7.679,+0.920
1705600380,+3.00,+17.341, +7.664,+0.920
1705600440,+3.00,+17.299, +7.679,+0.920
1705600500,+3.00,+17.316, +7.670,+0.920
1705600560,+3.00,+17.324, +7.672,+0.920
1705600620,+3.00,+17.333, +7.673,+0.920
1705600680,+3.00,+17.324, +7.668,+0.920
1705600740,+3.00,+17.341, +7.668,+0.920
1705600800,+3.00,+17.333, +7.677,+0.920
1705600860,+3.00,+17.358, +7.663,+0.920
1705600920,+3.00,+17.349, +7.671,+0.920
1705600980,+3.00,+17.358, +7.663,+0.920
1705601040,+3.00,+17.366, +7.668,+0.920
1705601100,+3.00,+17.358, +7.661,+0.919
1705601160,+3.00,+17.358, +7.667,+0.920
1705601220,+3.00,+17.366, +7.667,+0.920
1705601280,+3.00,+17.392, +7.666,+0.920
1705601340,+3.00,+17.383, +7.664,+0.920
1705601400,+3.00,+17.400, +7.652,+0.919
1705601460,+3.00,+17.375, +7.677,+0.921
1705601520,+3.00,+17.409, +7.658,+0.920
1705601580,+3.00,+17.400, +7.663,+0.920
1705601640,+3.00,+17.409, +7.666,+0.920
1705601700,+3.00,+17.409, +7.654,+0.919
1705601760,+3.00,+17.409, +7.661,+0.920
1705601820,+3.00,+17.434, +7.654,+0.920
1705601880,+3.00,+17.409, +7.662,+0.920
1705601940,+3.00,+17.426, +7.662,+0.920
1705602000,+3.00,+17.409, +7.660,+0.920
1705602060,+3.00,+17.443, +7.650,+0.920
1705602120,+3.00,+17.434, +7.656,+0.920
1705602180,+3.00,+17.434, +7.655,+0.920
1705602240,+3.00,+17.443, +7.651,+0.920
1705602300,+3.00,+17.451, +7.653,+0.920
1705602360,+3.00,+17.451, +7.655,+0.920
1705602420,+3.00,+17.459, +7.654,+0.920
1705602480,+3.00,+17.459, +7.657,+0.920
1705602540,+3.00,+17.476, +7.652,+0.920
1705602600,+3.00,+17.468, +7.656,+0.920
1705602660,+3.00,+17.468, +7.652,+0.920
1705602720,+3.00,+17.476, +7.667,+0.920
1705602780,+3.00,+17.485, +7.632,+0.920
1705602840,+3.00,+17.451, +7.916,+0.919
1705602900,+3.00,+17.485, +7.957,+0.918
1705602960,+3.00,+17.485, +7.951,+0.917
1705603020,+3.00,+17.502, +7.839,+0.916
1705603080,+3.00,+17.519, +7.575,+0.914
1705603140,+3.00,+17.527, +7.091,+0.907
1705603200,+3.00,+17.561, +6.337,+0.893
1705603260,+3.00,+17.561, +5.295,+0.871
1705603320,+3.00,+17.561, +4.203,+0.846
1705603380,+3.00,+17.586, +3.304,+0.825
1705603440,+3.00,+17.561, +2.666,+0.814
1705603500,+3.00,+17.578, +2.210,+0.810
1705603560,+3.00,+17.578, +1.887,+0.810
1705603620,+3.00,+17.595, +1.652,+0.814
1705603680,+3.00,+17.612, +1.460,+0.819
1705603740,+3.00,+17.595, +1.296,+0.825
1705603800,+3.00,+17.586, +1.154,+0.830
1705603860,+3.00,+17.603, +1.025,+0.836
1705603920,+3.00,+17.595, +0.912,+0.841
1705603980,+3.00,+17.603, +0.815,+0.847
1705604040,+3.00,+17.612, +0.734,+0.852
1705604100,+3.00,+17.620, +0.666,+0.857
1705604160,+3.00,+17.620, +0.607,+0.862
1705604220,+3.00,+17.620, +0.554,+0.866
1705604280,+3.00,+17.612, +0.508,+0.870
1705604340,+3.00,+17.612, +0.466,+0.874
1705604400,+3.00,+17.612, +0.427,+0.878
1705604460,+3.00,+17.612, +0.393,+0.881
1705604520,+3.00,+17.620, +0.364,+0.883
1705604580,+3.00,+17.612, +0.337,+0.886
1705604640,+3.00,+17.628, +0.314,+0.888
1705604700,+3.00,+17.620, +0.293,+0.890
1705604760,+3.00,+17.628, +0.273,+0.892
1705604820,+3.00,+17.645, +0.256,+0.894
1705604880,+3.00,+17.620, +0.241,+0.895
1705604940,+3.00,+17.645, +0.226,+0.896
1705605000,+3.00,+17.628, +0.214,+0.898
1705605060,+3.00,+17.645, +0.201,+0.898
1705605120,+3.00,+17.628, +0.191,+0.899
1705605180,+3.00,+17.645, +0.180,+0.900
1705605240,+3.00,+17.654, +0.171,+0.901
1705605300,+3.00,+17.637, +0.163,+0.902
1705605360,+3.00,+17.637, +0.155,+0.902
1705605420,+3.00,+17.637, +0.147,+0.902
1705605480,+3.00,+17.645, +0.140,+0.903
1705605540,+3.00,+17.645, +0.135,+0.903
1705605600,+3.00,+17.662, +0.128,+0.904
1705605660,+3.00,+17.637, +0.123,+0.904
1705605720,+3.00,+17.645, +0.118,+0.904
1705605780,+3.00,+17.671, +0.113,+0.905
1705605840,+3.00,+17.662, +0.110,+0.905
1705605900,+3.00,+17.645, +0.106,+0.905
1705605960,+3.00,+17.654, +0.103,+0.905
1705606020,+3.00,+17.654, +0.100,+0.905
1705606080,+3.00,+17.645, +0.098,+0.905
1705606140,+3.00,+17.671, +0.096,+0.905
1705606200,+3.00,+17.662, +0.094,+0.905
1705606260,+3.00,+17.679, +0.093,+0.905
1705606320,+3.00,+17.662, +0.091,+0.905
1705606380,+3.00,+17.662, +0.089,+0.905
1705606440,+3.00,+17.671, +0.088,+0.905
1705606500,+3.00,+17.688, +0.087,+0.905
1705606560,+3.00,+17.679, +0.087,+0.905
1705606620,+3.00,+17.679, +0.086,+0.905
1705606680,+3.00,+17.671, +0.086,+0.906
1705606740,+3.00,+17.679, +0.085,+0.905
1705606800,+3.00,+17.679, +0.084,+0.906
1705606860,+3.00,+17.688, +0.084,+0.906
1705606920,+3.00,+17.671, +0.084,+0.906
1705606980,+3.00,+17.696, +0.083,+0.906
1705607040,+3.00,+17.679, +0.083,+0.906
1705607100,+3.00,+17.704, +0.083,+0.906
1705607160,+3.00,+17.704, +0.083,+0.906
1705607220,+3.00,+17.713, +0.083,+0.906
1705607280,+3.00,+17.696, +0.083,+0.906
1705607340,+3.00,+17.721, +0.083,+0.906
1705607400,+3.00,+17.713, +0.083,+0.906
1705607460,+3.00,+17.713, +0.082,+0.906
1705607520,+3.00,+17.713, +0.084,+0.906
1705607580,+3.00,+17.721, +0.083,+0.906
1705607640,+3.00,+17.713, +0.083,+0.906
1705607700,+3.00,+17.738, +0.083,+0.906
1705607760,+3.00,+17.730, +0.083,+0.906
1705607820,+3.00,+17.738, +0.082,+0.906
1705607880,+3.00,+17.747, +0.083,+0.906
1705607940,+3.00,+17.755, +0.083,+0.906
1705608000,+3.00,+17.764, +0.082,+0.906
1705608060,+3.00,+17.755, +0.083,+0.906
1705608120,+3.00,+17.747, +0.082,+0.906
1705608180,+3.00,+17.764, +0.083,+0.906
1705608240,+3.00,+17.789, +0.083,+0.906
1705608300,+3.00,+17.789, +0.082,+0.906
1705608360,+3.00,+17.806, +0.083,+0.906
1705608420,+3.00,+17.780, +0.083,+0.906
1705608480,+3.00,+17.797, +0.083,+0.906
1705608540,+3.00,+17.797, +0.083,+0.906
1705608600,+3.00,+17.814, +0.082,+0.906
1705608660,+3.00,+17.823, +0.082,+0.906
1705608720,+3.00,+17.814, +0.082,+0.906
1705608780,+3.00,+17.831, +0.082,+0.906
1705608840,+3.00,+17.840, +0.083,+0.906
1705608900,+3.00,+17.831, +0.082,+0.906
1705608960,+3.00,+17.848, +0.083,+0.907
1705609020,+3.00,+17.840, +0.083,+0.907
1705609080,+3.00,+17.831, +0.083,+0.907
1705609140,+3.00,+17.848, +0.082,+0.907
1705609200,+3.00,+17.882, +0.083,+0.907
1705609260,+3.00,+17.848, +0.083,+0.907
1705609320,+3.00,+17.873, +0.082,+0.907
1705609380,+3.00,+17.899, +0.083,+0.907
1705609440,+3.00,+17.890, +0.083,+0.907
1705609500,+3.00,+17.915, +0.083,+0.907
1705609560,+3.00,+17.924, +0.083,+0.907
1705609620,+3.00,+17.924, +0.083,+0.907
1705609680,+3.00,+17.924, +0.083,+0.907
1705609740,+3.00,+17.958, +0.083,+0.907
1705609800,+3.00,+17.958, +0.082,+0.907
1705609860,+3.00,+17.949, +0.083,+0.907
1705609920,+3.00,+17.949, +0.082,+0.907
1705609980,+3.00,+17.958, +0.083,+0.907
1705610040,+3.00,+17.949, +0.082,+0.907
1705610100,+3.00,+17.974, +0.083,+0.907
1705610160,+3.00,+17.983, +0.082,+0.907
1705610220,+3.00,+17.966, +0.083,+0.907
1705610280,+3.00,+17.991, +0.082,+0.907
1705610340,+3.00,+18.000, +0.082,+0.907
1705610400,+3.00,+17.991, +0.083,+0.907
1705610460,+3.00,+18.008, +0.083,+0.907
1705610520,+3.00,+18.025, +0.082,+0.907
1705610580,+3.00,+17.932, +7.268,+0.915
1705610640,+3.00,+17.789, +7.551,+0.917
1705610700,+3.00,+19.488, +7.313,+0.917
1705610760,+3.00,+19.530, +7.303,+0.919
