7450-162475
OS REV: 1.05 Sensor Cal: 1621536236
Time (sec),  BV (Volts),  T (deg C),  DO (mg/l),  Q ()
1718390640,+3.32,+22.792, +7.272,+0.930
1718390700,+3.32,+22.784, +7.272,+0.930
1718390760,+3.32,+22.800, +7.276,+0.930
1718390820,+3.32,+22.792, +7.273,+0.930
1718390880,+3.32,+22.809, +7.262,+0.930
1718390940,+3.32,+22.826, +7.263,+0.930
1718391000,+3.32,+22.809, +7.268,+0.930
1718391060,+3.32,+22.809, +7.266,+0.930
1718391120,+3.32,+22.817, +7.273,+0.931
1718391180,+3.32,+22.826, +7.258,+0.929
1718391240,+3.32,+22.817, +7.267,+0.930
1718391300,+3.32,+22.817, +7.263,+0.930
1718391360,+3.32,+22.817, +7.263,+0.930
1718391420,+3.32,+22.826, +7.260,+0.930
1718391480,+3.32,+22.826, +7.267,+0.930
1718391540,+3.32,+22.842, +7.265,+0.930
1718391600,+3.32,+22.834, +7.264,+0.930
1718391660,+3.32,+22.842, +7.257,+0.930
1718391720,+3.32,+22.826, +7.267,+0.930
1718391780,+3.32,+22.817, +7.266,+0.930
1718391840,+3.32,+22.842, +7.266,+0.930
1718391900,+3.32,+22.842, +7.262,+0.930
1718391960,+3.32,+22.834, +7.269,+0.930
1718392020,+3.32,+22.842, +7.265,+0.930
1718392080,+3.32,+22.851, +7.261,+0.930
1718392140,+3.32,+22.859, +7.264,+0.930
1718392200,+3.32,+22.851, +7.260,+0.930
1718392260,+3.32,+22.851, +7.265,+0.930
1718392320,+3.32,+22.834, +7.268,+0.930
1718392380,+3.32,+22.851, +7.265,+0.930
1718392440,+3.32,+22.859, +7.261,+0.930
1718392500,+3.32,+22.859, +7.253,+0.930
1718392560,+3.32,+22.859, +7.257,+0.930
1718392620,+3.32,+22.867, +7.256,+0.930
1718392680,+3.32,+22.859, +7.268,+0.931
1718392740,+3.32,+22.867, +7.262,+0.931
1718392800,+3.32,+22.867, +7.261,+0.930
1718392860,+3.32,+22.876, +7.259,+0.930
1718392920,+3.32,+22.859, +7.262,+0.930
1718392980,+3.32,+22.867, +7.257,+0.930
1718393040,+3.32,+22.876, +7.257,+0.930
1718393100,+3.32,+22.867, +7.262,+0.930
1718393160,+3.32,+22.892, +7.253,+0.930
1718393220,+3.32,+22.876, +7.262,+0.930
1718393280,+3.32,+22.892, +7.260,+0.930
1718393340,+3.32,+22.876, +7.267,+0.931
1718393400,+3.32,+22.876, +7.267,+0.930
1718393460,+3.32,+22.876, +7.261,+0.930
1718393520,+3.32,+22.876, +7.253,+0.930
1718393580,+3.32,+22.884, +7.261,+0.930
1718393640,+3.32,+22.884, +7.258,+0.930
1718393700,+3.32,+22.876, +7.259,+0.930
1718393760,+3.32,+22.884, +7.252,+0.930
1718393820,+3.32,+22.892, +7.264,+0.930
1718393880,+3.32,+22.876, +7.256,+0.930
1718393940,+3.32,+22.884, +7.251,+0.930
1718394000,+3.32,+22.884, +7.258,+0.930
1718394060,+3.32,+22.892, +7.245,+0.930
1718394120,+3.32,+22.884, +7.267,+0.931
1718394180,+3.32,+22.876, +7.256,+0.930
1718394240,+3.32,+22.884, +7.249,+0.930
1718394300,+3.32,+22.876, +7.268,+0.931
1718394360,+3.32,+22.892, +7.252,+0.930
1718394420,+3.32,+22.892, +7.253,+0.930
1718394480,+3.32,+22.859, +7.273,+0.931
1718394540,+3.32,+22.892, +7.259,+0.930
1718394600,+3.32,+22.892, +7.248,+0.930
1718394660,+3.32,+22.876, +7.261,+0.930
1718394720,+3.32,+22.867, +7.262,+0.930
1718394780,+3.32,+22.876, +7.259,+0.930
1718394840,+3.32,+22.909, +7.257,+0.930
1718394900,+3.32,+22.918, +7.250,+0.930
1718394960,+3.32,+22.959, +7.250,+0.930
1718395020,+3.32,+22.984, +7.244,+0.930
1718395080,+3.32,+23.010, +7.244,+0.930
1718395140,+3.32,+22.993, +7.243,+0.930
1718395200,+3.32,+22.993, +7.247,+0.930
1718395260,+3.32,+22.984, +7.263,+0.930
1718395320,+3.32,+23.001, +7.267,+0.929
1718395380,+3.32,+23.001, +7.277,+0.930
1718395440,+3.32,+23.026, +7.236,+0.932
1718395500,+3.32,+23.261, +7.212,+0.929
1718395560,+3.32,+17.628, +7.307,+0.912
1718395620,+3.33,+13.082, +8.633,+0.911
1718395680,+3.33, +9.809, +9.486,+0.911
1718395740,+3.34, +7.785,+10.052,+0.912
1718395800,+3.34, +6.731,+10.854,+0.915
1718395860,+3.34, +5.923,+10.892,+0.914
1718395920,+3.34, +5.321,+11.225,+0.916
1718395980,+3.33, +4.963,+11.317,+0.916
1718396040,+3.34, +4.722,+11.398,+0.916
1718396100,+3.34, +4.541,+11.497,+0.917
1718396160,+3.34, +4.340,+11.565,+0.918
1718396220,+3.34, +4.117,+11.629,+0.918
1718396280,+3.33, +3.893,+11.646,+0.919
1718396340,+3.33, +3.841,+11.697,+0.919
1718396400,+3.33, +3.770,+11.491,+0.918
1718396460,+3.33, +3.637,+11.610,+0.919
1718396520,+3.33, +3.647,+11.634,+0.919
1718396580,+3.33, +3.585,+11.651,+0.921
1718396640,+3.33, +3.421,+11.614,+0.920
1718396700,+3.33, +3.400,+11.683,+0.920
1718396760,+3.33, +3.462,+11.685,+0.920
1718396820,+3.33, +3.452,+11.699,+0.921
1718396880,+3.33, +3.483,+11.709,+0.921
1718396940,+3.33, +3.472,+11.705,+0.921
1718397000,+3.33, +3.483,+11.712,+0.921
1718397060,+3.33, +3.483,+11.721,+0.922
1718397120,+3.33, +3.514,+11.702,+0.921
1718397180,+3.33, +3.534,+11.683,+0.921
1718397240,+3.33, +3.534,+11.701,+0.921
1718397300,+3.33, +3.555,+11.700,+0.921
1718397360,+3.33, +3.544,+11.721,+0.922
1718397420,+3.33, +3.627,+11.696,+0.922
1718397480,+3.33, +3.637,+11.703,+0.922
1718397540,+3.33, +3.688,+11.698,+0.922
1718397600,+3.33, +3.719,+11.688,+0.922
1718397660,+3.33, +3.719,+11.694,+0.922
1718397720,+3.33, +3.760,+11.681,+0.922
1718397780,+3.33, +3.760,+11.690,+0.923
1718397840,+3.33, +3.780,+11.679,+0.922
1718397900,+3.33, +3.821,+11.664,+0.922
1718397960,+3.33, +3.872,+11.649,+0.923
1718398020,+3.33, +3.903,+11.637,+0.922
1718398080,+3.34, +3.974,+11.626,+0.923
1718398140,+3.34, +4.015,+11.607,+0.923
1718398200,+3.34, +4.045,+11.594,+0.923
1718398260,+3.34, +4.066,+11.583,+0.922
1718398320,+3.34, +4.096,+11.573,+0.923
1718398380,+3.34, +4.117,+11.579,+0.923
1718398440,+3.34, +4.137,+11.569,+0.923
1718398500,+3.34, +4.147,+11.570,+0.923
1718398560,+3.34, +4.167,+11.570,+0.923
1718398620,+3.34, +4.177,+11.573,+0.923
1718398680,+3.34, +4.177,+11.575,+0.923
1718398740,+3.34, +4.188,+11.561,+0.923
1718398800,+3.34, +4.228,+11.554,+0.923
1718398860,+3.34, +4.208,+11.564,+0.923
1718398920,+3.34, +4.228,+11.558,+0.923
1718398980,+3.34, +4.238,+11.545,+0.923
1718399040,+3.34, +4.238,+11.545,+0.923
1718399100,+3.34, +4.238,+11.547,+0.923
1718399160,+3.34, +4.248,+11.524,+0.923
1718399220,+3.34, +4.228,+11.602,+0.923
1718399280,+3.34, +4.431,+11.262,+0.923
1718399340,+3.33, +4.471,+10.781,+0.923
1718399400,+3.33, +4.501,+10.227,+0.923
1718399460,+3.33, +4.511, +9.636,+0.923
1718399520,+3.33, +4.531, +9.023,+0.922
1718399580,+3.33, +4.541, +8.390,+0.921
1718399640,+3.33, +4.552, +7.746,+0.920
1718399700,+3.33, +4.582, +7.068,+0.919
1718399760,+3.33, +4.582, +6.397,+0.918
1718399820,+3.33, +4.592, +5.722,+0.916
1718399880,+3.33, +4.602, +5.093,+0.914
1718399940,+3.33, +4.582, +4.525,+0.912
1718400000,+3.33, +4.592, +4.005,+0.910
1718400060,+3.33, +4.592, +3.520,+0.908
1718400120,+3.33, +4.602, +3.062,+0.907
1718400180,+3.33, +4.592, +2.634,+0.906
1718400240,+3.33, +4.612, +2.224,+0.905
1718400300,+3.33, +4.592, +1.844,+0.905
1718400360,+3.33, +4.602, +1.492,+0.905
1718400420,+3.33, +4.612, +1.173,+0.905
1718400480,+3.33, +4.622, +0.890,+0.905
1718400540,+3.33, +4.612, +0.642,+0.905
1718400600,+3.33, +4.622, +0.430,+0.904
1718400660,+3.33, +4.622, +0.266,+0.903
1718400720,+3.33, +4.612, +0.164,+0.902
1718400780,+3.33, +4.622, +0.129,+0.902
1718400840,+3.33, +4.622, +0.116,+0.902
1718400900,+3.33, +4.642, +0.109,+0.902
1718400960,+3.33, +4.632, +0.104,+0.902
1718401020,+3.33, +4.642, +0.101,+0.902
1718401080,+3.33, +4.612, +0.099,+0.902
1718401140,+3.33, +4.632, +0.095,+0.902
1718401200,+3.33, +4.622, +0.093,+0.902
1718401260,+3.33, +4.632, +0.092,+0.902
1718401320,+3.33, +4.642, +0.090,+0.902
1718401380,+3.33, +4.632, +0.089,+0.902
1718401440,+3.33, +4.622, +0.088,+0.902
1718401500,+3.33, +4.652, +0.086,+0.902
1718401560,+3.33, +4.632, +0.087,+0.902
1718401620,+3.33, +4.642, +0.086,+0.902
1718401680,+3.33, +4.642, +0.084,+0.902
1718401740,+3.33, +4.652, +0.084,+0.902
1718401800,+3.33, +4.642, +0.083,+0.902
1718401860,+3.33, +4.642, +0.082,+0.902
1718401920,+3.33, +4.652, +0.082,+0.902
1718401980,+3.33, +4.662, +0.081,+0.902
1718402040,+3.33, +4.672, +0.080,+0.902
1718402100,+3.33, +4.652, +0.080,+0.902
1718402160,+3.33, +4.692, +0.079,+0.902
1718402220,+3.33, +4.682, +0.080,+0.902
1718402280,+3.33, +4.682, +0.079,+0.902
1718402340,+3.33, +4.682, +0.079,+0.902
1718402400,+3.33, +4.682, +0.078,+0.902
1718402460,+3.33, +4.702, +0.078,+0.902
1718402520,+3.33, +4.702, +0.078,+0.902
1718402580,+3.33, +4.712, +0.078,+0.902
1718402640,+3.33, +4.743, +0.078,+0.902
1718402700,+3.33, +4.712, +0.078,+0.902
1718402760,+3.33, +4.753, +0.077,+0.902
1718402820,+3.33, +4.743, +0.076,+0.902
1718402880,+3.33, +4.763, +0.077,+0.902
1718402940,+3.33, +4.793, +0.076,+0.902
1718403000,+3.33, +4.783, +0.076,+0.902
1718403060,+3.33, +4.803, +0.075,+0.902
1718403120,+3.33, +4.833, +0.076,+0.902
1718403180,+3.33, +4.813, +0.076,+0.902
1718403240,+3.33, +4.823, +0.075,+0.902
1718403300,+3.33, +4.833, +0.075,+0.902
1718403360,+3.33, +4.853, +0.075,+0.902
1718403420,+3.33, +4.923, +0.077,+0.902
1718403480,+3.33, +5.023, +0.076,+0.902
1718403540,+3.33, +5.132, +0.075,+0.902
1718403600,+3.33, +5.182, +0.076,+0.902
1718403660,+3.34, +5.222, +0.076,+0.902
1718403720,+3.34, +5.331, +0.077,+0.902
1718403780,+3.34, +5.460, +0.075,+0.902
1718403840,+3.34, +5.539, +0.076,+0.902
1718403900,+3.34, +5.608, +0.077,+0.902
1718403960,+3.34, +5.697, +0.076,+0.902
1718404020,+3.34, +5.736, +0.076,+0.902
1718404080,+3.33, +5.805, +0.075,+0.903
1718404140,+3.33, +5.884, +0.076,+0.903
1718404200,+3.33, +5.953, +0.075,+0.902
1718404260,+3.33, +6.011, +0.075,+0.903
1718404320,+3.33, +6.041, +0.074,+0.903
1718404380,+3.33, +6.060, +0.075,+0.903
1718404440,+3.33, +6.109, +0.075,+0.903
1718404500,+3.33, +6.109, +0.074,+0.903
1718404560,+3.33, +6.109, +0.074,+0.903
1718404620,+3.33, +6.148, +0.074,+0.903
1718404680,+3.33, +6.158, +0.073,+0.903
1718404740,+3.33, +6.158, +0.074,+0.903
1718404800,+3.33, +6.168, +0.073,+0.903
1718404860,+3.33, +6.168, +0.074,+0.903
1718404920,+3.33, +6.187, +0.073,+0.903
1718404980,+3.33, +6.207, +0.074,+0.903
1718405040,+3.33, +6.207, +0.074,+0.903
1718405100,+3.33, +6.197, +0.073,+0.903
1718405160,+3.33, +6.227, +0.073,+0.903
1718405220,+3.33, +6.236, +0.073,+0.903
1718405280,+3.33, +6.266, +0.073,+0.903
1718405340,+3.33, +6.256, +0.073,+0.903
1718405400,+3.33, +6.256, +0.073,+0.903
1718405460,+3.33, +6.275, +0.072,+0.903
1718405520,+3.33, +6.275, +0.073,+0.903
1718405580,+3.33, +6.266, +0.073,+0.903
1718405640,+3.33, +6.304, +0.073,+0.903
1718405700,+3.33, +6.285, +0.074,+0.903
1718405760,+3.33, +6.295, +0.072,+0.902
1718405820,+3.33, +6.314, +0.073,+0.903
1718405880,+3.33, +6.334, +0.072,+0.903
1718405940,+3.33, +6.334, +0.072,+0.902
1718406000,+3.33, +6.334, +0.071,+0.902
1718406060,+3.33, +6.353, +0.072,+0.903
1718406120,+3.33, +6.334, +0.073,+0.903
1718406180,+3.33, +6.363, +0.073,+0.903
1718406240,+3.33, +6.382, +0.071,+0.902
1718406300,+3.33, +6.382, +0.072,+0.903
1718406360,+3.33, +6.392, +0.072,+0.903
1718406420,+3.33, +6.402, +0.071,+0.902
1718406480,+3.33, +6.412, +0.071,+0.903
1718406540,+3.33, +6.412, +0.072,+0.903
1718406600,+3.33, +6.441, +0.072,+0.903
1718406660,+3.33, +6.441, +0.072,+0.903
1718406720,+3.33, +6.460, +0.071,+0.902
1718406780,+3.33, +6.450, +0.072,+0.903
1718406840,+3.33, +6.450, +0.071,+0.902
1718406900,+3.33, +6.480, +0.071,+0.902
1718406960,+3.34, +6.518, +0.071,+0.902
1718407020,+3.34, +6.518, +0.072,+0.903
1718407080,+3.34, +6.518, +0.071,+0.903
1718407140,+3.34, +6.528, +0.071,+0.902
1718407200,+3.34, +6.528, +0.070,+0.902
1718407260,+3.34, +6.538, +0.071,+0.902
1718407320,+3.34, +6.577, +0.071,+0.903
1718407380,+3.34, +6.596, +0.071,+0.902
1718407440,+3.34, +6.586, +0.071,+0.903
1718407500,+3.34, +6.635, +0.071,+0.903
1718407560,+3.34, +6.625, +0.072,+0.903
1718407620,+3.34, +6.654, +0.070,+0.903
1718407680,+3.34, +6.664, +0.070,+0.903
1718407740,+3.34, +6.664, +0.071,+0.902
1718407800,+3.34, +6.683, +0.070,+0.902
1718407860,+3.34, +6.712, +0.070,+0.903
1718407920,+3.34, +6.712, +0.070,+0.902
1718407980,+3.34, +6.760, +0.071,+0.903
1718408040,+3.34, +6.770, +0.071,+0.903
1718408100,+3.34, +6.760, +0.070,+0.902
1718408160,+3.34, +6.799, +0.069,+0.902
1718408220,+3.34, +6.818, +0.070,+0.902
1718408280,+3.34, +6.818, +0.069,+0.903
1718408340,+3.34, +6.857, +0.070,+0.903
1718408400,+3.34, +6.857, +0.069,+0.902
1718408460,+3.34, +6.886, +0.069,+0.903
1718408520,+3.34, +6.915, +0.068,+0.902
1718408580,+3.34, +6.924, +0.070,+0.903
1718408640,+3.34, +6.915, +0.070,+0.903
1718408700,+3.34, +6.934, +0.069,+0.902
1718408760,+3.34, +6.953, +0.069,+0.903
1718408820,+3.34, +6.982, +0.070,+0.903
1718408880,+3.33, +7.011, +0.069,+0.903
1718408940,+3.33, +7.011, +0.069,+0.903
1718409000,+3.33, +7.069, +0.068,+0.903
1718409060,+3.33, +7.059, +0.069,+0.902
1718409120,+3.33, +7.059, +0.070,+0.903
1718409180,+3.33, +7.098, +0.068,+0.903
1718409240,+3.33, +7.126, +0.068,+0.903
1718409300,+3.33, +7.117, +0.067,+0.903
1718409360,+3.33, +7.155, +0.069,+0.903
1718409420,+3.33, +7.165, +0.069,+0.903
1718409480,+3.33, +7.193, +0.068,+0.903
1718409540,+3.33, +7.213, +0.069,+0.903
1718409600,+3.33, +7.718, +0.077,+0.903
1718409660,+3.33, +8.116, +0.073,+0.903
1718409720,+3.33, +8.332, +0.073,+0.903
1718409780,+3.33, +8.464, +0.074,+0.903
1718409840,+3.33, +8.558, +0.076,+0.903
1718409900,+3.33, +8.670, +0.077,+0.903
1718409960,+3.33, +8.754, +0.081,+0.903
1718410020,+3.33, +8.791, +0.085,+0.903
1718410080,+3.33, +8.838, +0.089,+0.903
1718410140,+3.33, +8.894, +0.092,+0.903
1718410200,+3.33, +8.931, +0.096,+0.903
1718410260,+3.33, +8.940, +0.101,+0.903
1718410320,+3.33, +8.977, +0.105,+0.903
1718410380,+3.34, +8.987, +0.109,+0.903
1718410440,+3.33, +8.996, +0.112,+0.903
1718410500,+3.34, +9.033, +0.115,+0.903
1718410560,+3.34, +9.033, +0.118,+0.903
1718410620,+3.33, +9.043, +0.119,+0.903
1718410680,+3.33, +9.080, +0.120,+0.903
1718410740,+3.34, +9.070, +0.121,+0.903
1718410800,+3.33, +9.089, +0.119,+0.903
1718410860,+3.33, +9.089, +0.120,+0.903
1718410920,+3.33, +9.098, +0.116,+0.903
1718410980,+3.33, +9.108, +0.115,+0.903
1718411040,+3.33, +9.108, +0.113,+0.903
1718411100,+3.33, +9.117, +0.108,+0.903
1718411160,+3.33, +9.135, +0.104,+0.903
1718411220,+3.33, +9.126, +0.102,+0.903
1718411280,+3.33, +9.154, +0.098,+0.903
1718411340,+3.33, +9.154, +0.095,+0.904
1718411400,+3.33, +9.172, +0.090,+0.903
1718411460,+3.33, +9.182, +0.087,+0.903
1718411520,+3.33, +9.172, +0.085,+0.903
1718411580,+3.33, +9.163, +0.082,+0.903
1718411640,+3.33, +9.182, +0.080,+0.903
1718411700,+3.33, +9.191, +0.079,+0.903
1718411760,+3.33, +9.182, +0.077,+0.903
1718411820,+3.33, +9.200, +0.076,+0.903
1718411880,+3.33, +9.191, +0.075,+0.903
1718411940,+3.33, +9.210, +0.075,+0.903
1718412000,+3.33, +9.219, +0.073,+0.903
1718412060,+3.33, +9.210, +0.072,+0.903
1718412120,+3.33, +9.219, +0.072,+0.903
1718412180,+3.33, +9.228, +0.071,+0.903
1718412240,+3.33, +9.228, +0.071,+0.903
1718412300,+3.33, +9.228, +0.069,+0.903
1718412360,+3.33, +9.247, +0.069,+0.903
1718412420,+3.33, +9.247, +0.069,+0.903
1718412480,+3.33, +9.265, +0.068,+0.903
1718412540,+3.33, +9.274, +0.069,+0.904
1718412600,+3.33, +9.256, +0.068,+0.903
1718412660,+3.33, +9.265, +0.067,+0.904
1718412720,+3.33, +9.274, +0.067,+0.904
1718412780,+3.33, +9.284, +0.067,+0.904
1718412840,+3.33, +9.284, +0.067,+0.904
1718412900,+3.33, +9.293, +0.067,+0.904
1718412960,+3.33, +9.293, +0.065,+0.903
1718413020,+3.33, +9.302, +0.066,+0.904
1718413080,+3.33, +9.311, +0.066,+0.904
1718413140,+3.33, +9.330, +0.066,+0.904
1718413200,+3.33, +9.339, +0.066,+0.904
1718413260,+3.33, +9.339, +0.065,+0.904
1718413320,+3.33, +9.339, +0.066,+0.904
1718413380,+3.33, +9.358, +0.066,+0.904
1718413440,+3.33, +9.358, +0.064,+0.904
1718413500,+3.33, +9.385, +0.065,+0.904
1718413560,+3.33, +9.376, +0.064,+0.904
1718413620,+3.33, +9.404, +0.064,+0.904
1718413680,+3.33, +9.404, +0.065,+0.904
1718413740,+3.33, +9.404, +0.064,+0.904
1718413800,+3.33, +9.422, +0.064,+0.904
1718413860,+3.33, +9.441, +0.064,+0.904
1718413920,+3.33, +9.450, +0.063,+0.904
1718413980,+3.33, +9.432, +0.064,+0.904
1718414040,+3.33, +9.459, +0.064,+0.904
1718414100,+3.33, +9.441, +0.064,+0.904
1718414160,+3.33, +9.468, +0.064,+0.904
1718414220,+3.33, +9.459, +0.064,+0.904
1718414280,+3.33, +9.478, +0.064,+0.904
1718414340,+3.33, +9.468, +0.063,+0.904
1718414400,+3.33, +9.496, +0.063,+0.904
1718414460,+3.33, +9.515, +0.063,+0.904
1718414520,+3.33, +9.524, +0.063,+0.904
1718414580,+3.33, +9.505, +0.063,+0.904
1718414640,+3.33, +9.551, +0.063,+0.904
1718414700,+3.33, +9.542, +0.063,+0.904
1718414760,+3.33, +9.542, +0.063,+0.904
1718414820,+3.33, +9.579, +0.062,+0.904
1718414880,+3.33, +9.570, +0.065,+0.904
1718414940,+3.33, +9.597, +0.062,+0.904
1718415000,+3.33, +9.579, +0.063,+0.904
1718415060,+3.33, +9.597, +0.063,+0.904
1718415120,+3.33, +9.616, +0.062,+0.904
1718415180,+3.33, +9.625, +0.063,+0.904
1718415240,+3.33, +9.643, +0.062,+0.904
1718415300,+3.33, +9.680, +0.063,+0.904
1718415360,+3.33, +9.689, +0.063,+0.904
1718415420,+3.33, +9.699, +0.063,+0.904
1718415480,+3.33, +9.726, +0.062,+0.904
1718415540,+3.33, +9.754, +0.062,+0.905
1718415600,+3.33, +9.772, +0.063,+0.905
1718415660,+3.33, +9.791, +0.062,+0.905
1718415720,+3.33, +9.809, +0.062,+0.905
1718415780,+3.33, +9.818, +0.062,+0.905
1718415840,+3.33, +9.846, +0.062,+0.905
1718415900,+3.33, +9.873, +0.062,+0.905
1718415960,+3.33, +9.891, +0.062,+0.905
1718416020,+3.33, +9.882, +0.062,+0.905
1718416080,+3.33, +9.928, +0.061,+0.905
1718416140,+3.33, +9.937, +0.062,+0.905
1718416200,+3.33, +9.946, +0.062,+0.905
1718416260,+3.33, +9.956, +0.061,+0.905
1718416320,+3.33, +9.956, +0.061,+0.905
1718416380,+3.33, +9.974, +0.062,+0.905
1718416440,+3.33,+10.001, +0.062,+0.905
1718416500,+3.33,+10.011, +0.061,+0.905
1718416560,+3.33,+10.047, +0.062,+0.905
1718416620,+3.33,+10.038, +0.062,+0.905
1718416680,+3.33,+10.075, +0.061,+0.905
1718416740,+3.33,+10.093, +0.061,+0.905
1718416800,+3.33,+10.129, +0.061,+0.905
1718416860,+3.33,+10.148, +0.061,+0.905
1718416920,+3.33,+10.157, +0.061,+0.905
1718416980,+3.33,+10.193, +0.062,+0.905
1718417040,+3.33,+10.202, +0.061,+0.905
1718417100,+3.33,+10.202, +0.062,+0.905
1718417160,+3.33,+10.202, +0.061,+0.905
1718417220,+3.33,+10.239, +0.061,+0.905
1718417280,+3.33,+10.239, +0.061,+0.905
1718417340,+3.33,+10.266, +0.060,+0.905
1718417400,+3.33,+10.266, +0.062,+0.905
1718417460,+3.33,+10.284, +0.061,+0.905
1718417520,+3.33,+10.284, +0.061,+0.905
1718417580,+3.33,+10.303, +0.061,+0.906
1718417640,+3.33,+10.312, +0.062,+0.906
1718417700,+3.33,+10.321, +0.062,+0.906
1718417760,+3.33,+10.339, +0.062,+0.906
1718417820,+3.33,+10.366, +0.061,+0.905
1718417880,+3.33,+10.385, +0.061,+0.906
1718417940,+3.33,+10.394, +0.060,+0.905
1718418000,+3.33,+10.421, +0.060,+0.905
1718418060,+3.33,+10.439, +0.061,+0.906
1718418120,+3.33,+10.466, +0.061,+0.906
1718418180,+3.33,+10.485, +0.060,+0.905
1718418240,+3.33,+10.494, +0.061,+0.906
1718418300,+3.33,+10.530, +0.061,+0.906
1718418360,+3.33,+10.530, +0.060,+0.906
1718418420,+3.33,+10.566, +0.061,+0.906
1718418480,+3.33,+10.566, +0.061,+0.906
1718418540,+3.33,+10.594, +0.061,+0.906
1718418600,+3.33,+10.603, +0.060,+0.906
1718418660,+3.33,+10.630, +0.061,+0.906
1718418720,+3.33,+10.621, +0.061,+0.906
1718418780,+3.33,+10.675, +0.060,+0.906
1718418840,+3.33,+10.657, +0.060,+0.906
1718418900,+3.33,+10.693, +0.060,+0.906
1718418960,+3.33,+10.693, +0.060,+0.906
1718419020,+3.33,+10.711, +0.061,+0.906
1718419080,+3.33,+10.720, +0.061,+0.906
1718419140,+3.33,+10.739, +0.061,+0.906
1718419200,+3.33,+10.739, +0.060,+0.906
1718419260,+3.33,+10.775, +0.060,+0.906
1718419320,+3.33,+10.784, +0.060,+0.906
1718419380,+3.33,+10.784, +0.060,+0.906
1718419440,+3.33,+10.793, +0.060,+0.906
1718419500,+3.33,+10.811, +0.059,+0.906
1718419560,+3.33,+10.829, +0.060,+0.906
1718419620,+3.33,+10.856, +0.059,+0.906
1718419680,+3.33,+10.856, +0.058,+0.906
1718419740,+3.33,+10.856, +0.060,+0.906
1718419800,+3.33,+10.874, +0.060,+0.906
1718419860,+3.33,+10.892, +0.060,+0.906
1718419920,+3.33,+10.919, +0.060,+0.906
1718419980,+3.33,+10.937, +0.060,+0.906
1718420040,+3.33,+10.965, +0.061,+0.906
1718420100,+3.33,+10.974, +0.060,+0.906
1718420160,+3.33,+11.010, +0.060,+0.906
1718420220,+3.33,+11.028, +0.060,+0.906
1718420280,+3.33,+11.028, +0.059,+0.906
1718420340,+3.33,+11.064, +0.059,+0.906
1718420400,+3.33,+11.100, +0.058,+0.906
1718420460,+3.33,+11.109, +0.059,+0.906
1718420520,+3.33,+11.136, +0.059,+0.906
1718420580,+3.33,+11.145, +0.060,+0.907
1718420640,+3.33,+11.181, +0.059,+0.906
1718420700,+3.33,+11.190, +0.060,+0.907
1718420760,+3.33,+11.199, +0.059,+0.907
1718420820,+3.33,+11.226, +0.060,+0.907
1718420880,+3.33,+11.235, +0.059,+0.907
1718420940,+3.33,+11.262, +0.058,+0.906
1718421000,+3.33,+11.271, +0.059,+0.907
1718421060,+3.33,+11.289, +0.060,+0.907
1718421120,+3.33,+11.316, +0.059,+0.907
1718421180,+3.33,+11.316, +0.059,+0.907
1718421240,+3.33,+11.352, +0.059,+0.907
1718421300,+3.33,+11.369, +0.059,+0.907
1718421360,+3.33,+11.396, +0.059,+0.907
1718421420,+3.33,+11.405, +0.059,+0.907
1718421480,+3.33,+11.432, +0.059,+0.907
1718421540,+3.33,+11.459, +0.059,+0.907
1718421600,+3.33,+11.486, +0.059,+0.907
1718421660,+3.33,+11.504, +0.059,+0.907
1718421720,+3.33,+11.522, +0.059,+0.907
1718421780,+3.33,+11.522, +0.059,+0.907
1718421840,+3.33,+11.531, +0.059,+0.907
1718421900,+3.33,+11.576, +0.060,+0.907
1718421960,+3.33,+11.585, +0.058,+0.907
1718422020,+3.33,+11.638, +0.059,+0.907
1718422080,+3.33,+11.620, +0.059,+0.907
1718422140,+3.33,+11.656, +0.059,+0.907
1718422200,+3.33,+11.665, +0.059,+0.907
1718422260,+3.33,+11.665, +0.058,+0.907
1718422320,+3.33,+11.701, +0.058,+0.907
1718422380,+3.33,+11.701, +0.059,+0.907
1718422440,+3.33,+11.701, +0.059,+0.907
1718422500,+3.33,+11.719, +0.058,+0.907
1718422560,+3.33,+11.710, +0.059,+0.907
1718422620,+3.33,+11.719, +0.058,+0.907
1718422680,+3.33,+11.728, +0.059,+0.907
1718422740,+3.33,+11.710, +0.059,+0.907
1718422800,+3.33,+11.745, +0.058,+0.907
1718422860,+3.33,+11.754, +0.058,+0.907
1718422920,+3.33,+11.754, +0.059,+0.907
1718422980,+3.33,+11.781, +0.059,+0.907
1718423040,+3.33,+11.763, +0.058,+0.907
1718423100,+3.33,+11.799, +0.059,+0.907
1718423160,+3.33,+11.826, +0.059,+0.907
1718423220,+3.33,+11.826, +0.059,+0.907
1718423280,+3.33,+11.835, +0.059,+0.907
1718423340,+3.33,+11.879, +0.058,+0.907
1718423400,+3.33,+11.879, +0.058,+0.907
1718423460,+3.33,+11.906, +0.059,+0.907
1718423520,+3.33,+11.915, +0.059,+0.907
1718423580,+3.33,+11.924, +0.058,+0.907
1718423640,+3.33,+11.959, +0.059,+0.907
1718423700,+3.33,+11.995, +0.058,+0.907
1718423760,+3.33,+11.995, +0.059,+0.907
1718423820,+3.33,+12.022, +0.059,+0.907
1718423880,+3.33,+11.995, +0.059,+0.907
1718423940,+3.33,+12.013, +0.059,+0.907
1718424000,+3.33,+12.048, +0.058,+0.907
1718424060,+3.33,+12.057, +0.058,+0.907
1718424120,+3.33,+12.066, +0.059,+0.907
1718424180,+3.33,+12.093, +0.058,+0.907
1718424240,+3.33,+12.111, +0.059,+0.907
1718424300,+3.33,+12.111, +0.058,+0.907
1718424360,+3.33,+12.137, +0.058,+0.907
1718424420,+3.33,+12.155, +0.058,+0.907
1718424480,+3.33,+12.164, +0.059,+0.907
1718424540,+3.33,+12.182, +0.058,+0.907
1718424600,+3.33,+12.208, +0.059,+0.907
1718424660,+3.33,+12.199, +0.059,+0.907
1718424720,+3.33,+12.208, +0.058,+0.907
1718424780,+3.33,+12.217, +0.058,+0.907
1718424840,+3.33,+12.253, +0.059,+0.907
1718424900,+3.33,+12.253, +0.059,+0.907
1718424960,+3.33,+12.270, +0.058,+0.907
1718425020,+3.33,+12.261, +0.058,+0.907
1718425080,+3.33,+12.306, +0.059,+0.907
1718425140,+3.33,+12.341, +0.058,+0.907
1718425200,+3.33,+12.350, +0.059,+0.907
1718425260,+3.33,+12.377, +0.058,+0.907
1718425320,+3.33,+12.359, +0.058,+0.907
1718425380,+3.33,+12.377, +0.059,+0.907
1718425440,+3.33,+12.412, +0.059,+0.907
1718425500,+3.33,+12.421, +0.059,+0.907
1718425560,+3.33,+12.448, +0.059,+0.908
1718425620,+3.33,+12.448, +0.059,+0.907
1718425680,+3.33,+12.483, +0.058,+0.907
1718425740,+3.33,+12.483, +0.059,+0.907
1718425800,+3.33,+12.501, +0.059,+0.907
1718425860,+3.33,+12.527, +0.059,+0.907
1718425920,+3.33,+12.527, +0.059,+0.907
1718425980,+3.33,+12.580, +0.058,+0.908
1718426040,+3.33,+12.571, +0.059,+0.908
1718426100,+3.33,+12.598, +0.059,+0.908
1718426160,+3.33,+12.607, +0.059,+0.907
1718426220,+3.33,+12.624, +0.057,+0.907
1718426280,+3.33,+12.615, +0.058,+0.907
1718426340,+3.33,+12.651, +0.059,+0.907
1718426400,+3.33,+12.642, +0.060,+0.908
1718426460,+3.33,+12.651, +0.058,+0.907
1718426520,+3.33,+12.668, +0.059,+0.908
1718426580,+3.33,+12.686, +0.058,+0.907
1718426640,+3.33,+12.686, +0.059,+0.907
1718426700,+3.33,+12.704, +0.058,+0.907
1718426760,+3.33,+12.713, +0.058,+0.907
1718426820,+3.33,+12.748, +0.059,+0.908
1718426880,+3.33,+12.748, +0.059,+0.908
1718426940,+3.33,+12.757, +0.059,+0.908
1718427000,+3.33,+12.765, +0.059,+0.907
1718427060,+3.33,+12.792, +0.059,+0.907
1718427120,+3.33,+12.792, +0.059,+0.908
1718427180,+3.33,+12.827, +0.059,+0.908
1718427240,+3.33,+12.836, +0.060,+0.908
1718427300,+3.33,+12.871, +0.059,+0.907
1718427360,+3.33,+12.871, +0.060,+0.908
1718427420,+3.33,+12.898, +0.059,+0.908
1718427480,+3.33,+12.924, +0.059,+0.908
1718427540,+3.33,+12.906, +0.059,+0.907
1718427600,+3.33,+12.959, +0.059,+0.908
1718427660,+3.33,+12.950, +0.059,+0.907
1718427720,+3.33,+12.959, +0.059,+0.908
1718427780,+3.33,+12.977, +0.060,+0.908
1718427840,+3.33,+12.994, +0.059,+0.908
1718427900,+3.33,+13.003, +0.059,+0.908
1718427960,+3.33,+13.029, +0.060,+0.908
1718428020,+3.33,+13.038, +0.060,+0.908
1718428080,+3.33,+13.047, +0.059,+0.907
1718428140,+3.33,+13.065, +0.059,+0.908
1718428200,+3.33,+13.100, +0.058,+0.907
1718428260,+3.33,+13.091, +0.060,+0.908
1718428320,+3.33,+13.091, +0.059,+0.908
1718428380,+3.33,+13.135, +0.059,+0.908
1718428440,+3.33,+13.144, +0.058,+0.907
1718428500,+3.33,+13.135, +0.060,+0.908
1718428560,+3.33,+13.179, +0.059,+0.908
1718428620,+3.33,+13.170, +0.059,+0.908
1718428680,+3.33,+13.179, +0.059,+0.907
1718428740,+3.33,+13.205, +0.060,+0.908
1718428800,+3.33,+13.214, +0.059,+0.908
1718428860,+3.33,+13.240, +0.059,+0.908
1718428920,+3.33,+13.240, +0.059,+0.907
1718428980,+3.33,+13.249, +0.060,+0.908
1718429040,+3.32,+13.249, +0.059,+0.907
1718429100,+3.32,+13.284, +0.059,+0.907
1718429160,+3.32,+13.266, +0.060,+0.907
1718429220,+3.32,+13.301, +0.061,+0.908
1718429280,+3.32,+13.319, +0.060,+0.908
1718429340,+3.32,+13.336, +0.060,+0.907
1718429400,+3.32,+13.336, +0.060,+0.907
1718429460,+3.32,+13.380, +0.060,+0.908
1718429520,+3.32,+13.372, +0.059,+0.907
1718429580,+3.32,+13.380, +0.060,+0.907
1718429640,+3.32,+13.407, +0.060,+0.907
1718429700,+3.32,+13.424, +0.060,+0.908
1718429760,+3.32,+13.433, +0.060,+0.907
1718429820,+3.32,+13.459, +0.060,+0.907
1718429880,+3.32,+13.459, +0.059,+0.907
1718429940,+3.33,+13.485, +0.059,+0.908
1718430000,+3.33,+13.503, +0.060,+0.907
1718430060,+3.33,+13.520, +0.059,+0.907
1718430120,+3.33,+13.520, +0.060,+0.907
1718430180,+3.33,+13.555, +0.060,+0.908
1718430240,+3.33,+13.546, +0.059,+0.908
1718430300,+3.33,+13.573, +0.059,+0.907
1718430360,+3.33,+13.599, +0.059,+0.907
1718430420,+3.33,+13.599, +0.060,+0.907
1718430480,+3.33,+13.616, +0.059,+0.907
1718430540,+3.33,+13.634, +0.060,+0.907
1718430600,+3.33,+13.669, +0.059,+0.907
1718430660,+3.33,+13.677, +0.060,+0.907
1718430720,+3.33,+13.695, +0.059,+0.907
1718430780,+3.33,+13.704, +0.059,+0.907
1718430840,+3.33,+13.730, +0.060,+0.907
1718430900,+3.33,+13.730, +0.060,+0.908
1718430960,+3.33,+13.738, +0.060,+0.907
1718431020,+3.33,+13.765, +0.061,+0.908
1718431080,+3.33,+13.782, +0.060,+0.908
1718431140,+3.33,+13.817, +0.060,+0.908
1718431200,+3.33,+13.834, +0.060,+0.907
1718431260,+3.33,+13.843, +0.059,+0.907
1718431320,+3.33,+13.878, +0.060,+0.907
1718431380,+3.33,+13.904, +0.060,+0.908
1718431440,+3.33,+13.913, +0.060,+0.908
1718431500,+3.33,+13.921, +0.060,+0.907
1718431560,+3.33,+13.930, +0.060,+0.907
1718431620,+3.33,+13.939, +0.061,+0.907
1718431680,+3.33,+13.974, +0.059,+0.907
1718431740,+3.33,+13.991, +0.060,+0.907
1718431800,+3.33,+14.000, +0.060,+0.907
1718431860,+3.33,+14.008, +0.059,+0.907
1718431920,+3.33,+14.026, +0.060,+0.907
1718431980,+3.33,+14.043, +0.060,+0.908
1718432040,+3.33,+14.060, +0.061,+0.908
1718432100,+3.33,+14.095, +0.060,+0.907
1718432160,+3.33,+14.095, +0.060,+0.908
1718432220,+3.33,+14.121, +0.060,+0.908
1718432280,+3.33,+14.130, +0.060,+0.907
1718432340,+3.33,+14.139, +0.060,+0.907
1718432400,+3.33,+14.156, +0.061,+0.907
1718432460,+3.33,+14.156, +0.061,+0.907
1718432520,+3.33,+14.173, +0.061,+0.908
1718432580,+3.32,+14.191, +0.061,+0.908
1718432640,+3.33,+14.199, +0.059,+0.907
1718432700,+3.32,+14.225, +0.060,+0.907
1718432760,+3.32,+14.234, +0.060,+0.907
1718432820,+3.32,+14.251, +0.061,+0.908
1718432880,+3.32,+14.251, +0.060,+0.907
1718432940,+3.32,+14.286, +0.060,+0.907
1718433000,+3.32,+14.295, +0.061,+0.908
1718433060,+3.32,+14.303, +0.060,+0.907
1718433120,+3.32,+14.303, +0.060,+0.907
1718433180,+3.32,+14.329, +0.059,+0.907
1718433240,+3.32,+14.338, +0.060,+0.907
1718433300,+3.32,+14.347, +0.060,+0.907
1718433360,+3.32,+14.355, +0.061,+0.907
1718433420,+3.32,+14.364, +0.060,+0.908
1718433480,+3.32,+14.364, +0.060,+0.908
1718433540,+3.32,+14.399, +0.060,+0.907
1718433600,+3.32,+14.381, +0.060,+0.907
1718433660,+3.32,+14.381, +0.060,+0.907
1718433720,+3.32,+14.390, +0.060,+0.907
1718433780,+3.32,+14.425, +0.060,+0.907
1718433840,+3.32,+14.407, +0.060,+0.907
1718433900,+3.32,+14.451, +0.060,+0.907
1718433960,+3.32,+14.451, +0.060,+0.907
1718434020,+3.32,+14.468, +0.060,+0.908
1718434080,+3.32,+14.468, +0.060,+0.907
1718434140,+3.32,+14.485, +0.060,+0.907
1718434200,+3.32,+14.511, +0.060,+0.907
1718434260,+3.32,+14.511, +0.060,+0.907
1718434320,+3.32,+14.554, +0.059,+0.907
1718434380,+3.32,+14.546, +0.060,+0.907
1718434440,+3.32,+14.563, +0.060,+0.907
1718434500,+3.32,+14.572, +0.061,+0.908
1718434560,+3.32,+14.598, +0.059,+0.907
1718434620,+3.33,+14.615, +0.060,+0.908
1718434680,+3.32,+14.615, +0.060,+0.908
1718434740,+3.33,+14.641, +0.059,+0.907
1718434800,+3.33,+14.667, +0.059,+0.907
1718434860,+3.33,+14.658, +0.059,+0.907
1718434920,+3.33,+14.684, +0.060,+0.908
1718434980,+3.33,+14.693, +0.061,+0.908
1718435040,+3.33,+14.710, +0.060,+0.908
1718435100,+3.33,+14.710, +0.060,+0.908
1718435160,+3.33,+14.727, +0.060,+0.908
1718435220,+3.33,+14.753, +0.060,+0.907
1718435280,+3.33,+14.770, +0.060,+0.908
1718435340,+3.33,+14.762, +0.060,+0.907
1718435400,+3.33,+14.788, +0.060,+0.908
1718435460,+3.33,+14.805, +0.060,+0.908
1718435520,+3.33,+14.805, +0.061,+0.908
1718435580,+3.33,+14.839, +0.060,+0.908
1718435640,+3.33,+14.839, +0.060,+0.907
1718435700,+3.33,+14.857, +0.060,+0.908
1718435760,+3.33,+14.883, +0.060,+0.908
1718435820,+3.33,+14.891, +0.060,+0.908
1718435880,+3.33,+14.908, +0.059,+0.908
1718435940,+3.33,+14.926, +0.060,+0.908
1718436000,+3.33,+14.926, +0.060,+0.908
1718436060,+3.33,+14.943, +0.061,+0.908
1718436120,+3.33,+14.943, +0.060,+0.908
1718436180,+3.33,+14.969, +0.059,+0.908
1718436240,+3.33,+14.986, +0.060,+0.908
1718436300,+3.33,+14.995, +0.060,+0.908
1718436360,+3.33,+15.020, +0.060,+0.908
1718436420,+3.33,+15.038, +0.060,+0.908
1718436480,+3.33,+15.029, +0.061,+0.908
1718436540,+3.33,+15.046, +0.060,+0.908
1718436600,+3.33,+15.072, +0.060,+0.908
1718436660,+3.33,+15.072, +0.060,+0.908
1718436720,+3.33,+15.089, +0.061,+0.908
1718436780,+3.33,+15.106, +0.060,+0.908
1718436840,+3.32,+15.149, +0.060,+0.908
1718436900,+3.33,+15.124, +0.060,+0.908
1718436960,+3.33,+15.149, +0.061,+0.908
1718437020,+3.32,+15.167, +0.060,+0.908
1718437080,+3.32,+15.175, +0.060,+0.908
1718437140,+3.32,+15.175, +0.060,+0.908
1718437200,+3.32,+15.201, +0.060,+0.908
1718437260,+3.32,+15.201, +0.060,+0.908
1718437320,+3.32,+15.218, +0.061,+0.908
1718437380,+3.32,+15.235, +0.060,+0.908
1718437440,+3.32,+15.270, +0.060,+0.908
1718437500,+3.32,+15.287, +0.061,+0.908
1718437560,+3.32,+15.287, +0.060,+0.908
1718437620,+3.32,+15.296, +0.061,+0.908
1718437680,+3.32,+15.321, +0.060,+0.908
1718437740,+3.32,+15.330, +0.060,+0.908
1718437800,+3.32,+15.338, +0.060,+0.908
1718437860,+3.32,+15.356, +0.061,+0.908
1718437920,+3.32,+15.364, +0.060,+0.908
1718437980,+3.32,+15.364, +0.060,+0.908
1718438040,+3.32,+15.373, +0.060,+0.908
1718438100,+3.32,+15.399, +0.060,+0.908
1718438160,+3.32,+15.407, +0.060,+0.908
1718438220,+3.32,+15.433, +0.060,+0.908
1718438280,+3.32,+15.441, +0.060,+0.908
1718438340,+3.32,+15.441, +0.060,+0.908
1718438400,+3.32,+15.467, +0.060,+0.908
1718438460,+3.32,+15.450, +0.060,+0.908
1718438520,+3.32,+15.484, +0.061,+0.908
1718438580,+3.32,+15.502, +0.060,+0.908
1718438640,+3.32,+15.536, +0.059,+0.908
1718438700,+3.32,+15.536, +0.060,+0.908
1718438760,+3.32,+15.544, +0.060,+0.908
1718438820,+3.32,+15.544, +0.061,+0.908
1718438880,+3.32,+15.562, +0.060,+0.908
1718438940,+3.32,+15.579, +0.060,+0.908
1718439000,+3.32,+15.562, +0.060,+0.908
1718439060,+3.32,+15.613, +0.060,+0.908
1718439120,+3.32,+15.604, +0.060,+0.908
1718439180,+3.32,+15.613, +0.060,+0.908
1718439240,+3.32,+15.621, +0.060,+0.908
1718439300,+3.32,+15.621, +0.061,+0.908
1718439360,+3.32,+15.639, +0.061,+0.908
1718439420,+3.32,+15.647, +0.060,+0.908
1718439480,+3.32,+15.647, +0.059,+0.908
1718439540,+3.32,+15.656, +0.060,+0.908
1718439600,+3.32,+15.656, +0.060,+0.908
1718439660,+3.32,+15.681, +0.060,+0.908
1718439720,+3.32,+15.681, +0.060,+0.908
1718439780,+3.32,+15.681, +0.060,+0.908
1718439840,+3.32,+15.699, +0.060,+0.908
1718439900,+3.32,+15.690, +0.059,+0.908
1718439960,+3.32,+15.699, +0.060,+0.908
1718440020,+3.32,+15.707, +0.059,+0.908
1718440080,+3.32,+15.716, +0.060,+0.908
1718440140,+3.32,+15.724, +0.060,+0.908
1718440200,+3.32,+15.733, +0.061,+0.908
1718440260,+3.33,+15.758, +0.059,+0.908
1718440320,+3.33,+15.767, +0.060,+0.908
1718440380,+3.33,+15.767, +0.060,+0.908
1718440440,+3.33,+15.776, +0.059,+0.908
1718440500,+3.33,+15.784, +0.060,+0.908
1718440560,+3.33,+15.784, +0.060,+0.908
1718440620,+3.33,+15.801, +0.060,+0.908
1718440680,+3.33,+15.801, +0.060,+0.908
1718440740,+3.33,+15.827, +0.060,+0.908
1718440800,+3.33,+15.827, +0.060,+0.908
1718440860,+3.33,+15.844, +0.058,+0.908
1718440920,+3.33,+15.844, +0.060,+0.908
1718440980,+3.33,+15.870, +0.060,+0.908
1718441040,+3.33,+15.861, +0.060,+0.908
1718441100,+3.33,+15.878, +0.060,+0.908
1718441160,+3.33,+15.895, +0.059,+0.908
1718441220,+3.33,+15.904, +0.060,+0.908
1718441280,+3.33,+15.921, +0.060,+0.908
1718441340,+3.33,+15.929, +0.060,+0.908
1718441400,+3.33,+15.921, +0.060,+0.908
1718441460,+3.33,+15.964, +0.060,+0.908
1718441520,+3.33,+15.964, +0.059,+0.908
1718441580,+3.32,+15.964, +0.059,+0.908
1718441640,+3.33,+15.972, +0.061,+0.908
1718441700,+3.32,+15.981, +0.060,+0.908
1718441760,+3.33,+15.998, +0.060,+0.908
1718441820,+3.33,+16.006, +0.060,+0.908
1718441880,+3.32,+16.023, +0.060,+0.908
1718441940,+3.32,+16.032, +0.059,+0.908
1718442000,+3.32,+16.032, +0.060,+0.908
1718442060,+3.32,+16.058, +0.059,+0.908
1718442120,+3.32,+16.075, +0.060,+0.908
1718442180,+3.32,+16.092, +0.060,+0.908
1718442240,+3.32,+16.083, +0.060,+0.908
1718442300,+3.32,+16.083, +0.060,+0.908
1718442360,+3.32,+16.117, +0.059,+0.908
1718442420,+3.32,+16.126, +0.059,+0.908
1718442480,+3.32,+16.134, +0.060,+0.909
1718442540,+3.32,+16.143, +0.059,+0.908
1718442600,+3.32,+16.143, +0.059,+0.908
1718442660,+3.32,+16.160, +0.060,+0.909
1718442720,+3.32,+16.177, +0.059,+0.908
1718442780,+3.32,+16.177, +0.059,+0.908
1718442840,+3.32,+16.177, +0.060,+0.908
1718442900,+3.32,+16.177, +0.059,+0.908
1718442960,+3.32,+16.186, +0.060,+0.908
1718443020,+3.32,+16.203, +0.059,+0.908
1718443080,+3.32,+16.211, +0.060,+0.909
1718443140,+3.32,+16.228, +0.059,+0.909
1718443200,+3.32,+16.228, +0.060,+0.909
1718443260,+3.32,+16.245, +0.060,+0.909
1718443320,+3.32,+16.237, +0.061,+0.909
1718443380,+3.32,+16.254, +0.059,+0.909
1718443440,+3.32,+16.262, +0.060,+0.909
1718443500,+3.32,+16.279, +0.060,+0.908
1718443560,+3.32,+16.271, +0.060,+0.909
1718443620,+3.32,+16.305, +0.059,+0.909
1718443680,+3.32,+16.313, +0.060,+0.909
1718443740,+3.32,+16.305, +0.059,+0.909
1718443800,+3.32,+16.305, +0.059,+0.909
1718443860,+3.32,+16.330, +0.060,+0.909
1718443920,+3.32,+16.330, +0.059,+0.909
1718443980,+3.32,+16.347, +0.060,+0.909
1718444040,+3.32,+16.365, +0.059,+0.909
1718444100,+3.32,+16.356, +0.059,+0.909
1718444160,+3.32,+16.373, +0.059,+0.909
1718444220,+3.32,+16.390, +0.059,+0.909
1718444280,+3.32,+16.390, +0.059,+0.909
1718444340,+3.32,+16.399, +0.059,+0.909
1718444400,+3.32,+16.407, +0.060,+0.909
1718444460,+3.32,+16.399, +0.059,+0.909
1718444520,+3.32,+16.416, +0.059,+0.909
1718444580,+3.32,+16.416, +0.060,+0.909
1718444640,+3.32,+16.450, +0.060,+0.909
1718444700,+3.32,+16.458, +0.060,+0.909
1718444760,+3.32,+16.450, +0.060,+0.909
1718444820,+3.32,+16.484, +0.059,+0.909
1718444880,+3.32,+16.492, +0.060,+0.909
1718444940,+3.32,+16.501, +0.060,+0.909
1718445000,+3.32,+16.518, +0.060,+0.909
1718445060,+3.32,+16.492, +0.059,+0.909
1718445120,+3.32,+16.518, +0.060,+0.909
1718445180,+3.32,+16.535, +0.059,+0.909
1718445240,+3.32,+16.535, +0.059,+0.909
1718445300,+3.32,+16.535, +0.059,+0.909
1718445360,+3.32,+16.543, +0.059,+0.909
1718445420,+3.32,+16.552, +0.059,+0.909
1718445480,+3.32,+16.560, +0.059,+0.909
1718445540,+3.32,+16.552, +0.059,+0.909
1718445600,+3.32,+16.552, +0.059,+0.909
1718445660,+3.32,+16.560, +0.060,+0.909
1718445720,+3.32,+16.577, +0.060,+0.909
1718445780,+3.32,+16.577, +0.059,+0.909
1718445840,+3.32,+16.577, +0.059,+0.909
1718445900,+3.32,+16.594, +0.059,+0.909
1718445960,+3.32,+16.603, +0.059,+0.909
1718446020,+3.32,+16.603, +0.059,+0.909
1718446080,+3.32,+16.611, +0.059,+0.909
1718446140,+3.32,+16.637, +0.058,+0.909
1718446200,+3.32,+16.628, +0.059,+0.909
1718446260,+3.32,+16.645, +0.059,+0.909
1718446320,+3.32,+16.628, +0.059,+0.909
1718446380,+3.32,+16.654, +0.060,+0.909
1718446440,+3.32,+16.662, +0.059,+0.909
1718446500,+3.32,+16.671, +0.059,+0.909
1718446560,+3.32,+16.662, +0.059,+0.909
1718446620,+3.32,+16.679, +0.059,+0.909
1718446680,+3.32,+16.696, +0.058,+0.909
1718446740,+3.32,+16.696, +0.059,+0.909
1718446800,+3.32,+16.705, +0.059,+0.909
1718446860,+3.32,+16.713, +0.059,+0.909
1718446920,+3.32,+16.713, +0.059,+0.909
1718446980,+3.32,+16.713, +0.059,+0.909
1718447040,+3.32,+16.739, +0.059,+0.909
1718447100,+3.32,+16.747, +0.059,+0.909
1718447160,+3.32,+16.730, +0.059,+0.909
1718447220,+3.32,+16.764, +0.059,+0.909
1718447280,+3.32,+16.756, +0.059,+0.909
1718447340,+3.32,+16.739, +0.060,+0.909
1718447400,+3.32,+16.773, +0.059,+0.909
1718447460,+3.32,+16.790, +0.059,+0.909
1718447520,+3.32,+16.790, +0.059,+0.909
1718447580,+3.32,+16.807, +0.059,+0.909
1718447640,+3.32,+16.807, +0.059,+0.909
1718447700,+3.32,+16.815, +0.059,+0.909
1718447760,+3.32,+16.841, +0.059,+0.909
1718447820,+3.32,+16.824, +0.059,+0.909
1718447880,+3.32,+16.832, +0.058,+0.909
1718447940,+3.32,+16.841, +0.059,+0.909
1718448000,+3.32,+16.832, +0.059,+0.909
1718448060,+3.32,+16.849, +0.059,+0.909
1718448120,+3.32,+16.866, +0.060,+0.909
1718448180,+3.32,+16.883, +0.059,+0.909
1718448240,+3.32,+16.892, +0.059,+0.909
1718448300,+3.32,+16.909, +0.060,+0.909
1718448360,+3.32,+16.900, +0.059,+0.909
1718448420,+3.32,+16.909, +0.059,+0.909
1718448480,+3.32,+16.917, +0.058,+0.909
1718448540,+3.32,+16.926, +0.059,+0.909
1718448600,+3.32,+16.934, +0.059,+0.909
1718448660,+3.32,+16.943, +0.059,+0.909
1718448720,+3.32,+16.959, +0.060,+0.909
1718448780,+3.32,+16.959, +0.059,+0.909
1718448840,+3.32,+16.993, +0.060,+0.909
1718448900,+3.32,+16.993, +0.059,+0.909
1718448960,+3.32,+16.976, +0.059,+0.909
1718449020,+3.32,+17.002, +0.059,+0.909
1718449080,+3.32,+17.010, +0.059,+0.909
1718449140,+3.32,+17.019, +0.059,+0.909
1718449200,+3.32,+17.010, +0.059,+0.909
1718449260,+3.32,+17.019, +0.059,+0.909
1718449320,+3.32,+17.036, +0.059,+0.909
1718449380,+3.32,+17.053, +0.059,+0.909
1718449440,+3.32,+17.053, +0.059,+0.909
1718449500,+3.32,+17.061, +0.059,+0.909
1718449560,+3.32,+17.078, +0.059,+0.909
1718449620,+3.32,+17.087, +0.059,+0.909
1718449680,+3.32,+17.078, +0.059,+0.909
1718449740,+3.32,+17.095, +0.058,+0.909
1718449800,+3.32,+17.087, +0.059,+0.909
1718449860,+3.32,+17.087, +0.058,+0.909
1718449920,+3.32,+17.112, +0.059,+0.909
1718449980,+3.32,+17.095, +0.059,+0.909
1718450040,+3.32,+17.112, +0.059,+0.909
1718450100,+3.32,+17.129, +0.059,+0.909
1718450160,+3.32,+17.121, +0.059,+0.909
1718450220,+3.32,+17.121, +0.059,+0.909
1718450280,+3.32,+17.138, +0.059,+0.909
1718450340,+3.32,+17.146, +0.059,+0.909
1718450400,+3.32,+17.154, +0.060,+0.909
1718450460,+3.32,+17.146, +0.059,+0.909
1718450520,+3.32,+17.163, +0.059,+0.909
1718450580,+3.32,+17.188, +0.058,+0.909
1718450640,+3.32,+17.171, +0.059,+0.909
1718450700,+3.32,+17.188, +0.058,+0.909
1718450760,+3.32,+17.180, +0.059,+0.909
1718450820,+3.32,+17.197, +0.058,+0.909
1718450880,+3.32,+17.222, +0.059,+0.909
1718450940,+3.32,+17.214, +0.059,+0.909
1718451000,+3.32,+17.231, +0.058,+0.909
1718451060,+3.32,+17.222, +0.059,+0.909
1718451120,+3.32,+17.239, +0.059,+0.909
1718451180,+3.32,+17.239, +0.059,+0.909
1718451240,+3.32,+17.248, +0.058,+0.909
1718451300,+3.32,+17.265, +0.058,+0.909
1718451360,+3.32,+17.256, +0.059,+0.909
1718451420,+3.32,+17.282, +0.058,+0.909
1718451480,+3.32,+17.265, +0.058,+0.909
1718451540,+3.32,+17.290, +0.058,+0.909
1718451600,+3.32,+17.273, +0.058,+0.909
1718451660,+3.32,+17.298, +0.059,+0.909
1718451720,+3.32,+17.307, +0.058,+0.909
1718451780,+3.32,+17.298, +0.059,+0.909
1718451840,+3.32,+17.332, +0.058,+0.909
1718451900,+3.32,+17.332, +0.058,+0.909
1718451960,+3.32,+17.332, +0.059,+0.909
1718452020,+3.32,+17.341, +0.058,+0.909
1718452080,+3.32,+17.358, +0.059,+0.909
1718452140,+3.32,+17.349, +0.058,+0.909
1718452200,+3.32,+17.349, +0.058,+0.909
1718452260,+3.32,+17.358, +0.058,+0.909
1718452320,+3.32,+17.392, +0.058,+0.909
1718452380,+3.32,+17.375, +0.059,+0.909
1718452440,+3.32,+17.408, +0.059,+0.909
1718452500,+3.32,+17.400, +0.059,+0.909
1718452560,+3.32,+17.434, +0.059,+0.909
1718452620,+3.32,+17.425, +0.058,+0.909
1718452680,+3.32,+17.408, +0.058,+0.909
1718452740,+3.32,+17.434, +0.058,+0.909
1718452800,+3.32,+17.451, +0.058,+0.910
1718452860,+3.32,+17.451, +0.058,+0.909
1718452920,+3.32,+17.459, +0.058,+0.909
1718452980,+3.32,+17.476, +0.059,+0.910
1718453040,+3.32,+17.493, +0.059,+0.909
1718453100,+3.32,+17.493, +0.059,+0.910
1718453160,+3.32,+17.485, +0.059,+0.910
1718453220,+3.32,+17.510, +0.058,+0.910
1718453280,+3.32,+17.518, +0.058,+0.910
1718453340,+3.32,+17.527, +0.059,+0.910
1718453400,+3.32,+17.527, +0.058,+0.909
1718453460,+3.32,+17.527, +0.058,+0.909
1718453520,+3.32,+17.518, +0.058,+0.910
1718453580,+3.32,+17.535, +0.058,+0.909
1718453640,+3.32,+17.552, +0.059,+0.910
1718453700,+3.32,+17.561, +0.059,+0.910
1718453760,+3.32,+17.552, +0.058,+0.910
1718453820,+3.32,+17.561, +0.058,+0.910
1718453880,+3.32,+17.569, +0.058,+0.909
1718453940,+3.32,+17.578, +0.058,+0.909
1718454000,+3.32,+17.586, +0.058,+0.910
1718454060,+3.32,+17.561, +0.058,+0.910
1718454120,+3.32,+17.569, +0.058,+0.910
1718454180,+3.32,+17.586, +0.057,+0.910
1718454240,+3.32,+17.586, +0.058,+0.910
1718454300,+3.32,+17.594, +0.058,+0.910
1718454360,+3.32,+17.594, +0.058,+0.910
1718454420,+3.32,+17.594, +0.057,+0.910
1718454480,+3.32,+17.603, +0.058,+0.910
1718454540,+3.32,+17.628, +0.058,+0.910
1718454600,+3.32,+17.611, +0.058,+0.910
1718454660,+3.32,+17.611, +0.058,+0.910
1718454720,+3.32,+17.645, +0.058,+0.910
1718454780,+3.32,+17.637, +0.058,+0.910
1718454840,+3.32,+17.654, +0.058,+0.910
1718454900,+3.32,+17.654, +0.058,+0.910
1718454960,+3.32,+17.671, +0.058,+0.910
1718455020,+3.32,+17.671, +0.058,+0.910
1718455080,+3.32,+17.696, +0.058,+0.910
1718455140,+3.32,+17.687, +0.058,+0.910
1718455200,+3.32,+17.687, +0.057,+0.909
1718455260,+3.32,+17.687, +0.058,+0.910
1718455320,+3.32,+17.713, +0.058,+0.910
1718455380,+3.32,+17.713, +0.059,+0.910
1718455440,+3.32,+17.696, +0.059,+0.910
1718455500,+3.32,+17.721, +0.059,+0.910
1718455560,+3.32,+17.738, +0.058,+0.910
1718455620,+3.32,+17.721, +0.058,+0.910
1718455680,+3.32,+17.738, +0.058,+0.910
1718455740,+3.32,+17.755, +0.058,+0.910
1718455800,+3.32,+17.772, +0.058,+0.909
1718455860,+3.32,+17.772, +0.057,+0.910
1718455920,+3.32,+17.772, +0.058,+0.910
1718455980,+3.32,+17.789, +0.058,+0.910
1718456040,+3.32,+17.797, +0.058,+0.910
1718456100,+3.32,+17.789, +0.058,+0.910
1718456160,+3.32,+17.797, +0.059,+0.910
1718456220,+3.32,+17.823, +0.058,+0.910
1718456280,+3.32,+17.823, +0.058,+0.910
1718456340,+3.32,+17.823, +0.058,+0.910
1718456400,+3.32,+17.831, +0.058,+0.910
1718456460,+3.32,+17.839, +0.057,+0.910
1718456520,+3.32,+17.839, +0.058,+0.910
1718456580,+3.32,+17.856, +0.058,+0.910
1718456640,+3.32,+17.882, +0.058,+0.910
1718456700,+3.32,+17.873, +0.057,+0.910
1718456760,+3.32,+17.882, +0.057,+0.910
1718456820,+3.32,+17.890, +0.058,+0.910
1718456880,+3.32,+17.890, +0.058,+0.910
1718456940,+3.32,+17.899, +0.057,+0.910
1718457000,+3.32,+17.907, +0.059,+0.910
1718457060,+3.32,+17.907, +0.058,+0.910
1718457120,+3.32,+17.924, +0.058,+0.910
1718457180,+3.32,+17.932, +0.058,+0.910
1718457240,+3.32,+17.949, +0.058,+0.910
1718457300,+3.32,+17.941, +0.057,+0.910
1718457360,+3.32,+17.932, +0.057,+0.910
1718457420,+3.32,+17.958, +0.058,+0.910
1718457480,+3.32,+17.974, +0.058,+0.910
1718457540,+3.32,+17.966, +0.057,+0.910
1718457600,+3.32,+17.983, +0.057,+0.910
1718457660,+3.32,+17.974, +0.058,+0.910
1718457720,+3.32,+17.983, +0.058,+0.910
1718457780,+3.32,+17.991, +0.058,+0.910
1718457840,+3.32,+18.008, +0.058,+0.910
1718457900,+3.32,+18.000, +0.058,+0.910
1718457960,+3.32,+18.000, +0.057,+0.910
1718458020,+3.32,+18.033, +0.057,+0.910
1718458080,+3.32,+18.050, +0.057,+0.910
1718458140,+3.32,+18.042, +0.058,+0.910
1718458200,+3.32,+18.042, +0.058,+0.910
1718458260,+3.32,+18.050, +0.058,+0.910
1718458320,+3.32,+18.050, +0.057,+0.910
1718458380,+3.32,+18.076, +0.057,+0.910
1718458440,+3.32,+18.059, +0.058,+0.910
1718458500,+3.32,+18.076, +0.057,+0.910
1718458560,+3.32,+18.084, +0.057,+0.910
1718458620,+3.32,+18.067, +0.057,+0.910
1718458680,+3.32,+18.067, +0.059,+0.910
1718458740,+3.32,+18.109, +0.057,+0.910
1718458800,+3.32,+18.084, +0.058,+0.910
1718458860,+3.32,+18.109, +0.058,+0.910
1718458920,+3.32,+18.126, +0.057,+0.910
1718458980,+3.32,+18.126, +0.057,+0.910
1718459040,+3.32,+18.135, +0.057,+0.910
1718459100,+3.32,+18.143, +0.058,+0.910
1718459160,+3.32,+18.151, +0.057,+0.910
1718459220,+3.32,+18.143, +0.058,+0.910
1718459280,+3.32,+18.151, +0.058,+0.910
1718459340,+3.32,+18.143, +0.057,+0.910
1718459400,+3.32,+18.151, +0.058,+0.910
1718459460,+3.32,+18.168, +0.057,+0.910
1718459520,+3.32,+18.160, +0.058,+0.910
1718459580,+3.32,+18.168, +0.057,+0.910
1718459640,+3.32,+18.185, +0.057,+0.910
1718459700,+3.32,+18.185, +0.057,+0.910
1718459760,+3.32,+18.219, +0.057,+0.910
1718459820,+3.32,+18.202, +0.058,+0.910
1718459880,+3.32,+18.202, +0.058,+0.910
1718459940,+3.32,+18.202, +0.057,+0.910
1718460000,+3.32,+18.219, +0.058,+0.910
1718460060,+3.32,+18.210, +0.057,+0.910
1718460120,+3.32,+18.210, +0.056,+0.910
1718460180,+3.32,+18.227, +0.057,+0.910
1718460240,+3.32,+18.202, +0.057,+0.910
1718460300,+3.32,+18.236, +0.057,+0.910
1718460360,+3.32,+18.236, +0.057,+0.910
1718460420,+3.32,+18.236, +0.057,+0.910
1718460480,+3.32,+18.236, +0.057,+0.910
1718460540,+3.32,+18.244, +0.057,+0.910
1718460600,+3.32,+18.244, +0.058,+0.910
1718460660,+3.32,+18.236, +0.057,+0.910
1718460720,+3.32,+18.253, +0.057,+0.910
1718460780,+3.32,+18.253, +0.057,+0.910
1718460840,+3.32,+18.269, +0.057,+0.910
1718460900,+3.32,+18.269, +0.058,+0.910
1718460960,+3.32,+18.286, +0.057,+0.910
1718461020,+3.32,+18.278, +0.056,+0.910
1718461080,+3.32,+18.286, +0.057,+0.910
1718461140,+3.32,+18.269, +0.057,+0.910
1718461200,+3.32,+18.295, +0.057,+0.910
1718461260,+3.32,+18.278, +0.057,+0.910
1718461320,+3.32,+18.295, +0.057,+0.910
1718461380,+3.32,+18.312, +0.057,+0.910
1718461440,+3.32,+18.312, +0.057,+0.910
1718461500,+3.32,+18.286, +0.057,+0.910
1718461560,+3.32,+18.303, +0.057,+0.910
1718461620,+3.32,+18.328, +0.057,+0.910
1718461680,+3.32,+18.328, +0.057,+0.910
1718461740,+3.32,+18.320, +0.057,+0.910
1718461800,+3.32,+18.312, +0.057,+0.910
1718461860,+3.32,+18.320, +0.057,+0.910
1718461920,+3.32,+18.337, +0.056,+0.910
1718461980,+3.32,+18.345, +0.057,+0.910
1718462040,+3.32,+18.328, +0.057,+0.910
1718462100,+3.32,+18.345, +0.057,+0.910
1718462160,+3.32,+18.337, +0.057,+0.910
1718462220,+3.32,+18.354, +0.057,+0.910
1718462280,+3.32,+18.345, +0.058,+0.910
1718462340,+3.32,+18.371, +0.056,+0.910
1718462400,+3.32,+18.345, +0.057,+0.910
1718462460,+3.32,+18.371, +0.057,+0.910
1718462520,+3.32,+18.379, +0.057,+0.910
1718462580,+3.32,+18.371, +0.057,+0.910
1718462640,+3.32,+18.379, +0.057,+0.910
1718462700,+3.32,+18.379, +0.056,+0.910
1718462760,+3.32,+18.379, +0.057,+0.910
1718462820,+3.32,+18.396, +0.056,+0.910
1718462880,+3.32,+18.379, +0.057,+0.910
1718462940,+3.32,+18.387, +0.056,+0.910
1718463000,+3.32,+18.404, +0.056,+0.910
1718463060,+3.32,+18.404, +0.056,+0.910
1718463120,+3.32,+18.413, +0.057,+0.910
1718463180,+3.32,+18.413, +0.057,+0.910
1718463240,+3.32,+18.421, +0.057,+0.910
1718463300,+3.32,+18.446, +0.057,+0.910
1718463360,+3.32,+18.438, +0.056,+0.910
1718463420,+3.32,+18.421, +0.057,+0.910
1718463480,+3.32,+18.446, +0.056,+0.910
1718463540,+3.32,+18.455, +0.056,+0.910
1718463600,+3.32,+18.455, +0.057,+0.910
1718463660,+3.32,+18.446, +0.056,+0.910
1718463720,+3.32,+18.480, +0.057,+0.910
1718463780,+3.32,+18.455, +0.057,+0.910
1718463840,+3.32,+18.472, +0.056,+0.910
1718463900,+3.32,+18.472, +0.057,+0.910
1718463960,+3.32,+18.480, +0.057,+0.910
1718464020,+3.32,+18.480, +0.057,+0.910
1718464080,+3.32,+18.497, +0.056,+0.910
1718464140,+3.32,+18.472, +0.057,+0.910
1718464200,+3.32,+18.497, +0.057,+0.910
1718464260,+3.32,+18.505, +0.056,+0.910
1718464320,+3.32,+18.505, +0.056,+0.910
1718464380,+3.32,+18.514, +0.056,+0.910
1718464440,+3.32,+18.514, +0.056,+0.910
1718464500,+3.32,+18.505, +0.057,+0.910
1718464560,+3.32,+18.497, +0.057,+0.910
1718464620,+3.32,+18.522, +0.056,+0.910
1718464680,+3.32,+18.530, +0.056,+0.910
1718464740,+3.32,+18.514, +0.056,+0.910
1718464800,+3.32,+18.530, +0.057,+0.910
1718464860,+3.32,+18.547, +0.056,+0.910
1718464920,+3.32,+18.539, +0.056,+0.910
1718464980,+3.32,+18.556, +0.057,+0.910
1718465040,+3.32,+18.556, +0.057,+0.910
1718465100,+3.32,+18.581, +0.056,+0.910
1718465160,+3.32,+18.564, +0.056,+0.910
1718465220,+3.32,+18.556, +0.056,+0.910
1718465280,+3.32,+18.556, +0.056,+0.910
1718465340,+3.32,+18.581, +0.056,+0.910
1718465400,+3.32,+18.572, +0.056,+0.910
1718465460,+3.32,+18.581, +0.056,+0.910
1718465520,+3.32,+18.572, +0.056,+0.910
1718465580,+3.32,+18.598, +0.057,+0.910
1718465640,+3.32,+18.589, +0.056,+0.910
1718465700,+3.32,+18.606, +0.057,+0.910
1718465760,+3.32,+18.598, +0.056,+0.910
1718465820,+3.32,+18.615, +0.057,+0.910
1718465880,+3.32,+18.623, +0.056,+0.910
1718465940,+3.32,+18.640, +0.056,+0.910
1718466000,+3.32,+18.640, +0.056,+0.910
1718466060,+3.32,+18.631, +0.056,+0.910
1718466120,+3.32,+18.640, +0.056,+0.910
1718466180,+3.32,+18.640, +0.056,+0.910
1718466240,+3.32,+18.657, +0.057,+0.910
1718466300,+3.32,+18.657, +0.057,+0.910
1718466360,+3.32,+18.657, +0.055,+0.910
1718466420,+3.32,+18.665, +0.056,+0.910
1718466480,+3.32,+18.682, +0.056,+0.910
1718466540,+3.32,+18.673, +0.056,+0.910
1718466600,+3.32,+18.690, +0.056,+0.910
1718466660,+3.32,+18.690, +0.057,+0.910
1718466720,+3.32,+18.682, +0.057,+0.910
1718466780,+3.32,+18.690, +0.056,+0.910
1718466840,+3.32,+18.699, +0.056,+0.910
1718466900,+3.32,+18.707, +0.056,+0.910
1718466960,+3.32,+18.707, +0.056,+0.910
1718467020,+3.32,+18.715, +0.055,+0.910
1718467080,+3.32,+18.724, +0.056,+0.910
1718467140,+3.32,+18.724, +0.056,+0.910
1718467200,+3.32,+18.724, +0.056,+0.910
1718467260,+3.32,+18.724, +0.056,+0.910
1718467320,+3.32,+18.715, +0.056,+0.910
1718467380,+3.32,+18.724, +0.056,+0.910
1718467440,+3.32,+18.741, +0.057,+0.910
1718467500,+3.32,+18.749, +0.056,+0.910
1718467560,+3.32,+18.766, +0.056,+0.910
1718467620,+3.32,+18.749, +0.056,+0.910
1718467680,+3.32,+18.766, +0.055,+0.910
1718467740,+3.32,+18.774, +0.056,+0.910
1718467800,+3.32,+18.774, +0.056,+0.910
1718467860,+3.32,+18.766, +0.056,+0.910
1718467920,+3.32,+18.774, +0.057,+0.910
1718467980,+3.32,+18.783, +0.056,+0.910
1718468040,+3.32,+18.808, +0.057,+0.910
1718468100,+3.32,+18.808, +0.055,+0.910
1718468160,+3.32,+18.816, +0.056,+0.910
1718468220,+3.32,+18.800, +0.056,+0.910
1718468280,+3.32,+18.816, +0.056,+0.910
1718468340,+3.32,+18.816, +0.056,+0.910
1718468400,+3.32,+18.825, +0.056,+0.910
1718468460,+3.32,+18.842, +0.056,+0.910
1718468520,+3.32,+18.850, +0.056,+0.910
1718468580,+3.32,+18.842, +0.056,+0.910
1718468640,+3.32,+18.833, +0.056,+0.910
1718468700,+3.32,+18.825, +0.056,+0.910
1718468760,+3.32,+18.842, +0.056,+0.910
1718468820,+3.32,+18.842, +0.056,+0.910
1718468880,+3.32,+18.842, +0.056,+0.910
1718468940,+3.32,+18.867, +0.056,+0.910
1718469000,+3.32,+18.858, +0.056,+0.910
1718469060,+3.32,+18.867, +0.056,+0.910
1718469120,+3.32,+18.858, +0.056,+0.910
1718469180,+3.32,+18.884, +0.056,+0.910
1718469240,+3.32,+18.884, +0.056,+0.910
1718469300,+3.32,+18.900, +0.056,+0.910
1718469360,+3.32,+18.892, +0.056,+0.910
1718469420,+3.32,+18.900, +0.055,+0.910
1718469480,+3.32,+18.892, +0.056,+0.910
1718469540,+3.32,+18.900, +0.057,+0.910
1718469600,+3.32,+18.884, +0.057,+0.910
1718469660,+3.32,+18.892, +2.920,+0.926
1718469720,+3.32,+19.270, +4.600,+0.929
1718469780,+3.32,+19.253, +4.946,+0.929
1718469840,+3.32,+19.823, +6.756,+0.930
1718469900,+3.32,+19.639, +7.399,+0.928
