7450-162475
OS REV: 1.05 Sensor Cal: 1621536236
Time (sec),  BV (Volts),  T (deg C),  DO (mg/l),  Q ()
1718297340,+2.99,+23.696, +7.105,+0.931
1718297400,+2.99,+23.889, +7.089,+0.931
1718297460,+2.99,+24.023, +7.082,+0.932
1718297520,+2.99,+24.115, +7.079,+0.932
1718297580,+2.99,+24.182, +7.060,+0.931
1718297640,+2.99,+24.232, +7.066,+0.932
1718297700,+2.99,+24.257, +7.060,+0.931
1718297760,+2.99,+24.283, +7.050,+0.931
1718297820,+2.99,+24.291, +7.055,+0.931
1718297880,+2.99,+24.308, +7.062,+0.932
1718297940,+2.99,+24.308, +7.055,+0.932
1718298000,+2.99,+24.308, +7.052,+0.931
1718298060,+2.99,+24.291, +7.055,+0.931
1718298120,+2.99,+24.299, +7.062,+0.932
1718298180,+2.99,+24.291, +7.053,+0.931
1718298240,+2.99,+24.308, +7.048,+0.931
1718298300,+2.99,+24.316, +7.056,+0.932
1718298360,+2.99,+24.308, +7.059,+0.932
1718298420,+2.99,+24.316, +7.056,+0.932
1718298480,+2.99,+24.333, +7.032,+0.931
1718298540,+2.99,+24.341, +7.039,+0.932
1718298600,+2.99,+24.333, +7.048,+0.932
1718298660,+2.99,+24.333, +7.054,+0.932
1718298720,+2.99,+24.358, +7.044,+0.931
1718298780,+2.99,+24.358, +7.064,+0.933
1718298840,+2.99,+24.375, +7.036,+0.931
1718298900,+2.99,+24.375, +7.045,+0.932
1718298960,+2.99,+24.375, +7.049,+0.932
1718299020,+2.99,+24.383, +7.049,+0.932
1718299080,+2.99,+24.400, +7.051,+0.932
1718299140,+2.99,+24.417, +7.046,+0.932
1718299200,+2.99,+24.417, +7.043,+0.932
1718299260,+2.99,+24.417, +7.050,+0.932
1718299320,+2.99,+24.425, +7.045,+0.932
1718299380,+2.99,+24.434, +7.038,+0.931
1718299440,+2.99,+24.434, +7.042,+0.931
1718299500,+2.99,+24.467, +7.045,+0.932
1718299560,+2.99,+24.476, +7.043,+0.932
1718299620,+2.99,+24.467, +7.049,+0.932
1718299680,+2.99,+24.484, +7.042,+0.932
1718299740,+2.99,+24.476, +7.039,+0.932
1718299800,+2.99,+24.509, +7.033,+0.932
1718299860,+2.99,+24.501, +7.034,+0.931
1718299920,+2.99,+24.501, +7.044,+0.932
1718299980,+2.99,+24.517, +7.037,+0.932
1718300040,+2.99,+24.534, +7.036,+0.932
1718300100,+2.99,+24.551, +7.031,+0.932
1718300160,+2.99,+24.526, +7.039,+0.932
1718300220,+2.99,+24.543, +7.033,+0.932
1718300280,+2.99,+24.543, +7.035,+0.932
1718300340,+2.99,+24.576, +7.024,+0.931
1718300400,+2.99,+24.576, +7.036,+0.932
1718300460,+2.99,+24.593, +7.034,+0.932
1718300520,+2.99,+24.568, +7.034,+0.932
1718300580,+2.99,+24.559, +7.031,+0.932
1718300640,+2.99,+24.509, +7.037,+0.932
1718300700,+2.99,+24.450, +7.042,+0.931
1718300760,+2.99,+24.392, +7.052,+0.932
1718300820,+2.99,+24.350, +7.049,+0.931
1718300880,+2.99,+24.274, +7.063,+0.931
1718300940,+2.99,+24.207, +7.070,+0.931
1718301000,+2.99,+24.132, +7.075,+0.931
1718301060,+2.99,+24.081, +7.087,+0.931
1718301120,+2.99,+24.006, +7.083,+0.931
1718301180,+2.99,+23.947, +7.099,+0.931
1718301240,+2.99,+23.905, +7.101,+0.931
1718301300,+2.99,+23.863, +7.117,+0.931
1718301360,+2.99,+23.847, +7.114,+0.931
1718301420,+2.99,+23.847, +7.109,+0.931
1718301480,+2.99,+23.855, +7.114,+0.931
1718301540,+2.99,+23.863, +7.109,+0.931
1718301600,+2.99,+23.880, +7.111,+0.931
1718301660,+2.99,+23.922, +7.102,+0.931
1718301720,+2.99,+23.930, +7.094,+0.930
1718301780,+2.99,+23.930, +7.110,+0.931
1718301840,+2.99,+23.956, +7.110,+0.931
1718301900,+2.99,+23.981, +7.104,+0.931
1718301960,+2.99,+23.981, +7.099,+0.931
1718302020,+2.99,+23.981, +7.104,+0.931
1718302080,+2.99,+24.014, +7.104,+0.931
1718302140,+2.99,+24.014, +7.110,+0.932
1718302200,+2.99,+24.039, +7.098,+0.931
1718302260,+2.99,+24.039, +7.095,+0.931
1718302320,+2.99,+24.048, +7.101,+0.931
1718302380,+2.99,+24.048, +7.102,+0.931
1718302440,+2.99,+24.073, +7.094,+0.931
1718302500,+2.99,+24.065, +7.098,+0.931
1718302560,+2.99,+24.106, +7.091,+0.931
1718302620,+2.99,+24.132, +7.089,+0.931
1718302680,+2.99,+24.115, +7.096,+0.932
1718302740,+2.99,+24.132, +7.086,+0.931
1718302800,+2.99,+24.132, +7.090,+0.931
1718302860,+2.99,+24.148, +7.086,+0.931
1718302920,+2.99,+24.157, +7.089,+0.931
1718302980,+2.99,+24.157, +7.081,+0.931
1718303040,+2.99,+24.190, +7.078,+0.931
1718303100,+2.99,+24.199, +7.084,+0.931
1718303160,+2.99,+24.199, +7.084,+0.931
1718303220,+2.99,+24.224, +7.077,+0.931
1718303280,+2.99,+24.215, +7.078,+0.931
1718303340,+2.99,+24.241, +7.075,+0.931
1718303400,+2.99,+24.241, +7.079,+0.932
1718303460,+2.99,+24.241, +7.079,+0.931
1718303520,+2.99,+24.266, +7.076,+0.931
1718303580,+2.99,+24.274, +7.072,+0.931
1718303640,+2.99,+24.283, +7.073,+0.932
1718303700,+2.99,+24.299, +7.069,+0.931
1718303760,+2.99,+24.283, +7.070,+0.931
1718303820,+2.99,+24.291, +7.068,+0.931
1718303880,+2.99,+24.299, +7.076,+0.932
1718303940,+2.99,+24.316, +7.071,+0.932
1718304000,+2.99,+24.299, +7.066,+0.931
1718304060,+2.99,+24.308, +7.052,+0.931
