7450-162475
OS REV: 1.05 Sensor Cal: 1621536236
Time (sec),  BV (Volts),  T (deg C),  DO (mg/l),  Q ()
1718304240,+3.33,+24.971, +6.965,+0.931
1718304300,+3.33,+25.131, +6.971,+0.932
1718304360,+3.33,+25.248, +6.936,+0.932
1718304420,+3.32,+25.333, +6.926,+0.932
1718304480,+3.33,+25.375, +6.918,+0.932
1718304540,+3.33,+25.391, +6.927,+0.933
1718304600,+3.33,+25.391, +6.921,+0.932
1718304660,+3.33,+25.391, +6.930,+0.933
1718304720,+3.33,+25.400, +6.931,+0.933
1718304780,+3.33,+25.383, +6.930,+0.933
1718304840,+3.32,+25.358, +6.933,+0.933
1718304900,+3.32,+25.366, +6.927,+0.932
1718304960,+3.33,+25.375, +6.933,+0.933
1718305020,+3.33,+25.366, +6.934,+0.933
1718305080,+3.33,+25.383, +6.926,+0.933
1718305140,+3.32,+25.366, +6.926,+0.933
1718305200,+3.32,+25.358, +6.927,+0.932
1718305260,+3.32,+25.333, +6.938,+0.933
1718305320,+3.32,+25.316, +6.937,+0.933
1718305380,+3.32,+25.307, +6.942,+0.933
1718305440,+3.32,+25.282, +6.947,+0.933
1718305500,+3.32,+25.274, +6.942,+0.933
1718305560,+3.32,+25.257, +6.939,+0.932
1718305620,+3.32,+25.232, +6.954,+0.933
1718305680,+3.32,+25.223, +6.951,+0.932
1718305740,+3.32,+25.198, +6.954,+0.932
1718305800,+3.32,+25.190, +6.957,+0.933
1718305860,+3.32,+25.181, +6.963,+0.933
1718305920,+3.32,+25.190, +6.954,+0.933
1718305980,+3.32,+25.164, +6.955,+0.932
1718306040,+3.32,+25.148, +6.963,+0.933
1718306100,+3.32,+25.131, +6.955,+0.932
1718306160,+3.32,+25.131, +6.967,+0.933
1718306220,+3.32,+25.114, +6.972,+0.933
1718306280,+3.32,+25.114, +6.969,+0.933
1718306340,+3.32,+25.097, +6.974,+0.933
1718306400,+3.32,+25.097, +6.966,+0.932
1718306460,+3.32,+25.072, +6.982,+0.933
1718306520,+3.32,+25.055, +6.980,+0.933
1718306580,+3.32,+25.021, +6.988,+0.933
1718306640,+3.32,+24.996, +6.985,+0.933
1718306700,+3.32,+24.954, +6.989,+0.932
1718306760,+3.33,+24.929, +6.999,+0.933
1718306820,+3.33,+24.870, +7.000,+0.932
1718306880,+3.33,+24.845, +7.001,+0.932
1718306940,+3.33,+24.795, +7.006,+0.932
1718307000,+3.33,+24.753, +7.009,+0.932
1718307060,+3.33,+24.727, +7.007,+0.932
1718307120,+3.33,+24.694, +7.011,+0.932
1718307180,+3.33,+24.643, +7.029,+0.932
1718307240,+3.33,+24.618, +7.028,+0.932
1718307300,+3.33,+24.576, +7.035,+0.932
1718307360,+3.33,+24.543, +7.036,+0.932
1718307420,+3.33,+24.534, +7.036,+0.932
1718307480,+3.33,+24.492, +7.044,+0.932
1718307540,+3.33,+24.476, +7.050,+0.932
1718307600,+3.33,+24.459, +7.044,+0.932
1718307660,+3.33,+24.442, +7.045,+0.932
1718307720,+3.33,+24.434, +7.048,+0.932
1718307780,+3.33,+24.417, +7.049,+0.932
1718307840,+3.33,+24.408, +7.055,+0.932
1718307900,+3.33,+24.417, +7.051,+0.932
1718307960,+3.33,+24.417, +7.050,+0.932
1718308020,+3.33,+24.408, +7.053,+0.932
1718308080,+3.33,+24.417, +7.049,+0.932
1718308140,+3.33,+24.417, +7.046,+0.931
1718308200,+3.33,+24.425, +7.057,+0.932
1718308260,+3.33,+24.434, +7.047,+0.932
1718308320,+3.33,+24.442, +7.046,+0.932
1718308380,+3.33,+24.434, +7.047,+0.932
1718308440,+3.33,+24.434, +7.048,+0.932
1718308500,+3.33,+24.417, +7.056,+0.932
1718308560,+3.33,+24.408, +7.053,+0.932
1718308620,+3.33,+24.417, +7.050,+0.932
1718308680,+3.33,+24.383, +7.058,+0.932
1718308740,+3.33,+24.383, +7.057,+0.932
1718308800,+3.33,+24.358, +7.065,+0.932
1718308860,+3.33,+24.341, +7.064,+0.932
1718308920,+3.33,+24.324, +7.061,+0.932
1718308980,+3.32,+24.299, +7.070,+0.932
1718309040,+3.32,+24.291, +7.063,+0.932
1718309100,+3.32,+24.249, +7.077,+0.932
1718309160,+3.32,+24.241, +7.071,+0.932
1718309220,+3.32,+24.224, +7.071,+0.932
1718309280,+3.32,+24.207, +7.085,+0.932
1718309340,+3.32,+24.182, +7.070,+0.931
1718309400,+3.32,+24.174, +7.078,+0.932
1718309460,+3.32,+24.132, +7.085,+0.932
1718309520,+3.32,+24.106, +7.086,+0.931
1718309580,+3.32,+24.115, +7.086,+0.931
1718309640,+3.32,+24.090, +7.087,+0.931
1718309700,+3.32,+24.065, +7.090,+0.931
1718309760,+3.32,+24.048, +7.101,+0.932
1718309820,+3.32,+24.039, +7.101,+0.932
1718309880,+3.32,+24.006, +7.102,+0.932
1718309940,+3.32,+23.998, +7.114,+0.933
1718310000,+3.32,+23.989, +7.090,+0.931
1718310060,+3.32,+23.981, +7.097,+0.931
1718310120,+3.32,+23.956, +7.103,+0.931
1718310180,+3.32,+23.956, +7.104,+0.931
1718310240,+3.32,+23.947, +7.113,+0.932
1718310300,+3.32,+23.922, +7.108,+0.931
1718310360,+3.32,+23.914, +7.114,+0.932
1718310420,+3.32,+23.897, +7.117,+0.932
1718310480,+3.32,+23.880, +7.111,+0.931
1718310540,+3.32,+23.889, +7.117,+0.932
1718310600,+3.32,+23.863, +7.107,+0.931
1718310660,+3.32,+23.872, +7.113,+0.931
1718310720,+3.32,+23.847, +7.116,+0.931
1718310780,+3.32,+23.855, +7.115,+0.931
1718310840,+3.32,+23.847, +7.129,+0.932
1718310900,+3.32,+23.838, +7.111,+0.931
1718310960,+3.33,+23.822, +7.124,+0.932
1718311020,+3.33,+23.813, +7.110,+0.931
1718311080,+3.32,+23.805, +7.127,+0.932
1718311140,+3.33,+23.796, +7.127,+0.932
1718311200,+3.33,+23.763, +7.124,+0.931
1718311260,+3.33,+23.780, +7.131,+0.932
1718311320,+3.32,+23.788, +7.119,+0.931
1718311380,+3.33,+23.771, +7.120,+0.931
1718311440,+3.33,+23.771, +7.122,+0.931
1718311500,+3.33,+23.755, +7.122,+0.931
1718311560,+3.33,+23.746, +7.121,+0.931
1718311620,+3.33,+23.738, +7.118,+0.930
1718311680,+3.33,+23.746, +7.130,+0.932
1718311740,+3.33,+23.729, +7.130,+0.931
1718311800,+3.33,+23.729, +7.136,+0.932
1718311860,+3.33,+23.713, +7.132,+0.931
1718311920,+3.33,+23.746, +7.116,+0.931
1718311980,+3.33,+23.729, +7.127,+0.931
1718312040,+3.32,+23.729, +7.124,+0.931
1718312100,+3.33,+23.729, +7.121,+0.931
1718312160,+3.33,+23.738, +7.120,+0.931
1718312220,+3.33,+23.738, +7.118,+0.931
1718312280,+3.33,+23.729, +7.120,+0.931
1718312340,+3.33,+23.729, +7.121,+0.931
1718312400,+3.33,+23.729, +7.132,+0.932
1718312460,+3.33,+23.729, +7.139,+0.932
1718312520,+3.32,+23.738, +7.116,+0.930
1718312580,+3.32,+23.738, +7.124,+0.931
1718312640,+3.33,+23.738, +7.126,+0.932
1718312700,+3.32,+23.746, +7.123,+0.931
1718312760,+3.32,+23.738, +7.126,+0.932
1718312820,+3.32,+23.763, +7.121,+0.931
1718312880,+3.32,+23.738, +7.118,+0.931
1718312940,+3.32,+23.746, +7.124,+0.931
1718313000,+3.32,+23.746, +7.126,+0.931
1718313060,+3.32,+23.771, +7.119,+0.931
1718313120,+3.32,+23.771, +7.114,+0.931
1718313180,+3.32,+23.771, +7.126,+0.932
1718313240,+3.32,+23.788, +7.116,+0.932
1718313300,+3.32,+23.796, +7.116,+0.931
1718313360,+3.32,+23.805, +7.116,+0.931
1718313420,+3.32,+23.796, +7.120,+0.931
1718313480,+3.32,+23.813, +7.108,+0.931
1718313540,+3.32,+23.822, +7.112,+0.931
1718313600,+3.32,+23.822, +7.104,+0.931
1718313660,+3.32,+23.813, +7.112,+0.931
1718313720,+3.32,+23.830, +7.099,+0.931
1718313780,+3.32,+23.822, +7.109,+0.931
1718313840,+3.32,+23.822, +7.114,+0.931
1718313900,+3.32,+23.813, +7.112,+0.931
1718313960,+3.32,+23.838, +7.102,+0.931
1718314020,+3.32,+23.847, +7.112,+0.931
1718314080,+3.32,+23.863, +7.110,+0.932
1718314140,+3.32,+23.889, +7.102,+0.932
1718314200,+3.32,+23.880, +7.105,+0.931
1718314260,+3.32,+23.889, +7.103,+0.931
1718314320,+3.32,+23.872, +7.108,+0.932
1718314380,+3.32,+23.880, +7.105,+0.931
1718314440,+3.32,+23.889, +7.095,+0.931
1718314500,+3.32,+23.872, +7.108,+0.932
1718314560,+3.32,+23.872, +7.105,+0.932
1718314620,+3.32,+23.855, +7.105,+0.931
1718314680,+3.32,+23.872, +7.099,+0.931
1718314740,+3.32,+23.847, +7.112,+0.931
1718314800,+3.32,+23.847, +7.113,+0.932
1718314860,+3.32,+23.838, +7.115,+0.932
1718314920,+3.32,+23.855, +7.100,+0.931
1718314980,+3.32,+23.830, +7.108,+0.931
1718315040,+3.32,+23.830, +7.114,+0.932
1718315100,+3.32,+23.822, +7.127,+0.932
1718315160,+3.32,+23.805, +7.118,+0.931
1718315220,+3.32,+23.813, +7.112,+0.931
1718315280,+3.32,+23.822, +7.117,+0.932
1718315340,+3.32,+23.838, +7.100,+0.931
1718315400,+3.32,+23.805, +7.114,+0.931
1718315460,+3.32,+23.813, +7.103,+0.931
1718315520,+3.32,+23.796, +7.117,+0.931
1718315580,+3.32,+23.788, +7.118,+0.931
1718315640,+3.32,+23.788, +7.116,+0.931
1718315700,+3.32,+23.780, +7.124,+0.932
1718315760,+3.32,+23.788, +7.106,+0.931
1718315820,+3.32,+23.780, +7.123,+0.932
1718315880,+3.32,+23.796, +7.119,+0.932
1718315940,+3.32,+23.780, +7.115,+0.931
1718316000,+3.32,+23.771, +7.127,+0.932
1718316060,+3.32,+23.771, +7.111,+0.931
1718316120,+3.32,+23.763, +7.121,+0.932
1718316180,+3.32,+23.780, +7.109,+0.931
1718316240,+3.32,+23.763, +7.126,+0.932
1718316300,+3.32,+23.763, +7.106,+0.930
1718316360,+3.32,+23.755, +7.123,+0.931
1718316420,+3.32,+23.763, +7.117,+0.931
1718316480,+3.32,+23.755, +7.120,+0.931
1718316540,+3.32,+23.746, +7.123,+0.931
1718316600,+3.32,+23.746, +7.121,+0.931
1718316660,+3.32,+23.738, +7.120,+0.931
1718316720,+3.32,+23.729, +7.129,+0.932
1718316780,+3.32,+23.738, +7.126,+0.932
1718316840,+3.32,+23.738, +7.122,+0.931
1718316900,+3.32,+23.729, +7.117,+0.931
1718316960,+3.32,+23.738, +7.114,+0.931
1718317020,+3.32,+23.729, +7.117,+0.931
1718317080,+3.32,+23.721, +7.119,+0.931
1718317140,+3.32,+23.721, +7.119,+0.931
1718317200,+3.32,+23.729, +7.121,+0.931
1718317260,+3.32,+23.704, +7.127,+0.931
1718317320,+3.32,+23.704, +7.123,+0.931
1718317380,+3.32,+23.696, +7.134,+0.931
1718317440,+3.32,+23.696, +7.129,+0.931
1718317500,+3.32,+23.721, +7.123,+0.931
1718317560,+3.32,+23.696, +7.129,+0.931
1718317620,+3.32,+23.713, +7.125,+0.931
1718317680,+3.32,+23.679, +7.131,+0.931
1718317740,+3.32,+23.688, +7.124,+0.931
1718317800,+3.32,+23.688, +7.119,+0.931
1718317860,+3.32,+23.696, +7.120,+0.931
1718317920,+3.32,+23.688, +7.130,+0.932
1718317980,+3.32,+23.671, +7.130,+0.931
1718318040,+3.32,+23.679, +7.136,+0.932
1718318100,+3.32,+23.662, +7.128,+0.931
1718318160,+3.32,+23.662, +7.129,+0.931
1718318220,+3.32,+23.688, +7.120,+0.931
1718318280,+3.32,+23.671, +7.126,+0.931
1718318340,+3.32,+23.688, +7.124,+0.931
1718318400,+3.32,+23.679, +7.124,+0.931
1718318460,+3.32,+23.671, +7.130,+0.931
1718318520,+3.32,+23.654, +7.126,+0.931
1718318580,+3.32,+23.662, +7.134,+0.931
1718318640,+3.32,+23.654, +7.131,+0.931
1718318700,+3.32,+23.654, +7.131,+0.931
1718318760,+3.32,+23.662, +7.127,+0.931
1718318820,+3.32,+23.654, +7.130,+0.931
1718318880,+3.32,+23.662, +7.133,+0.932
1718318940,+3.32,+23.654, +7.134,+0.931
1718319000,+3.32,+23.646, +7.133,+0.931
1718319060,+3.32,+23.646, +7.127,+0.931
1718319120,+3.32,+23.646, +7.127,+0.931
1718319180,+3.32,+23.646, +7.133,+0.931
1718319240,+3.32,+23.637, +7.131,+0.931
1718319300,+3.32,+23.654, +7.131,+0.931
1718319360,+3.32,+23.637, +7.133,+0.931
1718319420,+3.32,+23.637, +7.139,+0.931
1718319480,+3.32,+23.621, +7.124,+0.931
1718319540,+3.32,+23.637, +7.134,+0.931
1718319600,+3.32,+23.637, +7.134,+0.931
1718319660,+3.32,+23.621, +7.138,+0.931
1718319720,+3.32,+23.612, +7.129,+0.930
1718319780,+3.32,+23.629, +7.129,+0.931
1718319840,+3.32,+23.629, +7.140,+0.931
1718319900,+3.32,+23.621, +7.135,+0.931
1718319960,+3.32,+23.612, +7.139,+0.931
1718320020,+3.32,+23.612, +7.141,+0.932
1718320080,+3.32,+23.621, +7.137,+0.931
1718320140,+3.33,+23.612, +7.141,+0.931
1718320200,+3.32,+23.612, +7.134,+0.931
1718320260,+3.32,+23.612, +7.131,+0.931
1718320320,+3.32,+23.595, +7.139,+0.931
1718320380,+3.32,+23.612, +7.143,+0.932
1718320440,+3.32,+23.612, +7.130,+0.931
1718320500,+3.33,+23.604, +7.140,+0.931
1718320560,+3.32,+23.612, +7.134,+0.931
1718320620,+3.32,+23.587, +7.144,+0.931
1718320680,+3.32,+23.604, +7.137,+0.931
1718320740,+3.32,+23.587, +7.142,+0.931
1718320800,+3.32,+23.604, +7.132,+0.931
1718320860,+3.32,+23.587, +7.136,+0.931
1718320920,+3.33,+23.587, +7.142,+0.931
1718320980,+3.32,+23.579, +7.141,+0.931
1718321040,+3.32,+23.570, +7.146,+0.931
1718321100,+3.32,+23.587, +7.140,+0.931
1718321160,+3.32,+23.587, +7.131,+0.930
1718321220,+3.32,+23.570, +7.149,+0.932
1718321280,+3.32,+23.579, +7.138,+0.931
1718321340,+3.32,+23.579, +7.144,+0.931
1718321400,+3.32,+23.562, +7.153,+0.931
1718321460,+3.32,+23.570, +7.142,+0.931
1718321520,+3.32,+23.545, +7.147,+0.931
1718321580,+3.32,+23.579, +7.139,+0.931
1718321640,+3.32,+23.545, +7.152,+0.931
1718321700,+3.32,+23.554, +7.149,+0.931
1718321760,+3.33,+23.554, +7.149,+0.931
1718321820,+3.32,+23.554, +7.153,+0.932
1718321880,+3.32,+23.562, +7.143,+0.931
1718321940,+3.32,+23.545, +7.151,+0.931
1718322000,+3.32,+23.545, +7.144,+0.931
1718322060,+3.32,+23.554, +7.148,+0.931
1718322120,+3.32,+23.545, +7.146,+0.931
1718322180,+3.32,+23.545, +7.142,+0.931
1718322240,+3.32,+23.545, +7.152,+0.931
1718322300,+3.32,+23.537, +7.155,+0.932
1718322360,+3.32,+23.537, +7.151,+0.931
1718322420,+3.32,+23.537, +7.149,+0.931
1718322480,+3.33,+23.528, +7.149,+0.931
1718322540,+3.32,+23.520, +7.164,+0.932
1718322600,+3.32,+23.520, +7.145,+0.931
1718322660,+3.32,+23.537, +7.136,+0.930
1718322720,+3.32,+23.528, +7.153,+0.931
1718322780,+3.32,+23.528, +7.142,+0.930
1718322840,+3.32,+23.512, +7.154,+0.931
1718322900,+3.32,+23.520, +7.145,+0.931
1718322960,+3.32,+23.528, +7.149,+0.931
1718323020,+3.33,+23.512, +7.156,+0.931
1718323080,+3.32,+23.528, +7.147,+0.931
1718323140,+3.32,+23.528, +7.153,+0.931
1718323200,+3.32,+23.503, +7.154,+0.931
1718323260,+3.32,+23.520, +7.145,+0.931
1718323320,+3.32,+23.512, +7.156,+0.931
1718323380,+3.32,+23.520, +7.153,+0.931
1718323440,+3.32,+23.528, +7.147,+0.931
1718323500,+3.32,+23.520, +7.152,+0.931
1718323560,+3.32,+23.512, +7.153,+0.931
1718323620,+3.32,+23.512, +7.154,+0.931
1718323680,+3.33,+23.537, +7.137,+0.930
1718323740,+3.32,+23.528, +7.148,+0.931
1718323800,+3.32,+23.537, +7.144,+0.931
1718323860,+3.33,+23.528, +7.151,+0.931
1718323920,+3.32,+23.528, +7.154,+0.931
1718323980,+3.32,+23.528, +7.142,+0.930
1718324040,+3.32,+23.528, +7.149,+0.931
1718324100,+3.32,+23.512, +7.152,+0.931
1718324160,+3.32,+23.528, +7.144,+0.931
1718324220,+3.32,+23.537, +7.150,+0.931
1718324280,+3.33,+23.528, +7.154,+0.931
1718324340,+3.33,+23.537, +7.156,+0.931
1718324400,+3.32,+23.545, +7.148,+0.931
1718324460,+3.32,+23.545, +7.149,+0.931
1718324520,+3.32,+23.528, +7.153,+0.931
1718324580,+3.32,+23.537, +7.157,+0.932
1718324640,+3.32,+23.545, +7.150,+0.931
1718324700,+3.32,+23.528, +7.151,+0.931
1718324760,+3.32,+23.520, +7.159,+0.932
1718324820,+3.32,+23.503, +7.156,+0.931
1718324880,+3.33,+23.545, +7.150,+0.931
1718324940,+3.32,+23.520, +7.153,+0.931
1718325000,+3.32,+23.528, +7.149,+0.931
1718325060,+3.32,+23.528, +7.152,+0.931
1718325120,+3.32,+23.545, +7.155,+0.931
1718325180,+3.32,+23.528, +7.153,+0.931
1718325240,+3.33,+23.528, +7.153,+0.931
1718325300,+3.32,+23.520, +7.156,+0.931
1718325360,+3.32,+23.503, +7.160,+0.931
1718325420,+3.32,+23.520, +7.153,+0.931
1718325480,+3.32,+23.537, +7.151,+0.931
1718325540,+3.32,+23.528, +7.150,+0.931
1718325600,+3.32,+23.520, +7.152,+0.931
1718325660,+3.33,+23.520, +7.151,+0.931
1718325720,+3.32,+23.520, +7.160,+0.932
1718325780,+3.32,+23.503, +7.155,+0.931
1718325840,+3.32,+23.520, +7.163,+0.931
1718325900,+3.32,+23.528, +7.150,+0.931
1718325960,+3.32,+23.528, +7.154,+0.931
1718326020,+3.32,+23.503, +7.163,+0.931
1718326080,+3.32,+23.520, +7.161,+0.931
1718326140,+3.32,+23.520, +7.156,+0.931
1718326200,+3.32,+23.512, +7.157,+0.931
1718326260,+3.32,+23.495, +7.157,+0.931
1718326320,+3.32,+23.512, +7.162,+0.931
1718326380,+3.32,+23.503, +7.153,+0.931
1718326440,+3.33,+23.503, +7.156,+0.931
1718326500,+3.33,+23.503, +7.166,+0.932
1718326560,+3.32,+23.495, +7.158,+0.931
1718326620,+3.32,+23.495, +7.160,+0.931
1718326680,+3.32,+23.503, +7.156,+0.931
1718326740,+3.32,+23.478, +7.168,+0.931
1718326800,+3.32,+23.503, +7.158,+0.931
1718326860,+3.32,+23.478, +7.166,+0.931
1718326920,+3.32,+23.478, +7.174,+0.931
1718326980,+3.32,+23.495, +7.158,+0.931
1718327040,+3.32,+23.495, +7.166,+0.932
1718327100,+3.32,+23.487, +7.152,+0.930
1718327160,+3.32,+23.487, +7.170,+0.931
1718327220,+3.32,+23.495, +7.152,+0.931
1718327280,+3.32,+23.495, +7.166,+0.931
1718327340,+3.32,+23.470, +7.166,+0.931
1718327400,+3.32,+23.478, +7.167,+0.931
1718327460,+3.33,+23.478, +7.166,+0.931
1718327520,+3.32,+23.478, +7.159,+0.931
1718327580,+3.32,+23.470, +7.163,+0.931
1718327640,+3.32,+23.461, +7.160,+0.931
1718327700,+3.32,+23.478, +7.168,+0.931
1718327760,+3.32,+23.470, +7.167,+0.931
1718327820,+3.32,+23.461, +7.169,+0.931
1718327880,+3.32,+23.478, +7.159,+0.931
1718327940,+3.32,+23.453, +7.165,+0.931
1718328000,+3.32,+23.453, +7.173,+0.931
1718328060,+3.32,+23.453, +7.175,+0.932
1718328120,+3.32,+23.461, +7.172,+0.932
1718328180,+3.32,+23.436, +7.173,+0.931
1718328240,+3.32,+23.445, +7.169,+0.931
1718328300,+3.32,+23.445, +7.175,+0.931
1718328360,+3.32,+23.445, +7.171,+0.931
1718328420,+3.32,+23.436, +7.170,+0.931
1718328480,+3.32,+23.445, +7.170,+0.931
1718328540,+3.33,+23.436, +7.171,+0.931
1718328600,+3.33,+23.436, +7.167,+0.931
1718328660,+3.32,+23.428, +7.166,+0.931
1718328720,+3.32,+23.428, +7.164,+0.931
1718328780,+3.33,+23.436, +7.170,+0.931
1718328840,+3.32,+23.411, +7.174,+0.931
1718328900,+3.32,+23.428, +7.174,+0.931
1718328960,+3.32,+23.420, +7.177,+0.931
1718329020,+3.33,+23.436, +7.164,+0.930
1718329080,+3.33,+23.420, +7.182,+0.932
1718329140,+3.33,+23.411, +7.164,+0.930
1718329200,+3.33,+23.420, +7.178,+0.931
1718329260,+3.32,+23.403, +7.180,+0.931
1718329320,+3.33,+23.436, +7.170,+0.931
1718329380,+3.32,+23.394, +7.179,+0.931
1718329440,+3.32,+23.403, +7.172,+0.931
1718329500,+3.33,+23.411, +7.177,+0.931
1718329560,+3.33,+23.394, +7.174,+0.931
1718329620,+3.33,+23.394, +7.176,+0.931
1718329680,+3.33,+23.403, +7.185,+0.932
1718329740,+3.32,+23.403, +7.176,+0.931
1718329800,+3.33,+23.394, +7.189,+0.932
1718329860,+3.33,+23.394, +7.176,+0.931
1718329920,+3.33,+23.378, +7.176,+0.931
1718329980,+3.32,+23.386, +7.186,+0.931
1718330040,+3.33,+23.378, +7.184,+0.931
1718330100,+3.33,+23.386, +7.176,+0.931
1718330160,+3.33,+23.378, +7.191,+0.932
1718330220,+3.33,+23.369, +7.184,+0.931
1718330280,+3.32,+23.369, +7.172,+0.930
1718330340,+3.32,+23.369, +7.183,+0.931
1718330400,+3.33,+23.353, +7.184,+0.931
1718330460,+3.33,+23.361, +7.191,+0.932
1718330520,+3.33,+23.361, +7.183,+0.931
1718330580,+3.33,+23.361, +7.182,+0.931
1718330640,+3.33,+23.361, +7.181,+0.931
1718330700,+3.32,+23.353, +7.192,+0.931
1718330760,+3.33,+23.353, +7.185,+0.931
1718330820,+3.33,+23.353, +7.182,+0.931
1718330880,+3.32,+23.353, +7.186,+0.931
1718330940,+3.33,+23.328, +7.193,+0.931
1718331000,+3.33,+23.344, +7.182,+0.931
1718331060,+3.33,+23.353, +7.186,+0.931
1718331120,+3.33,+23.344, +7.182,+0.930
1718331180,+3.32,+23.336, +7.183,+0.931
1718331240,+3.32,+23.336, +7.184,+0.930
1718331300,+3.32,+23.336, +7.198,+0.931
1718331360,+3.32,+23.328, +7.187,+0.930
1718331420,+3.32,+23.319, +7.199,+0.931
1718331480,+3.32,+23.319, +7.191,+0.931
1718331540,+3.32,+23.319, +7.198,+0.931
1718331600,+3.33,+23.319, +7.190,+0.931
1718331660,+3.32,+23.319, +7.195,+0.931
1718331720,+3.32,+23.311, +7.187,+0.931
1718331780,+3.32,+23.311, +7.197,+0.931
1718331840,+3.32,+23.311, +7.188,+0.931
1718331900,+3.32,+23.302, +7.197,+0.931
1718331960,+3.32,+23.328, +7.189,+0.931
1718332020,+3.32,+23.319, +7.191,+0.931
1718332080,+3.32,+23.311, +7.185,+0.930
1718332140,+3.32,+23.277, +7.199,+0.931
1718332200,+3.33,+23.302, +7.193,+0.931
1718332260,+3.32,+23.286, +7.197,+0.931
1718332320,+3.32,+23.294, +7.196,+0.931
1718332380,+3.32,+23.294, +7.200,+0.931
1718332440,+3.32,+23.294, +7.188,+0.931
1718332500,+3.32,+23.277, +7.200,+0.931
1718332560,+3.32,+23.277, +7.196,+0.930
1718332620,+3.32,+23.277, +7.193,+0.930
1718332680,+3.32,+23.286, +7.196,+0.931
1718332740,+3.32,+23.277, +7.196,+0.931
1718332800,+3.32,+23.277, +7.192,+0.930
1718332860,+3.32,+23.269, +7.195,+0.931
1718332920,+3.32,+23.269, +7.210,+0.932
1718332980,+3.32,+23.269, +7.198,+0.931
1718333040,+3.32,+23.252, +7.212,+0.931
1718333100,+3.32,+23.252, +7.212,+0.931
1718333160,+3.32,+23.252, +7.213,+0.931
1718333220,+3.32,+23.244, +7.198,+0.930
1718333280,+3.32,+23.261, +7.201,+0.931
1718333340,+3.32,+23.252, +7.200,+0.931
1718333400,+3.32,+23.235, +7.205,+0.931
1718333460,+3.32,+23.244, +7.198,+0.930
1718333520,+3.32,+23.227, +7.208,+0.931
1718333580,+3.32,+23.244, +7.200,+0.930
1718333640,+3.32,+23.227, +7.215,+0.932
1718333700,+3.32,+23.227, +7.211,+0.931
1718333760,+3.32,+23.227, +7.205,+0.930
1718333820,+3.32,+23.227, +7.213,+0.931
1718333880,+3.32,+23.219, +7.218,+0.931
1718333940,+3.32,+23.210, +7.202,+0.930
1718334000,+3.32,+23.219, +7.219,+0.931
1718334060,+3.32,+23.219, +7.216,+0.931
1718334120,+3.32,+23.219, +7.215,+0.931
1718334180,+3.32,+23.210, +7.219,+0.931
1718334240,+3.32,+23.210, +7.212,+0.931
1718334300,+3.32,+23.210, +7.210,+0.931
1718334360,+3.32,+23.194, +7.219,+0.931
1718334420,+3.32,+23.194, +7.204,+0.930
1718334480,+3.32,+23.202, +7.216,+0.931
1718334540,+3.32,+23.185, +7.215,+0.931
1718334600,+3.32,+23.202, +7.208,+0.931
1718334660,+3.32,+23.177, +7.219,+0.931
1718334720,+3.32,+23.185, +7.226,+0.931
1718334780,+3.32,+23.185, +7.219,+0.931
1718334840,+3.32,+23.177, +7.227,+0.931
1718334900,+3.32,+23.169, +7.223,+0.931
1718334960,+3.32,+23.160, +7.218,+0.930
1718335020,+3.32,+23.177, +7.214,+0.930
1718335080,+3.32,+23.169, +7.225,+0.931
1718335140,+3.32,+23.152, +7.225,+0.931
1718335200,+3.32,+23.135, +7.222,+0.931
1718335260,+3.32,+23.160, +7.217,+0.931
1718335320,+3.32,+23.160, +7.214,+0.930
1718335380,+3.32,+23.152, +7.220,+0.931
1718335440,+3.32,+23.135, +7.232,+0.931
1718335500,+3.32,+23.143, +7.232,+0.931
1718335560,+3.32,+23.127, +7.225,+0.931
1718335620,+3.32,+23.127, +7.223,+0.931
1718335680,+3.32,+23.135, +7.227,+0.931
1718335740,+3.32,+23.110, +7.230,+0.931
1718335800,+3.32,+23.118, +7.231,+0.931
1718335860,+3.32,+23.118, +7.233,+0.931
1718335920,+3.32,+23.127, +7.227,+0.931
1718335980,+3.32,+23.110, +7.237,+0.931
1718336040,+3.32,+23.110, +7.228,+0.931
1718336100,+3.32,+23.102, +7.224,+0.931
1718336160,+3.32,+23.118, +7.220,+0.930
1718336220,+3.32,+23.093, +7.228,+0.931
1718336280,+3.32,+23.093, +7.235,+0.931
1718336340,+3.32,+23.085, +7.234,+0.931
1718336400,+3.32,+23.093, +7.235,+0.931
1718336460,+3.32,+23.076, +7.238,+0.931
1718336520,+3.32,+23.076, +7.233,+0.930
1718336580,+3.32,+23.076, +7.232,+0.931
1718336640,+3.32,+23.060, +7.236,+0.931
1718336700,+3.32,+23.068, +7.234,+0.931
1718336760,+3.32,+23.060, +7.228,+0.930
1718336820,+3.32,+23.060, +7.226,+0.930
1718336880,+3.32,+23.060, +7.233,+0.931
1718336940,+3.32,+23.060, +7.228,+0.930
1718337000,+3.32,+23.051, +7.239,+0.931
1718337060,+3.32,+23.076, +7.228,+0.931
1718337120,+3.32,+23.035, +7.246,+0.931
1718337180,+3.32,+23.060, +7.236,+0.931
1718337240,+3.32,+23.051, +7.232,+0.931
1718337300,+3.32,+23.060, +7.231,+0.931
1718337360,+3.32,+23.076, +7.222,+0.930
1718337420,+3.32,+23.051, +7.235,+0.931
1718337480,+3.32,+23.060, +7.221,+0.930
1718337540,+3.32,+23.051, +7.226,+0.930
1718337600,+3.32,+23.043, +7.235,+0.931
1718337660,+3.32,+23.051, +7.242,+0.931
1718337720,+3.32,+23.043, +7.238,+0.931
1718337780,+3.32,+23.043, +7.230,+0.930
1718337840,+3.32,+23.035, +7.236,+0.931
1718337900,+3.32,+23.051, +7.242,+0.931
1718337960,+3.32,+23.043, +7.236,+0.931
1718338020,+3.32,+23.051, +7.237,+0.931
1718338080,+3.32,+23.026, +7.245,+0.931
1718338140,+3.32,+23.051, +7.231,+0.930
1718338200,+3.32,+23.051, +7.238,+0.931
1718338260,+3.32,+23.035, +7.237,+0.931
1718338320,+3.32,+23.035, +7.234,+0.930
1718338380,+3.32,+23.043, +7.242,+0.931
1718338440,+3.32,+23.035, +7.236,+0.930
1718338500,+3.32,+23.051, +7.235,+0.931
1718338560,+3.32,+23.043, +7.246,+0.931
1718338620,+3.32,+23.035, +7.240,+0.930
1718338680,+3.32,+23.051, +7.230,+0.930
1718338740,+3.32,+23.051, +7.236,+0.931
1718338800,+3.32,+23.051, +7.242,+0.931
1718338860,+3.32,+23.051, +7.233,+0.930
1718338920,+3.32,+23.051, +7.238,+0.931
1718338980,+3.32,+23.060, +7.234,+0.930
1718339040,+3.32,+23.051, +7.237,+0.931
1718339100,+3.32,+23.051, +7.239,+0.931
1718339160,+3.32,+23.043, +7.247,+0.931
1718339220,+3.32,+23.043, +7.235,+0.930
1718339280,+3.32,+23.060, +7.244,+0.931
1718339340,+3.32,+23.035, +7.241,+0.930
1718339400,+3.32,+23.051, +7.241,+0.931
1718339460,+3.32,+23.060, +7.240,+0.931
1718339520,+3.32,+23.043, +7.236,+0.930
1718339580,+3.32,+23.060, +7.233,+0.930
1718339640,+3.32,+23.051, +7.240,+0.931
1718339700,+3.32,+23.068, +7.235,+0.931
1718339760,+3.32,+23.060, +7.241,+0.931
1718339820,+3.32,+23.060, +7.244,+0.931
1718339880,+3.32,+23.076, +7.238,+0.931
1718339940,+3.32,+23.068, +7.236,+0.931
1718340000,+3.32,+23.068, +7.243,+0.931
1718340060,+3.32,+23.068, +7.234,+0.931
1718340120,+3.32,+23.068, +7.239,+0.931
1718340180,+3.32,+23.060, +7.232,+0.930
1718340240,+3.32,+23.076, +7.233,+0.930
1718340300,+3.32,+23.076, +7.237,+0.931
1718340360,+3.32,+23.085, +7.231,+0.930
1718340420,+3.32,+23.068, +7.241,+0.931
1718340480,+3.32,+23.060, +7.244,+0.931
1718340540,+3.32,+23.076, +7.243,+0.931
1718340600,+3.32,+23.076, +7.245,+0.931
1718340660,+3.32,+23.076, +7.233,+0.930
1718340720,+3.32,+23.085, +7.240,+0.931
1718340780,+3.32,+23.076, +7.234,+0.931
1718340840,+3.32,+23.093, +7.240,+0.931
1718340900,+3.32,+23.076, +7.234,+0.931
1718340960,+3.32,+23.093, +7.235,+0.931
1718341020,+3.32,+23.085, +7.221,+0.930
1718341080,+3.32,+23.093, +7.245,+0.931
1718341140,+3.32,+23.076, +7.235,+0.930
1718341200,+3.32,+23.093, +7.240,+0.931
1718341260,+3.32,+23.076, +7.248,+0.931
1718341320,+3.32,+23.093, +7.232,+0.931
1718341380,+3.32,+23.068, +7.240,+0.931
1718341440,+3.32,+23.076, +7.234,+0.930
1718341500,+3.32,+23.093, +7.228,+0.930
1718341560,+3.32,+23.085, +7.242,+0.931
1718341620,+3.32,+23.076, +7.240,+0.931
1718341680,+3.32,+23.076, +7.241,+0.931
1718341740,+3.32,+23.085, +7.234,+0.931
1718341800,+3.32,+23.076, +7.242,+0.931
1718341860,+3.32,+23.076, +7.248,+0.931
1718341920,+3.32,+23.085, +7.245,+0.932
1718341980,+3.32,+23.093, +7.243,+0.931
1718342040,+3.32,+23.076, +7.238,+0.931
1718342100,+3.32,+23.076, +7.236,+0.930
1718342160,+3.32,+23.068, +7.245,+0.931
1718342220,+3.32,+23.076, +7.236,+0.930
1718342280,+3.32,+23.076, +7.231,+0.930
1718342340,+3.32,+23.085, +7.237,+0.931
1718342400,+3.32,+23.076, +7.246,+0.931
1718342460,+3.32,+23.085, +7.232,+0.930
1718342520,+3.32,+23.076, +7.240,+0.931
1718342580,+3.32,+23.060, +7.239,+0.930
1718342640,+3.32,+23.051, +7.246,+0.931
1718342700,+3.32,+23.051, +7.246,+0.931
1718342760,+3.32,+23.068, +7.241,+0.931
1718342820,+3.32,+23.068, +7.240,+0.931
1718342880,+3.32,+23.060, +7.239,+0.930
1718342940,+3.32,+23.051, +7.243,+0.931
1718343000,+3.32,+23.068, +7.237,+0.930
1718343060,+3.32,+23.051, +7.250,+0.931
1718343120,+3.32,+23.043, +7.240,+0.930
1718343180,+3.32,+23.043, +7.254,+0.931
1718343240,+3.32,+23.068, +7.242,+0.931
1718343300,+3.32,+23.043, +7.238,+0.930
1718343360,+3.32,+23.035, +7.253,+0.931
1718343420,+3.32,+23.035, +7.225,+0.929
1718343480,+3.32,+23.035, +7.257,+0.931
1718343540,+3.32,+23.018, +7.253,+0.931
1718343600,+3.32,+23.051, +7.246,+0.931
1718343660,+3.32,+23.026, +7.259,+0.931
1718343720,+3.32,+23.035, +7.252,+0.931
1718343780,+3.32,+23.026, +7.247,+0.931
1718343840,+3.32,+23.018, +7.256,+0.931
1718343900,+3.32,+23.010, +7.239,+0.930
1718343960,+3.32,+23.010, +7.258,+0.931
1718344020,+3.32,+23.001, +7.258,+0.931
1718344080,+3.32,+23.010, +7.244,+0.930
1718344140,+3.32,+23.001, +7.251,+0.930
1718344200,+3.32,+23.010, +7.246,+0.931
1718344260,+3.32,+22.993, +7.257,+0.931
1718344320,+3.32,+22.993, +7.248,+0.930
1718344380,+3.32,+22.976, +7.261,+0.931
1718344440,+3.32,+22.959, +7.265,+0.931
1718344500,+3.32,+22.984, +7.252,+0.931
1718344560,+3.32,+22.968, +7.259,+0.931
1718344620,+3.32,+22.976, +7.260,+0.931
1718344680,+3.32,+22.976, +7.258,+0.930
1718344740,+3.32,+22.976, +7.254,+0.931
1718344800,+3.32,+22.968, +7.250,+0.930
1718344860,+3.32,+22.968, +7.264,+0.931
1718344920,+3.32,+22.951, +7.258,+0.931
1718344980,+3.32,+22.951, +7.256,+0.930
1718345040,+3.32,+22.968, +7.251,+0.930
1718345100,+3.32,+22.943, +7.258,+0.930
1718345160,+3.32,+22.943, +7.260,+0.931
1718345220,+3.32,+22.918, +7.263,+0.931
1718345280,+3.32,+22.951, +7.265,+0.931
1718345340,+3.32,+22.934, +7.261,+0.930
1718345400,+3.32,+22.943, +7.255,+0.930
1718345460,+3.32,+22.943, +7.258,+0.930
1718345520,+3.32,+22.926, +7.267,+0.931
1718345580,+3.32,+22.934, +7.257,+0.931
1718345640,+3.32,+22.934, +7.263,+0.931
1718345700,+3.32,+22.926, +7.266,+0.931
1718345760,+3.32,+22.918, +7.263,+0.930
1718345820,+3.32,+22.901, +7.261,+0.930
1718345880,+3.32,+22.909, +7.266,+0.931
1718345940,+3.32,+22.926, +7.257,+0.930
1718346000,+3.32,+22.918, +7.259,+0.930
1718346060,+3.32,+22.901, +7.259,+0.930
1718346120,+3.32,+22.909, +7.259,+0.930
1718346180,+3.32,+22.884, +7.270,+0.931
1718346240,+3.32,+22.901, +7.265,+0.930
1718346300,+3.32,+22.909, +7.268,+0.931
1718346360,+3.32,+22.901, +7.274,+0.931
1718346420,+3.32,+22.901, +7.269,+0.931
1718346480,+3.32,+22.901, +7.266,+0.930
1718346540,+3.32,+22.892, +7.266,+0.931
1718346600,+3.32,+22.884, +7.277,+0.931
1718346660,+3.32,+22.884, +7.258,+0.930
1718346720,+3.32,+22.884, +7.267,+0.931
1718346780,+3.32,+22.892, +7.276,+0.931
1718346840,+3.32,+22.876, +7.269,+0.930
1718346900,+3.32,+22.901, +7.260,+0.930
1718346960,+3.32,+22.892, +7.267,+0.930
1718347020,+3.32,+22.884, +7.265,+0.930
1718347080,+3.32,+22.884, +7.269,+0.931
1718347140,+3.32,+22.901, +7.257,+0.930
1718347200,+3.32,+22.892, +7.266,+0.930
1718347260,+3.32,+22.867, +7.275,+0.931
1718347320,+3.32,+22.884, +7.273,+0.931
1718347380,+3.32,+22.876, +7.267,+0.930
1718347440,+3.32,+22.859, +7.277,+0.931
1718347500,+3.32,+22.867, +7.265,+0.930
1718347560,+3.32,+22.867, +7.273,+0.931
1718347620,+3.32,+22.892, +7.270,+0.931
1718347680,+3.32,+22.876, +7.276,+0.931
1718347740,+3.32,+22.884, +7.265,+0.930
1718347800,+3.32,+22.876, +7.270,+0.930
1718347860,+3.32,+22.876, +7.273,+0.931
1718347920,+3.32,+22.884, +7.271,+0.931
1718347980,+3.32,+22.876, +7.270,+0.930
1718348040,+3.32,+22.867, +7.278,+0.931
1718348100,+3.32,+22.867, +7.275,+0.931
1718348160,+3.32,+22.884, +7.269,+0.931
1718348220,+3.32,+22.876, +7.270,+0.930
1718348280,+3.32,+22.867, +7.276,+0.931
1718348340,+3.32,+22.884, +7.269,+0.931
1718348400,+3.32,+22.884, +7.265,+0.930
1718348460,+3.32,+22.867, +7.280,+0.931
1718348520,+3.32,+22.876, +7.269,+0.930
1718348580,+3.32,+22.859, +7.269,+0.930
1718348640,+3.32,+22.884, +7.272,+0.930
1718348700,+3.32,+22.884, +7.272,+0.931
1718348760,+3.32,+22.876, +7.267,+0.930
1718348820,+3.32,+22.884, +7.261,+0.930
1718348880,+3.32,+22.892, +7.265,+0.930
1718348940,+3.32,+22.884, +7.273,+0.931
1718349000,+3.32,+22.867, +7.268,+0.930
1718349060,+3.32,+22.884, +7.266,+0.930
1718349120,+3.32,+22.867, +7.273,+0.931
1718349180,+3.32,+22.867, +7.273,+0.931
1718349240,+3.32,+22.876, +7.270,+0.930
1718349300,+3.32,+22.884, +7.269,+0.931
1718349360,+3.32,+22.867, +7.274,+0.931
1718349420,+3.32,+22.876, +7.260,+0.930
1718349480,+3.32,+22.867, +7.260,+0.930
1718349540,+3.32,+22.876, +7.268,+0.930
1718349600,+3.32,+22.884, +7.264,+0.930
1718349660,+3.32,+22.876, +7.274,+0.931
1718349720,+3.32,+22.876, +7.272,+0.931
1718349780,+3.32,+22.859, +7.269,+0.930
1718349840,+3.32,+22.892, +7.269,+0.931
1718349900,+3.32,+22.867, +7.275,+0.931
1718349960,+3.32,+22.884, +7.262,+0.930
1718350020,+3.32,+22.876, +7.270,+0.930
1718350080,+3.32,+22.876, +7.259,+0.930
1718350140,+3.32,+22.892, +7.268,+0.931
1718350200,+3.32,+22.892, +7.258,+0.930
1718350260,+3.32,+22.884, +7.265,+0.930
1718350320,+3.32,+22.884, +7.267,+0.930
1718350380,+3.32,+22.884, +7.270,+0.931
1718350440,+3.32,+22.884, +7.269,+0.930
1718350500,+3.32,+22.876, +7.270,+0.930
1718350560,+3.32,+22.884, +7.284,+0.932
1718350620,+3.32,+22.909, +7.263,+0.931
1718350680,+3.32,+22.892, +7.270,+0.931
1718350740,+3.32,+22.884, +7.276,+0.931
1718350800,+3.32,+22.892, +7.262,+0.930
1718350860,+3.32,+22.892, +7.272,+0.931
1718350920,+3.32,+22.901, +7.265,+0.930
1718350980,+3.32,+22.884, +7.266,+0.930
1718351040,+3.32,+22.892, +7.255,+0.930
1718351100,+3.32,+22.892, +7.264,+0.930
1718351160,+3.32,+22.892, +7.269,+0.931
1718351220,+3.32,+22.876, +7.272,+0.931
1718351280,+3.32,+22.909, +7.259,+0.930
1718351340,+3.32,+22.909, +7.268,+0.931
1718351400,+3.32,+22.884, +7.275,+0.931
1718351460,+3.32,+22.884, +7.268,+0.930
1718351520,+3.32,+22.876, +7.276,+0.931
1718351580,+3.32,+22.909, +7.262,+0.931
1718351640,+3.32,+22.901, +7.273,+0.931
1718351700,+3.32,+22.892, +7.274,+0.931
1718351760,+3.32,+22.884, +7.270,+0.930
1718351820,+3.32,+22.892, +7.277,+0.931
1718351880,+3.32,+22.918, +7.262,+0.930
1718351940,+3.32,+22.892, +7.261,+0.930
1718352000,+3.32,+22.892, +7.265,+0.930
1718352060,+3.32,+22.901, +7.260,+0.930
1718352120,+3.32,+22.884, +7.265,+0.930
1718352180,+3.32,+22.901, +7.277,+0.931
1718352240,+3.32,+22.901, +7.267,+0.931
1718352300,+3.32,+22.892, +7.274,+0.931
1718352360,+3.32,+22.901, +7.265,+0.930
1718352420,+3.32,+22.901, +7.261,+0.930
1718352480,+3.32,+22.892, +7.270,+0.930
1718352540,+3.32,+22.901, +7.263,+0.930
1718352600,+3.32,+22.909, +7.260,+0.930
1718352660,+3.32,+22.892, +7.274,+0.931
1718352720,+3.32,+22.892, +7.272,+0.931
1718352780,+3.32,+22.892, +7.271,+0.931
1718352840,+3.32,+22.909, +7.264,+0.930
1718352900,+3.32,+22.901, +7.271,+0.931
1718352960,+3.32,+22.909, +7.269,+0.931
1718353020,+3.32,+22.909, +7.262,+0.930
1718353080,+3.32,+22.892, +7.266,+0.930
1718353140,+3.32,+22.909, +7.262,+0.930
1718353200,+3.32,+22.901, +7.270,+0.931
1718353260,+3.32,+22.909, +7.271,+0.931
1718353320,+3.32,+22.901, +7.277,+0.931
1718353380,+3.32,+22.901, +7.260,+0.930
1718353440,+3.32,+22.926, +7.263,+0.931
1718353500,+3.32,+22.909, +7.258,+0.930
1718353560,+3.32,+22.909, +7.274,+0.931
1718353620,+3.32,+22.918, +7.257,+0.930
1718353680,+3.32,+22.909, +7.264,+0.930
1718353740,+3.32,+22.909, +7.266,+0.931
1718353800,+3.32,+22.901, +7.274,+0.931
1718353860,+3.32,+22.909, +7.264,+0.930
1718353920,+3.32,+22.909, +7.263,+0.930
1718353980,+3.32,+22.909, +7.256,+0.930
1718354040,+3.32,+22.918, +7.260,+0.930
1718354100,+3.32,+22.909, +7.255,+0.930
1718354160,+3.32,+22.926, +7.264,+0.931
1718354220,+3.32,+22.918, +7.269,+0.931
1718354280,+3.32,+22.909, +7.269,+0.931
1718354340,+3.32,+22.892, +7.266,+0.930
1718354400,+3.32,+22.901, +7.266,+0.930
1718354460,+3.32,+22.909, +7.271,+0.931
1718354520,+3.32,+22.926, +7.255,+0.930
1718354580,+3.32,+22.909, +7.266,+0.931
1718354640,+3.32,+22.901, +7.264,+0.931
1718354700,+3.32,+22.909, +7.272,+0.931
1718354760,+3.32,+22.926, +7.263,+0.930
1718354820,+3.32,+22.901, +7.267,+0.930
1718354880,+3.32,+22.901, +7.266,+0.930
1718354940,+3.32,+22.918, +7.268,+0.931
1718355000,+3.32,+22.909, +7.260,+0.930
1718355060,+3.32,+22.918, +7.260,+0.931
1718355120,+3.32,+22.926, +7.268,+0.931
1718355180,+3.32,+22.926, +7.261,+0.931
1718355240,+3.32,+22.909, +7.268,+0.931
1718355300,+3.32,+22.926, +7.256,+0.930
1718355360,+3.32,+22.909, +7.268,+0.931
1718355420,+3.32,+22.909, +7.269,+0.931
1718355480,+3.32,+22.892, +7.266,+0.930
1718355540,+3.32,+22.909, +7.263,+0.931
1718355600,+3.32,+22.918, +7.261,+0.931
1718355660,+3.32,+22.909, +7.258,+0.930
1718355720,+3.32,+22.909, +7.269,+0.931
1718355780,+3.32,+22.926, +7.264,+0.931
1718355840,+3.32,+22.926, +7.268,+0.931
1718355900,+3.32,+22.901, +7.260,+0.930
1718355960,+3.32,+22.926, +7.261,+0.931
1718356020,+3.32,+22.909, +7.258,+0.930
1718356080,+3.32,+22.901, +7.264,+0.930
1718356140,+3.32,+22.918, +7.265,+0.931
1718356200,+3.32,+22.901, +7.270,+0.931
1718356260,+3.32,+22.909, +7.258,+0.930
1718356320,+3.32,+22.909, +7.262,+0.930
1718356380,+3.32,+22.909, +7.261,+0.930
1718356440,+3.32,+22.926, +7.266,+0.931
1718356500,+3.32,+22.918, +7.264,+0.931
1718356560,+3.32,+22.918, +7.255,+0.930
1718356620,+3.32,+22.918, +7.257,+0.930
1718356680,+3.32,+22.909, +7.269,+0.931
1718356740,+3.32,+22.918, +7.263,+0.931
1718356800,+3.32,+22.934, +7.251,+0.930
1718356860,+3.32,+22.926, +7.258,+0.931
1718356920,+3.32,+22.909, +7.259,+0.930
1718356980,+3.32,+22.918, +7.263,+0.930
1718357040,+3.32,+22.918, +7.261,+0.931
1718357100,+3.32,+22.901, +7.259,+0.930
1718357160,+3.32,+22.918, +7.266,+0.931
1718357220,+3.32,+22.901, +7.256,+0.930
1718357280,+3.32,+22.901, +7.259,+0.930
1718357340,+3.32,+22.918, +7.258,+0.930
1718357400,+3.32,+22.918, +7.260,+0.930
1718357460,+3.32,+22.909, +7.269,+0.931
1718357520,+3.32,+22.918, +7.257,+0.930
1718357580,+3.32,+22.918, +7.259,+0.930
1718357640,+3.32,+22.918, +7.261,+0.930
1718357700,+3.32,+22.901, +7.258,+0.930
1718357760,+3.32,+22.901, +7.254,+0.930
1718357820,+3.32,+22.926, +7.260,+0.930
1718357880,+3.32,+22.909, +7.259,+0.930
1718357940,+3.32,+22.918, +7.262,+0.930
1718358000,+3.32,+22.901, +7.262,+0.930
1718358060,+3.32,+22.901, +7.271,+0.931
1718358120,+3.32,+22.901, +7.271,+0.931
1718358180,+3.32,+22.918, +7.260,+0.930
1718358240,+3.32,+22.901, +7.272,+0.931
1718358300,+3.32,+22.909, +7.270,+0.931
1718358360,+3.32,+22.901, +7.269,+0.931
1718358420,+3.32,+22.909, +7.259,+0.930
1718358480,+3.32,+22.918, +7.263,+0.931
1718358540,+3.32,+22.918, +7.260,+0.930
1718358600,+3.32,+22.901, +7.259,+0.930
1718358660,+3.32,+22.901, +7.261,+0.930
1718358720,+3.32,+22.892, +7.269,+0.931
1718358780,+3.32,+22.901, +7.267,+0.931
1718358840,+3.32,+22.892, +7.268,+0.930
1718358900,+3.32,+22.909, +7.257,+0.930
1718358960,+3.32,+22.901, +7.267,+0.930
1718359020,+3.32,+22.909, +7.258,+0.930
1718359080,+3.32,+22.901, +7.264,+0.930
1718359140,+3.32,+22.901, +7.268,+0.931
1718359200,+3.32,+22.901, +7.263,+0.930
1718359260,+3.32,+22.901, +7.268,+0.931
1718359320,+3.32,+22.909, +7.267,+0.931
1718359380,+3.32,+22.901, +7.276,+0.931
1718359440,+3.32,+22.892, +7.265,+0.930
1718359500,+3.32,+22.901, +7.269,+0.931
1718359560,+3.32,+22.909, +7.261,+0.931
1718359620,+3.32,+22.884, +7.266,+0.930
1718359680,+3.32,+22.901, +7.274,+0.931
1718359740,+3.32,+22.892, +7.262,+0.930
1718359800,+3.32,+22.901, +7.255,+0.930
1718359860,+3.32,+22.901, +7.263,+0.930
1718359920,+3.32,+22.892, +7.264,+0.930
1718359980,+3.32,+22.901, +7.269,+0.931
1718360040,+3.32,+22.892, +7.253,+0.930
1718360100,+3.32,+22.876, +7.266,+0.930
1718360160,+3.32,+22.884, +7.262,+0.930
1718360220,+3.32,+22.892, +7.262,+0.930
1718360280,+3.32,+22.909, +7.261,+0.930
1718360340,+3.32,+22.867, +7.278,+0.931
1718360400,+3.32,+22.892, +7.261,+0.930
1718360460,+3.32,+22.884, +7.255,+0.930
1718360520,+3.32,+22.892, +7.264,+0.930
1718360580,+3.32,+22.876, +7.268,+0.930
1718360640,+3.32,+22.867, +7.271,+0.930
1718360700,+3.32,+22.867, +7.274,+0.931
1718360760,+3.32,+22.867, +7.266,+0.930
1718360820,+3.32,+22.884, +7.263,+0.930
1718360880,+3.32,+22.876, +7.266,+0.930
1718360940,+3.32,+22.859, +7.276,+0.931
1718361000,+3.32,+22.892, +7.259,+0.930
1718361060,+3.32,+22.867, +7.270,+0.930
1718361120,+3.32,+22.842, +7.271,+0.930
1718361180,+3.32,+22.876, +7.263,+0.930
1718361240,+3.32,+22.876, +7.264,+0.930
1718361300,+3.32,+22.876, +7.262,+0.930
1718361360,+3.32,+22.867, +7.272,+0.931
1718361420,+3.32,+22.867, +7.275,+0.930
1718361480,+3.32,+22.867, +7.267,+0.930
1718361540,+3.32,+22.867, +7.267,+0.930
1718361600,+3.32,+22.851, +7.276,+0.931
1718361660,+3.32,+22.859, +7.280,+0.931
1718361720,+3.32,+22.876, +7.269,+0.931
1718361780,+3.32,+22.851, +7.275,+0.930
1718361840,+3.32,+22.842, +7.280,+0.931
1718361900,+3.32,+22.851, +7.266,+0.930
1718361960,+3.32,+22.859, +7.270,+0.930
1718362020,+3.32,+22.842, +7.266,+0.930
1718362080,+3.32,+22.851, +7.275,+0.931
1718362140,+3.32,+22.876, +7.268,+0.930
1718362200,+3.32,+22.834, +7.277,+0.931
1718362260,+3.32,+22.842, +7.270,+0.930
1718362320,+3.32,+22.842, +7.263,+0.930
1718362380,+3.32,+22.834, +7.268,+0.930
1718362440,+3.32,+22.834, +7.281,+0.931
1718362500,+3.32,+22.834, +7.269,+0.930
1718362560,+3.32,+22.842, +7.270,+0.930
1718362620,+3.32,+22.842, +7.273,+0.931
1718362680,+3.32,+22.817, +7.277,+0.930
1718362740,+3.32,+22.826, +7.275,+0.930
1718362800,+3.32,+22.809, +7.277,+0.930
1718362860,+3.32,+22.817, +7.279,+0.930
1718362920,+3.32,+22.809, +7.290,+0.931
1718362980,+3.32,+22.809, +7.272,+0.930
1718363040,+3.32,+22.792, +7.280,+0.930
1718363100,+3.32,+22.826, +7.272,+0.930
1718363160,+3.32,+22.809, +7.287,+0.931
1718363220,+3.32,+22.809, +7.285,+0.931
1718363280,+3.32,+22.800, +7.277,+0.930
1718363340,+3.32,+22.792, +7.278,+0.930
1718363400,+3.32,+22.809, +7.276,+0.930
1718363460,+3.32,+22.792, +7.281,+0.930
1718363520,+3.32,+22.800, +7.277,+0.930
1718363580,+3.32,+22.775, +7.290,+0.931
1718363640,+3.32,+22.784, +7.280,+0.930
1718363700,+3.32,+22.775, +7.285,+0.930
1718363760,+3.32,+22.784, +7.289,+0.931
1718363820,+3.32,+22.784, +7.285,+0.930
1718363880,+3.32,+22.759, +7.290,+0.931
1718363940,+3.32,+22.775, +7.281,+0.930
1718364000,+3.32,+22.759, +7.286,+0.930
1718364060,+3.32,+22.767, +7.282,+0.930
1718364120,+3.32,+22.759, +7.285,+0.930
1718364180,+3.32,+22.759, +7.290,+0.931
1718364240,+3.32,+22.759, +7.290,+0.931
1718364300,+3.32,+22.759, +7.283,+0.930
1718364360,+3.32,+22.742, +7.285,+0.930
1718364420,+3.32,+22.750, +7.282,+0.930
1718364480,+3.32,+22.759, +7.291,+0.931
1718364540,+3.32,+22.759, +7.288,+0.931
1718364600,+3.32,+22.742, +7.288,+0.930
1718364660,+3.32,+22.734, +7.278,+0.930
1718364720,+3.32,+22.742, +7.280,+0.930
1718364780,+3.32,+22.734, +7.286,+0.930
1718364840,+3.32,+22.717, +7.292,+0.930
1718364900,+3.32,+22.725, +7.292,+0.930
1718364960,+3.32,+22.734, +7.287,+0.930
1718365020,+3.32,+22.717, +7.287,+0.930
1718365080,+3.32,+22.708, +7.291,+0.930
1718365140,+3.32,+22.708, +7.287,+0.930
1718365200,+3.32,+22.717, +7.289,+0.930
1718365260,+3.32,+22.700, +7.290,+0.930
1718365320,+3.32,+22.692, +7.292,+0.930
1718365380,+3.32,+22.692, +7.297,+0.930
1718365440,+3.32,+22.700, +7.294,+0.930
1718365500,+3.32,+22.675, +7.302,+0.930
1718365560,+3.32,+22.683, +7.293,+0.930
1718365620,+3.32,+22.675, +7.297,+0.930
1718365680,+3.32,+22.658, +7.305,+0.931
1718365740,+3.32,+22.658, +7.305,+0.931
1718365800,+3.32,+22.683, +7.301,+0.931
1718365860,+3.32,+22.675, +7.293,+0.930
1718365920,+3.32,+22.675, +7.289,+0.930
1718365980,+3.32,+22.667, +7.293,+0.930
1718366040,+3.32,+22.675, +7.299,+0.930
1718366100,+3.32,+22.658, +7.294,+0.930
1718366160,+3.32,+22.633, +7.303,+0.930
1718366220,+3.32,+22.633, +7.300,+0.930
1718366280,+3.32,+22.658, +7.292,+0.930
1718366340,+3.32,+22.642, +7.296,+0.930
1718366400,+3.32,+22.642, +7.299,+0.930
1718366460,+3.32,+22.642, +7.294,+0.930
1718366520,+3.32,+22.625, +7.303,+0.930
1718366580,+3.32,+22.633, +7.300,+0.930
1718366640,+3.32,+22.600, +7.308,+0.930
1718366700,+3.32,+22.616, +7.305,+0.930
1718366760,+3.32,+22.608, +7.307,+0.930
1718366820,+3.32,+22.600, +7.309,+0.930
1718366880,+3.32,+22.600, +7.305,+0.930
1718366940,+3.32,+22.600, +7.314,+0.931
1718367000,+3.32,+22.608, +7.306,+0.930
1718367060,+3.32,+22.600, +7.301,+0.930
1718367120,+3.32,+22.583, +7.313,+0.930
1718367180,+3.32,+22.600, +7.315,+0.931
1718367240,+3.32,+22.591, +7.302,+0.930
1718367300,+3.32,+22.566, +7.309,+0.930
1718367360,+3.32,+22.583, +7.310,+0.930
1718367420,+3.32,+22.558, +7.306,+0.930
1718367480,+3.32,+22.591, +7.298,+0.930
1718367540,+3.32,+22.558, +7.306,+0.930
1718367600,+3.32,+22.558, +7.309,+0.930
1718367660,+3.32,+22.566, +7.313,+0.930
1718367720,+3.32,+22.550, +7.318,+0.930
1718367780,+3.32,+22.550, +7.325,+0.931
1718367840,+3.32,+22.541, +7.319,+0.931
1718367900,+3.32,+22.550, +7.304,+0.929
1718367960,+3.32,+22.533, +7.312,+0.930
1718368020,+3.32,+22.533, +7.309,+0.930
1718368080,+3.32,+22.516, +7.318,+0.930
1718368140,+3.32,+22.516, +7.325,+0.931
1718368200,+3.32,+22.516, +7.310,+0.930
1718368260,+3.32,+22.499, +7.321,+0.930
1718368320,+3.32,+22.508, +7.321,+0.930
1718368380,+3.32,+22.499, +7.317,+0.930
1718368440,+3.32,+22.499, +7.313,+0.930
1718368500,+3.32,+22.466, +7.324,+0.930
1718368560,+3.32,+22.474, +7.322,+0.930
1718368620,+3.32,+22.458, +7.329,+0.930
1718368680,+3.32,+22.474, +7.318,+0.930
1718368740,+3.32,+22.483, +7.329,+0.930
1718368800,+3.32,+22.474, +7.321,+0.930
1718368860,+3.32,+22.483, +7.310,+0.929
1718368920,+3.32,+22.474, +7.328,+0.931
1718368980,+3.32,+22.458, +7.323,+0.930
1718369040,+3.32,+22.458, +7.332,+0.930
1718369100,+3.32,+22.441, +7.324,+0.930
1718369160,+3.32,+22.449, +7.324,+0.930
1718369220,+3.32,+22.449, +7.321,+0.930
1718369280,+3.32,+22.424, +7.337,+0.930
1718369340,+3.32,+22.424, +7.339,+0.930
1718369400,+3.32,+22.424, +7.337,+0.930
1718369460,+3.32,+22.416, +7.330,+0.930
1718369520,+3.32,+22.407, +7.336,+0.930
1718369580,+3.32,+22.407, +7.326,+0.929
1718369640,+3.32,+22.399, +7.339,+0.930
1718369700,+3.32,+22.407, +7.339,+0.930
1718369760,+3.32,+22.391, +7.342,+0.930
1718369820,+3.32,+22.391, +7.338,+0.930
1718369880,+3.32,+22.391, +7.327,+0.929
1718369940,+3.32,+22.382, +7.336,+0.930
1718370000,+3.32,+22.391, +7.334,+0.930
1718370060,+3.32,+22.382, +7.335,+0.930
1718370120,+3.32,+22.374, +7.341,+0.930
1718370180,+3.32,+22.366, +7.333,+0.929
1718370240,+3.32,+22.357, +7.337,+0.930
1718370300,+3.32,+22.357, +7.345,+0.930
1718370360,+3.32,+22.349, +7.346,+0.930
1718370420,+3.32,+22.332, +7.354,+0.931
1718370480,+3.32,+22.357, +7.339,+0.930
1718370540,+3.32,+22.349, +7.337,+0.930
1718370600,+3.32,+22.316, +7.341,+0.930
1718370660,+3.32,+22.324, +7.342,+0.930
1718370720,+3.32,+22.332, +7.336,+0.930
1718370780,+3.32,+22.324, +7.337,+0.929
1718370840,+3.32,+22.316, +7.330,+0.929
1718370900,+3.32,+22.324, +7.345,+0.930
1718370960,+3.32,+22.316, +7.348,+0.930
1718371020,+3.32,+22.307, +7.340,+0.929
1718371080,+3.32,+22.299, +7.356,+0.930
1718371140,+3.32,+22.282, +7.342,+0.929
1718371200,+3.32,+22.290, +7.346,+0.930
1718371260,+3.32,+22.290, +7.344,+0.930
1718371320,+3.32,+22.299, +7.349,+0.930
1718371380,+3.32,+22.282, +7.339,+0.929
1718371440,+3.32,+22.274, +7.343,+0.929
1718371500,+3.32,+22.265, +7.347,+0.930
1718371560,+3.32,+22.257, +7.351,+0.930
1718371620,+3.32,+22.249, +7.354,+0.930
1718371680,+3.32,+22.249, +7.351,+0.930
1718371740,+3.32,+22.257, +7.351,+0.930
1718371800,+3.32,+22.224, +7.356,+0.930
1718371860,+3.32,+22.232, +7.358,+0.930
1718371920,+3.32,+22.232, +7.356,+0.930
1718371980,+3.32,+22.240, +7.364,+0.930
1718372040,+3.32,+22.232, +7.354,+0.930
1718372100,+3.32,+22.249, +7.351,+0.930
1718372160,+3.32,+22.215, +7.353,+0.929
1718372220,+3.32,+22.224, +7.361,+0.930
1718372280,+3.32,+22.215, +7.360,+0.930
1718372340,+3.32,+22.232, +7.357,+0.930
1718372400,+3.32,+22.207, +7.358,+0.930
1718372460,+3.32,+22.182, +7.369,+0.930
1718372520,+3.32,+22.207, +7.354,+0.929
1718372580,+3.32,+22.190, +7.363,+0.930
1718372640,+3.32,+22.173, +7.363,+0.929
1718372700,+3.32,+22.198, +7.355,+0.930
1718372760,+3.32,+22.173, +7.364,+0.930
1718372820,+3.32,+22.165, +7.365,+0.930
1718372880,+3.32,+22.190, +7.361,+0.930
1718372940,+3.32,+22.165, +7.361,+0.930
1718373000,+3.32,+22.173, +7.355,+0.929
1718373060,+3.32,+22.165, +7.367,+0.930
1718373120,+3.32,+22.157, +7.363,+0.930
1718373180,+3.32,+22.173, +7.348,+0.929
1718373240,+3.32,+22.148, +7.376,+0.930
1718373300,+3.32,+22.165, +7.373,+0.930
1718373360,+3.32,+22.140, +7.369,+0.930
1718373420,+3.32,+22.132, +7.371,+0.930
1718373480,+3.32,+22.123, +7.368,+0.929
1718373540,+3.32,+22.115, +7.375,+0.930
1718373600,+3.32,+22.123, +7.377,+0.930
1718373660,+3.32,+22.132, +7.371,+0.930
1718373720,+3.32,+22.123, +7.375,+0.930
1718373780,+3.32,+22.115, +7.368,+0.929
1718373840,+3.32,+22.115, +7.372,+0.930
1718373900,+3.32,+22.123, +7.367,+0.929
1718373960,+3.32,+22.132, +7.366,+0.930
1718374020,+3.32,+22.115, +7.373,+0.930
1718374080,+3.32,+22.115, +7.364,+0.929
1718374140,+3.32,+22.090, +7.378,+0.930
1718374200,+3.32,+22.081, +7.381,+0.930
1718374260,+3.32,+22.107, +7.376,+0.930
1718374320,+3.32,+22.090, +7.368,+0.929
1718374380,+3.32,+22.090, +7.376,+0.930
1718374440,+3.32,+22.090, +7.374,+0.929
1718374500,+3.32,+22.115, +7.366,+0.929
1718374560,+3.32,+22.081, +7.369,+0.929
1718374620,+3.32,+22.065, +7.377,+0.929
1718374680,+3.32,+22.081, +7.375,+0.930
1718374740,+3.32,+22.090, +7.374,+0.929
1718374800,+3.32,+22.081, +7.379,+0.930
1718374860,+3.32,+22.048, +7.379,+0.929
1718374920,+3.32,+22.081, +7.369,+0.930
1718374980,+3.32,+22.065, +7.383,+0.930
1718375040,+3.32,+22.040, +7.380,+0.929
1718375100,+3.32,+22.073, +7.379,+0.930
1718375160,+3.32,+22.056, +7.376,+0.930
1718375220,+3.32,+22.040, +7.388,+0.930
1718375280,+3.32,+22.040, +7.378,+0.929
1718375340,+3.32,+22.040, +7.375,+0.929
1718375400,+3.32,+22.056, +7.380,+0.929
1718375460,+3.32,+22.040, +7.382,+0.929
1718375520,+3.32,+22.031, +7.381,+0.929
1718375580,+3.32,+22.040, +7.394,+0.931
1718375640,+3.32,+22.023, +7.387,+0.930
1718375700,+3.32,+22.040, +7.382,+0.930
1718375760,+3.32,+22.031, +7.390,+0.930
1718375820,+3.32,+22.031, +7.381,+0.930
1718375880,+3.32,+22.048, +7.381,+0.930
1718375940,+3.32,+22.015, +7.390,+0.930
1718376000,+3.32,+22.023, +7.376,+0.929
1718376060,+3.32,+22.023, +7.380,+0.929
1718376120,+3.32,+22.031, +7.381,+0.930
1718376180,+3.32,+22.006, +7.384,+0.929
1718376240,+3.32,+22.040, +7.380,+0.930
1718376300,+3.32,+22.006, +7.385,+0.930
1718376360,+3.32,+22.006, +7.384,+0.929
1718376420,+3.32,+22.015, +7.379,+0.929
1718376480,+3.32,+22.006, +7.390,+0.930
1718376540,+3.32,+22.015, +7.383,+0.930
1718376600,+3.32,+21.990, +7.396,+0.930
1718376660,+3.32,+22.006, +7.387,+0.930
1718376720,+3.32,+22.006, +7.384,+0.929
1718376780,+3.32,+21.998, +7.390,+0.930
1718376840,+3.32,+22.006, +7.389,+0.930
1718376900,+3.32,+21.998, +7.388,+0.930
1718376960,+3.32,+21.998, +7.384,+0.930
1718377020,+3.32,+21.981, +7.391,+0.930
1718377080,+3.32,+21.998, +7.387,+0.930
1718377140,+3.32,+22.006, +7.377,+0.929
1718377200,+3.32,+22.006, +7.384,+0.929
1718377260,+3.32,+22.006, +7.389,+0.930
1718377320,+3.32,+21.990, +7.390,+0.930
1718377380,+3.32,+21.990, +7.397,+0.930
1718377440,+3.32,+21.990, +7.390,+0.930
1718377500,+3.32,+21.998, +7.387,+0.930
1718377560,+3.32,+21.998, +7.384,+0.929
1718377620,+3.32,+21.990, +7.389,+0.930
1718377680,+3.32,+21.973, +7.395,+0.930
1718377740,+3.32,+21.998, +7.384,+0.930
1718377800,+3.32,+21.990, +7.385,+0.929
1718377860,+3.32,+21.998, +7.386,+0.930
1718377920,+3.32,+21.998, +7.375,+0.929
1718377980,+3.32,+21.990, +7.386,+0.930
1718378040,+3.32,+21.981, +7.385,+0.929
1718378100,+3.32,+21.973, +7.391,+0.930
1718378160,+3.32,+22.015, +7.378,+0.929
1718378220,+3.32,+21.998, +7.384,+0.930
1718378280,+3.32,+21.998, +7.372,+0.929
1718378340,+3.32,+21.990, +7.385,+0.929
1718378400,+3.32,+21.990, +7.392,+0.930
1718378460,+3.32,+21.998, +7.386,+0.930
1718378520,+3.32,+21.990, +7.387,+0.930
1718378580,+3.32,+21.990, +7.388,+0.930
1718378640,+3.32,+21.990, +7.385,+0.929
1718378700,+3.32,+21.990, +7.386,+0.929
1718378760,+3.32,+21.998, +7.380,+0.929
1718378820,+3.32,+21.981, +7.396,+0.930
1718378880,+3.32,+21.973, +7.394,+0.930
1718378940,+3.32,+22.015, +7.375,+0.929
1718379000,+3.32,+21.998, +7.380,+0.929
1718379060,+3.32,+22.006, +7.377,+0.929
1718379120,+3.32,+21.990, +7.396,+0.930
1718379180,+3.32,+21.998, +7.377,+0.929
1718379240,+3.32,+21.990, +7.393,+0.930
1718379300,+3.32,+21.998, +7.386,+0.930
1718379360,+3.32,+22.006, +7.380,+0.930
1718379420,+3.32,+21.998, +7.383,+0.929
1718379480,+3.32,+22.015, +7.386,+0.930
1718379540,+3.32,+22.006, +7.372,+0.929
1718379600,+3.32,+22.006, +7.380,+0.929
1718379660,+3.32,+22.015, +7.379,+0.929
1718379720,+3.32,+22.015, +7.387,+0.930
1718379780,+3.32,+21.998, +7.382,+0.929
1718379840,+3.32,+22.015, +7.380,+0.929
1718379900,+3.32,+22.031, +7.374,+0.930
1718379960,+3.32,+22.015, +7.372,+0.929
1718380020,+3.32,+22.015, +7.379,+0.929
1718380080,+3.32,+22.023, +7.378,+0.929
1718380140,+3.32,+22.015, +7.380,+0.930
1718380200,+3.32,+22.023, +7.372,+0.929
1718380260,+3.32,+22.031, +7.379,+0.930
1718380320,+3.32,+22.031, +7.378,+0.929
1718380380,+3.32,+22.048, +7.384,+0.930
1718380440,+3.32,+22.040, +7.381,+0.930
1718380500,+3.32,+22.040, +7.385,+0.930
1718380560,+3.32,+22.048, +7.379,+0.930
1718380620,+3.32,+22.056, +7.372,+0.929
1718380680,+3.32,+22.048, +7.369,+0.929
1718380740,+3.32,+22.056, +7.373,+0.930
1718380800,+3.32,+22.056, +7.370,+0.929
1718380860,+3.32,+22.056, +7.379,+0.930
1718380920,+3.32,+22.065, +7.375,+0.930
1718380980,+3.32,+22.065, +7.380,+0.930
1718381040,+3.32,+22.065, +7.386,+0.930
1718381100,+3.32,+22.065, +7.372,+0.929
1718381160,+3.32,+22.065, +7.375,+0.930
1718381220,+3.32,+22.081, +7.366,+0.929
1718381280,+3.32,+22.090, +7.373,+0.930
1718381340,+3.32,+22.081, +7.372,+0.930
1718381400,+3.32,+22.090, +7.369,+0.929
1718381460,+3.32,+22.107, +7.371,+0.930
1718381520,+3.32,+22.090, +7.370,+0.930
1718381580,+3.32,+22.107, +7.372,+0.930
1718381640,+3.32,+22.098, +7.361,+0.929
1718381700,+3.32,+22.115, +7.367,+0.930
1718381760,+3.32,+22.132, +7.369,+0.930
1718381820,+3.32,+22.115, +7.367,+0.930
1718381880,+3.32,+22.140, +7.366,+0.930
1718381940,+3.32,+22.148, +7.362,+0.930
1718382000,+3.32,+22.132, +7.371,+0.930
1718382060,+3.32,+22.157, +7.363,+0.930
1718382120,+3.32,+22.132, +7.362,+0.930
1718382180,+3.32,+22.173, +7.357,+0.930
1718382240,+3.32,+22.148, +7.360,+0.929
1718382300,+3.32,+22.165, +7.364,+0.930
1718382360,+3.32,+22.173, +7.357,+0.929
1718382420,+3.32,+22.173, +7.364,+0.930
1718382480,+3.32,+22.173, +7.361,+0.930
1718382540,+3.32,+22.198, +7.360,+0.930
1718382600,+3.32,+22.182, +7.361,+0.930
1718382660,+3.32,+22.198, +7.362,+0.930
1718382720,+3.32,+22.198, +7.360,+0.930
1718382780,+3.32,+22.190, +7.365,+0.930
1718382840,+3.32,+22.215, +7.347,+0.929
1718382900,+3.32,+22.207, +7.360,+0.930
1718382960,+3.32,+22.232, +7.347,+0.930
1718383020,+3.32,+22.224, +7.357,+0.930
1718383080,+3.32,+22.240, +7.344,+0.930
1718383140,+3.32,+22.240, +7.340,+0.929
1718383200,+3.32,+22.265, +7.338,+0.930
1718383260,+3.32,+22.240, +7.342,+0.929
1718383320,+3.32,+22.232, +7.351,+0.930
1718383380,+3.32,+22.257, +7.350,+0.930
1718383440,+3.32,+22.265, +7.344,+0.930
1718383500,+3.32,+22.257, +7.339,+0.929
1718383560,+3.32,+22.265, +7.347,+0.930
1718383620,+3.32,+22.257, +7.347,+0.930
1718383680,+3.32,+22.274, +7.347,+0.930
1718383740,+3.32,+22.274, +7.352,+0.930
1718383800,+3.32,+22.282, +7.345,+0.930
1718383860,+3.32,+22.282, +7.347,+0.930
1718383920,+3.32,+22.290, +7.344,+0.930
1718383980,+3.32,+22.282, +7.348,+0.930
1718384040,+3.32,+22.299, +7.340,+0.929
1718384100,+3.32,+22.307, +7.333,+0.929
1718384160,+3.32,+22.299, +7.341,+0.930
1718384220,+3.32,+22.307, +7.342,+0.930
1718384280,+3.32,+22.316, +7.341,+0.930
1718384340,+3.32,+22.316, +7.335,+0.930
1718384400,+3.32,+22.324, +7.338,+0.930
1718384460,+3.32,+22.316, +7.338,+0.930
1718384520,+3.32,+22.341, +7.339,+0.930
1718384580,+3.32,+22.316, +7.334,+0.930
1718384640,+3.32,+22.341, +7.334,+0.930
1718384700,+3.32,+22.324, +7.343,+0.930
1718384760,+3.32,+22.341, +7.335,+0.930
1718384820,+3.32,+22.357, +7.341,+0.930
1718384880,+3.32,+22.349, +7.335,+0.930
1718384940,+3.32,+22.349, +7.333,+0.930
1718385000,+3.32,+22.349, +7.340,+0.930
1718385060,+3.32,+22.366, +7.330,+0.930
1718385120,+3.32,+22.349, +7.333,+0.930
1718385180,+3.32,+22.366, +7.333,+0.930
1718385240,+3.32,+22.366, +7.327,+0.930
1718385300,+3.32,+22.374, +7.330,+0.930
1718385360,+3.32,+22.382, +7.323,+0.929
1718385420,+3.32,+22.399, +7.321,+0.930
1718385480,+3.32,+22.391, +7.329,+0.930
1718385540,+3.32,+22.399, +7.328,+0.930
1718385600,+3.32,+22.391, +7.331,+0.930
1718385660,+3.32,+22.399, +7.326,+0.930
1718385720,+3.32,+22.407, +7.326,+0.930
1718385780,+3.32,+22.407, +7.330,+0.930
1718385840,+3.32,+22.416, +7.319,+0.929
1718385900,+3.32,+22.424, +7.326,+0.930
1718385960,+3.32,+22.416, +7.320,+0.929
1718386020,+3.32,+22.416, +7.334,+0.930
1718386080,+3.32,+22.433, +7.325,+0.930
1718386140,+3.32,+22.441, +7.320,+0.930
1718386200,+3.32,+22.424, +7.319,+0.929
1718386260,+3.32,+22.466, +7.311,+0.929
1718386320,+3.32,+22.441, +7.328,+0.930
1718386380,+3.32,+22.449, +7.324,+0.930
1718386440,+3.32,+22.466, +7.321,+0.930
1718386500,+3.32,+22.474, +7.316,+0.930
1718386560,+3.32,+22.474, +7.322,+0.930
1718386620,+3.32,+22.466, +7.315,+0.930
1718386680,+3.32,+22.458, +7.324,+0.930
1718386740,+3.32,+22.483, +7.312,+0.930
1718386800,+3.32,+22.483, +7.319,+0.930
1718386860,+3.32,+22.483, +7.319,+0.930
1718386920,+3.32,+22.491, +7.316,+0.930
1718386980,+3.32,+22.491, +7.315,+0.930
1718387040,+3.32,+22.499, +7.317,+0.930
1718387100,+3.32,+22.499, +7.314,+0.930
1718387160,+3.32,+22.508, +7.316,+0.930
1718387220,+3.32,+22.516, +7.317,+0.930
1718387280,+3.32,+22.516, +7.313,+0.930
1718387340,+3.32,+22.533, +7.308,+0.930
1718387400,+3.32,+22.533, +7.304,+0.930
1718387460,+3.32,+22.516, +7.302,+0.929
1718387520,+3.32,+22.533, +7.296,+0.929
1718387580,+3.32,+22.558, +7.305,+0.930
1718387640,+3.32,+22.541, +7.305,+0.930
1718387700,+3.32,+22.541, +7.297,+0.929
1718387760,+3.32,+22.566, +7.304,+0.930
1718387820,+3.32,+22.566, +7.311,+0.930
1718387880,+3.32,+22.558, +7.309,+0.930
1718387940,+3.32,+22.583, +7.290,+0.929
1718388000,+3.32,+22.591, +7.299,+0.930
1718388060,+3.32,+22.591, +7.302,+0.930
1718388120,+3.32,+22.583, +7.297,+0.930
1718388180,+3.32,+22.600, +7.301,+0.930
1718388240,+3.32,+22.600, +7.297,+0.930
1718388300,+3.32,+22.591, +7.300,+0.930
1718388360,+3.32,+22.608, +7.293,+0.930
1718388420,+3.32,+22.616, +7.295,+0.930
1718388480,+3.32,+22.608, +7.296,+0.930
1718388540,+3.32,+22.625, +7.296,+0.930
1718388600,+3.32,+22.625, +7.292,+0.930
1718388660,+3.32,+22.625, +7.302,+0.930
1718388720,+3.32,+22.642, +7.292,+0.930
1718388780,+3.32,+22.658, +7.295,+0.931
1718388840,+3.32,+22.650, +7.290,+0.930
1718388900,+3.32,+22.650, +7.300,+0.931
1718388960,+3.32,+22.667, +7.286,+0.930
1718389020,+3.32,+22.683, +7.284,+0.930
1718389080,+3.32,+22.667, +7.286,+0.930
1718389140,+3.32,+22.667, +7.301,+0.931
1718389200,+3.32,+22.692, +7.296,+0.931
1718389260,+3.32,+22.675, +7.296,+0.930
1718389320,+3.32,+22.683, +7.293,+0.930
1718389380,+3.32,+22.692, +7.287,+0.930
1718389440,+3.32,+22.708, +7.281,+0.930
1718389500,+3.32,+22.708, +7.289,+0.930
1718389560,+3.32,+22.725, +7.282,+0.930
1718389620,+3.32,+22.717, +7.286,+0.930
1718389680,+3.32,+22.717, +7.285,+0.930
1718389740,+3.32,+22.725, +7.278,+0.930
1718389800,+3.32,+22.742, +7.284,+0.930
1718389860,+3.32,+22.725, +7.283,+0.930
1718389920,+3.32,+22.742, +7.273,+0.930
1718389980,+3.32,+22.759, +7.274,+0.930
1718390040,+3.32,+22.767, +7.280,+0.930
1718390100,+3.32,+22.759, +7.267,+0.929
1718390160,+3.32,+22.775, +7.277,+0.930
1718390220,+3.32,+22.750, +7.273,+0.930
1718390280,+3.32,+22.759, +7.282,+0.930
1718390340,+3.32,+22.775, +7.278,+0.930
1718390400,+3.32,+22.792, +7.275,+0.930
1718390460,+3.32,+22.784, +7.269,+0.930
1718390520,+3.32,+22.792, +7.271,+0.930
1718390580,+3.32,+22.792, +7.272,+0.930
