7450-529728
OS REV: 1.05 Sensor Cal: 1580916347
Time (sec),  BV (Volts),  T (deg C),  DO (mg/l),  Q ()
1699174980,+2.72,+12.317, +9.379,+0.901
1699175280,+2.72,+12.309, +9.381,+0.901
1699175580,+2.72,+12.309, +9.377,+0.901
1699175880,+2.72,+12.317, +9.346,+0.901
1699176180,+2.72,+12.300, +9.378,+0.901
1699176480,+2.72,+12.291, +9.394,+0.901
1699176780,+2.72,+12.291, +9.402,+0.901
1699177080,+2.72,+12.282, +9.401,+0.901
1699177380,+2.72,+12.300, +9.408,+0.901
1699177680,+2.72,+12.300, +9.413,+0.901
1699177980,+2.72,+12.309, +9.412,+0.901
1699178280,+2.72,+12.300, +9.408,+0.901
1699178580,+2.72,+12.300, +9.413,+0.901
1699178880,+2.72,+12.300, +9.413,+0.901
1699179180,+2.72,+12.317, +9.411,+0.901
1699179480,+2.72,+12.291, +9.433,+0.901
1699179780,+2.72,+12.300, +9.432,+0.901
1699180080,+2.72,+12.300, +9.433,+0.902
1699180380,+2.72,+12.317, +9.409,+0.901
1699180680,+2.72,+12.300, +9.396,+0.901
1699180980,+2.72,+12.300, +9.425,+0.902
1699181280,+2.72,+12.317, +9.404,+0.901
1699181580,+2.72,+12.309, +9.408,+0.901
1699181880,+2.72,+12.300, +9.394,+0.901
1699182180,+2.72,+12.309, +9.389,+0.901
1699182480,+2.72,+12.309, +9.404,+0.901
1699182780,+2.72,+12.309, +9.410,+0.901
1699183080,+2.72,+12.317, +9.424,+0.902
1699183380,+2.72,+12.317, +9.421,+0.901
1699183680,+2.72,+12.300, +9.411,+0.901
1699183980,+2.72,+12.291, +9.401,+0.901
1699184280,+2.72,+12.300, +9.387,+0.901
1699184580,+2.72,+12.300, +9.390,+0.901
1699184880,+2.72,+12.309, +9.380,+0.901
1699185180,+2.72,+12.309, +9.384,+0.902
1699185480,+2.72,+12.309, +9.378,+0.902
1699185780,+2.72,+12.309, +9.371,+0.901
1699186080,+2.72,+12.309, +9.402,+0.901
1699186380,+2.72,+12.300, +9.390,+0.901
1699186680,+2.72,+12.309, +9.385,+0.901
1699186980,+2.72,+12.317, +9.383,+0.901
1699187280,+2.72,+12.300, +9.398,+0.901
1699187580,+2.72,+12.317, +9.360,+0.900
1699187880,+2.72,+12.309, +9.348,+0.901
1699188180,+2.72,+12.326, +9.350,+0.901
1699188480,+2.72,+12.300, +9.386,+0.901
1699188780,+2.72,+12.300, +9.373,+0.902
1699189080,+2.72,+12.309, +9.383,+0.901
1699189380,+2.72,+12.300, +9.380,+0.901
1699189680,+2.72,+12.309, +9.379,+0.901
1699189980,+2.72,+12.300, +9.375,+0.901
1699190280,+2.72,+12.300, +9.384,+0.901
1699190580,+2.72,+12.300, +9.361,+0.901
1699190880,+2.72,+12.309, +9.417,+0.902
1699191180,+2.72,+12.300, +9.419,+0.901
1699191480,+2.72,+12.317, +9.412,+0.901
1699191780,+2.72,+12.309, +9.400,+0.901
1699192080,+2.72,+12.291, +9.411,+0.901
1699192380,+2.72,+12.309, +9.416,+0.901
1699192680,+2.72,+12.309, +9.401,+0.901
1699192980,+2.72,+12.309, +9.398,+0.901
1699193280,+2.72,+12.309, +9.396,+0.901
1699193580,+2.72,+12.273, +9.394,+0.901
1699193880,+2.72,+12.309, +9.389,+0.901
1699194180,+2.72,+12.291, +9.403,+0.901
1699194480,+2.72,+12.300, +9.388,+0.901
1699194780,+2.72,+12.291, +9.403,+0.901
1699195080,+2.72,+12.282, +9.390,+0.902
1699195380,+2.72,+12.300, +9.388,+0.901
1699195680,+2.72,+12.300, +9.417,+0.901
1699195980,+2.72,+12.291, +9.398,+0.901
1699196280,+2.72,+12.291, +9.406,+0.902
1699196580,+2.72,+12.291, +9.398,+0.901
1699196880,+2.72,+12.282, +9.420,+0.902
1699197180,+2.72,+12.282, +9.410,+0.901
1699197480,+2.72,+12.273, +9.421,+0.901
1699197780,+2.72,+12.291, +9.426,+0.901
1699198080,+2.72,+12.282, +9.414,+0.901
1699198380,+2.72,+12.282, +9.440,+0.902
1699198680,+2.72,+12.273, +9.446,+0.902
1699198980,+2.72,+12.291, +9.443,+0.902
1699199280,+2.72,+12.291, +9.426,+0.901
1699199580,+2.72,+12.282, +9.451,+0.901
1699199880,+2.72,+12.273, +9.449,+0.901
1699200180,+2.72,+12.273, +9.492,+0.901
1699200480,+2.72,+12.282, +9.496,+0.901
1699200780,+2.72,+12.291, +9.509,+0.901
1699201080,+2.72,+12.291, +9.512,+0.901
1699201380,+2.72,+12.282, +9.545,+0.901
1699201680,+2.72,+12.309, +9.548,+0.901
1699201980,+2.72,+12.309, +9.568,+0.901
1699202280,+2.72,+12.309, +9.610,+0.902
1699202580,+2.72,+12.300, +9.645,+0.902
1699202880,+2.72,+12.326, +9.658,+0.901
1699203180,+2.72,+12.309, +9.653,+0.901
1699203480,+2.72,+12.335, +9.673,+0.901
1699203780,+2.72,+12.317, +9.709,+0.901
1699204080,+2.72,+12.335, +9.693,+0.901
1699204380,+2.72,+12.344, +9.714,+0.901
1699204680,+2.72,+12.335, +9.754,+0.901
1699204980,+2.72,+12.362, +9.740,+0.901
1699205280,+2.72,+12.353, +9.751,+0.901
1699205580,+2.73,+12.388, +9.761,+0.901
1699205880,+2.73,+12.388, +9.817,+0.902
1699206180,+2.73,+12.379, +9.811,+0.902
1699206480,+2.73,+12.388, +9.800,+0.902
1699206780,+2.73,+12.388, +9.845,+0.901
1699207080,+2.73,+12.397, +9.879,+0.901
1699207380,+2.73,+12.415, +9.887,+0.901
1699207680,+2.73,+12.433, +9.917,+0.901
1699207980,+2.73,+12.441, +9.942,+0.902
1699208280,+2.73,+12.441, +9.952,+0.902
1699208580,+2.73,+12.450, +9.912,+0.901
1699208880,+2.73,+12.450, +9.926,+0.901
1699209180,+2.73,+12.450, +9.945,+0.901
1699209480,+2.73,+12.459,+10.004,+0.901
1699209780,+2.73,+12.477,+10.024,+0.901
1699210080,+2.73,+12.486,+10.026,+0.901
1699210380,+2.73,+12.512,+10.017,+0.901
1699210680,+2.73,+12.503,+10.060,+0.902
1699210980,+2.73,+12.521,+10.070,+0.901
1699211280,+2.73,+12.547,+10.098,+0.902
1699211580,+2.73,+12.565,+10.095,+0.901
1699211880,+2.73,+12.574,+10.133,+0.901
1699212180,+2.73,+12.574,+10.117,+0.901
1699212480,+2.73,+12.592,+10.087,+0.901
1699212780,+2.73,+12.600,+10.114,+0.901
1699213080,+2.73,+12.627,+10.123,+0.901
1699213380,+2.73,+12.645,+10.135,+0.901
1699213680,+2.73,+12.645,+10.137,+0.901
1699213980,+2.73,+12.671,+10.140,+0.901
1699214280,+2.73,+12.680,+10.134,+0.901
1699214580,+2.73,+12.697,+10.119,+0.901
1699214880,+2.73,+12.697,+10.091,+0.901
1699215180,+2.73,+12.715,+10.096,+0.901
1699215480,+2.73,+12.724,+10.117,+0.901
1699215780,+2.73,+12.733,+10.089,+0.901
1699216080,+2.73,+12.750,+10.097,+0.902
1699216380,+2.73,+12.750,+10.105,+0.901
1699216680,+2.73,+12.768,+10.112,+0.901
1699216980,+2.73,+12.786,+10.106,+0.901
1699217280,+2.73,+12.803,+10.097,+0.901
1699217580,+2.73,+12.812,+10.105,+0.901
1699217880,+2.73,+12.803,+10.091,+0.901
1699218180,+2.73,+12.838,+10.094,+0.901
1699218480,+2.73,+12.821,+10.112,+0.901
1699218780,+2.73,+12.838,+10.078,+0.901
1699219080,+2.73,+12.838,+10.049,+0.901
1699219380,+2.73,+12.865,+10.030,+0.901
1699219680,+2.73,+12.856,+10.052,+0.901
1699219980,+2.73,+12.856,+10.035,+0.901
1699220280,+2.73,+12.874, +9.999,+0.901
1699220580,+2.73,+12.874, +9.992,+0.901
1699220880,+2.73,+12.865, +9.957,+0.901
1699221180,+2.73,+12.856, +9.950,+0.902
1699221480,+2.73,+12.865, +9.927,+0.901
1699221780,+2.73,+12.874, +9.935,+0.901
1699222080,+2.73,+12.882, +9.914,+0.901
1699222380,+2.73,+12.874, +9.925,+0.902
1699222680,+2.73,+12.874, +9.905,+0.901
1699222980,+2.73,+12.882, +9.880,+0.901
1699223280,+2.73,+12.882, +9.864,+0.901
1699223580,+2.73,+12.847, +9.856,+0.901
1699223880,+2.73,+12.865, +9.825,+0.901
1699224180,+2.73,+12.882, +9.791,+0.901
1699224480,+2.73,+12.874, +9.771,+0.901
1699224780,+2.73,+12.865, +9.780,+0.902
1699225080,+2.73,+12.847, +9.761,+0.902
1699225380,+2.73,+12.830, +9.747,+0.901
1699225680,+2.73,+12.847, +9.728,+0.901
1699225980,+2.73,+12.830, +9.712,+0.901
1699226280,+2.73,+12.812, +9.696,+0.901
1699226580,+2.73,+12.812, +9.689,+0.901
1699226880,+2.73,+12.812, +9.676,+0.901
1699227180,+2.73,+12.794, +9.672,+0.902
1699227480,+2.73,+12.803, +9.653,+0.901
1699227780,+2.73,+12.786, +9.643,+0.901
1699228080,+2.73,+12.777, +9.617,+0.901
1699228380,+2.73,+12.768, +9.626,+0.901
1699228680,+2.73,+12.750, +9.618,+0.901
1699228980,+2.73,+12.750, +9.607,+0.901
1699229280,+2.73,+12.724, +9.605,+0.901
1699229580,+2.73,+12.724, +9.581,+0.901
1699229880,+2.73,+12.724, +9.573,+0.902
1699230180,+2.73,+12.715, +9.571,+0.902
1699230480,+2.73,+12.706, +9.547,+0.901
1699230780,+2.73,+12.706, +9.541,+0.901
1699231080,+2.73,+12.697, +9.547,+0.902
1699231380,+2.73,+12.671, +9.526,+0.901
1699231680,+2.73,+12.671, +9.529,+0.901
1699231980,+2.73,+12.653, +9.520,+0.901
1699232280,+2.73,+12.636, +9.507,+0.902
1699232580,+2.73,+12.636, +9.512,+0.902
1699232880,+2.73,+12.627, +9.504,+0.902
1699233180,+2.73,+12.609, +9.482,+0.901
1699233480,+2.73,+12.609, +9.472,+0.901
1699233780,+2.73,+12.609, +9.482,+0.901
1699234080,+2.73,+12.574, +9.475,+0.901
1699234380,+2.73,+12.583, +9.477,+0.902
1699234680,+2.73,+12.574, +9.482,+0.902
1699234980,+2.73,+12.565, +9.466,+0.901
1699235280,+2.73,+12.539, +9.465,+0.901
1699235580,+2.73,+12.539, +9.464,+0.902
1699235880,+2.73,+12.521, +9.464,+0.901
1699236180,+2.73,+12.521, +9.459,+0.901
1699236480,+2.73,+12.512, +9.460,+0.902
1699236780,+2.73,+12.512, +9.439,+0.901
1699237080,+2.73,+12.494, +9.441,+0.902
1699237380,+2.73,+12.486, +9.429,+0.901
1699237680,+2.73,+12.477, +9.449,+0.902
1699237980,+2.73,+12.459, +9.429,+0.901
1699238280,+2.73,+12.468, +9.424,+0.902
1699238580,+2.73,+12.450, +9.431,+0.902
1699238880,+2.73,+12.450, +9.419,+0.901
1699239180,+2.73,+12.433, +9.422,+0.901
1699239480,+2.73,+12.415, +9.435,+0.902
1699239780,+2.73,+12.415, +9.440,+0.901
1699240080,+2.73,+12.415, +9.430,+0.901
1699240380,+2.73,+12.433, +9.422,+0.901
1699240680,+2.73,+12.415, +9.418,+0.901
1699240980,+2.73,+12.406, +9.419,+0.901
1699241280,+2.73,+12.388, +9.424,+0.901
1699241580,+2.73,+12.371, +9.435,+0.901
1699241880,+2.72,+12.379, +9.421,+0.901
1699242180,+2.73,+12.397, +9.431,+0.901
1699242480,+2.73,+12.388, +9.424,+0.901
1699242780,+2.73,+12.362, +9.435,+0.902
1699243080,+2.72,+12.371, +9.435,+0.902
1699243380,+2.72,+12.353, +9.424,+0.901
1699243680,+2.72,+12.353, +9.425,+0.901
1699243980,+2.72,+12.353, +9.399,+0.901
1699244280,+2.72,+12.335, +9.410,+0.901
1699244580,+2.72,+12.344, +9.421,+0.902
1699244880,+2.72,+12.353, +9.419,+0.902
1699245180,+2.72,+12.344, +9.415,+0.901
1699245480,+2.72,+12.344, +9.415,+0.902
1699245780,+2.72,+12.344, +9.400,+0.901
1699246080,+2.72,+12.335, +9.402,+0.901
1699246380,+2.72,+12.335, +9.392,+0.901
1699246680,+2.72,+12.353, +9.418,+0.902
1699246980,+2.72,+12.317, +9.411,+0.901
1699247280,+2.72,+12.335, +9.390,+0.901
1699247580,+2.72,+12.344, +9.413,+0.901
1699247880,+2.72,+12.344, +9.426,+0.902
1699248180,+2.72,+12.317, +9.401,+0.901
1699248480,+2.72,+12.344, +9.398,+0.901
1699248780,+2.72,+12.335, +9.421,+0.902
1699249080,+2.72,+12.309, +9.415,+0.902
1699249380,+2.72,+12.309, +9.392,+0.900
1699249680,+2.72,+12.317, +9.391,+0.902
1699249980,+2.72,+12.335, +9.387,+0.902
1699250280,+2.72,+12.326, +9.364,+0.901
1699250580,+2.72,+12.335, +9.359,+0.901
1699250880,+2.72,+12.317, +9.400,+0.902
1699251180,+2.72,+12.326, +9.366,+0.902
1699251480,+2.72,+12.326, +9.353,+0.901
1699251780,+2.72,+12.317, +9.352,+0.902
1699252080,+2.72,+12.335, +9.351,+0.902
1699252380,+2.72,+12.326, +9.374,+0.901
1699252680,+2.72,+12.326, +9.358,+0.901
1699252980,+2.72,+12.326, +9.347,+0.901
1699253280,+2.72,+12.317, +9.328,+0.901
1699253580,+2.72,+12.344, +9.306,+0.901
1699253880,+2.72,+12.317, +9.341,+0.901
1699254180,+2.72,+12.317, +9.352,+0.901
1699254480,+2.72,+12.326, +9.354,+0.902
1699254780,+2.72,+12.326, +9.324,+0.901
1699255080,+2.72,+12.317, +9.327,+0.901
1699255380,+2.72,+12.317, +9.292,+0.901
1699255680,+2.72,+12.326, +9.300,+0.901
1699255980,+2.72,+12.317, +9.313,+0.901
1699256280,+2.72,+12.309, +9.332,+0.901
1699256580,+2.72,+12.317, +9.349,+0.901
1699256880,+2.72,+12.326, +9.335,+0.902
1699257180,+2.72,+12.309, +9.329,+0.901
1699257480,+2.72,+12.317, +9.333,+0.901
1699257780,+2.72,+12.317, +9.347,+0.902
1699258080,+2.72,+12.335, +9.331,+0.901
1699258380,+2.72,+12.335, +9.344,+0.901
1699258680,+2.72,+12.309, +9.364,+0.902
1699258980,+2.72,+12.317, +9.353,+0.901
1699259280,+2.72,+12.309, +9.347,+0.901
1699259580,+2.72,+12.326, +9.325,+0.901
1699259880,+2.72,+12.309, +9.347,+0.902
1699260180,+2.72,+12.317, +9.361,+0.901
1699260480,+2.72,+12.317, +9.354,+0.902
1699260780,+2.72,+12.300, +9.384,+0.901
1699261080,+2.72,+12.300, +9.370,+0.901
1699261380,+2.72,+12.335, +9.380,+0.901
