7450-529728
OS REV: 1.05 Sensor Cal: 1580916347
Time (sec),  BV (Volts),  T (deg C),  DO (mg/l),  Q ()
1690683780,+2.79,+20.958, +8.168,+0.928
1690684080,+2.79,+20.933, +8.154,+0.928
1690684380,+2.79,+20.891, +8.159,+0.928
1690684680,+2.79,+20.883, +8.155,+0.929
1690684980,+2.79,+20.824, +8.143,+0.928
1690685280,+2.79,+20.799, +8.136,+0.928
1690685580,+2.79,+20.783, +8.131,+0.928
1690685880,+2.79,+20.766, +8.126,+0.928
1690686180,+2.79,+20.741, +8.116,+0.928
1690686480,+2.79,+20.716, +8.125,+0.929
1690686780,+2.79,+20.674, +8.111,+0.928
1690687080,+2.79,+20.657, +8.107,+0.928
1690687380,+2.79,+20.657, +8.086,+0.928
1690687680,+2.79,+20.640, +8.093,+0.929
1690687980,+2.79,+20.607, +8.083,+0.928
1690688280,+2.79,+20.582, +8.079,+0.928
1690688580,+2.79,+20.565, +8.078,+0.928
1690688880,+2.79,+20.532, +8.075,+0.928
1690689180,+2.79,+20.523, +8.063,+0.928
1690689480,+2.79,+20.507, +8.067,+0.928
1690689780,+2.79,+20.457, +8.067,+0.928
1690690080,+2.79,+20.465, +8.047,+0.928
1690690380,+2.79,+20.431, +8.056,+0.928
1690690680,+2.79,+20.390, +8.041,+0.927
1690690980,+2.79,+20.390, +8.048,+0.928
1690691280,+2.80,+20.365, +8.050,+0.928
1690691580,+2.80,+20.331, +8.040,+0.927
1690691880,+2.80,+20.323, +8.037,+0.927
1690692180,+2.80,+20.306, +8.028,+0.927
1690692480,+2.80,+20.272, +8.041,+0.927
1690692780,+2.80,+20.264, +8.038,+0.928
1690693080,+2.80,+20.239, +8.044,+0.928
1690693380,+2.80,+20.222, +8.034,+0.927
1690693680,+2.80,+20.206, +8.036,+0.927
1690693980,+2.80,+20.172, +8.055,+0.928
1690694280,+2.80,+20.164, +8.034,+0.928
1690694580,+2.80,+20.122, +8.043,+0.928
1690694880,+2.80,+20.105, +8.051,+0.928
1690695180,+2.80,+20.072, +8.054,+0.928
1690695480,+2.79,+20.072, +8.042,+0.927
1690695780,+2.79,+20.038, +8.052,+0.927
1690696080,+2.79,+20.030, +8.054,+0.928
1690696380,+2.79,+20.021, +8.048,+0.927
1690696680,+2.79,+19.996, +8.051,+0.927
1690696980,+2.79,+19.980, +8.047,+0.928
1690697280,+2.79,+19.955, +8.046,+0.927
1690697580,+2.79,+19.938, +8.068,+0.928
1690697880,+2.79,+19.921, +8.060,+0.928
1690698180,+2.79,+19.896, +8.057,+0.927
1690698480,+2.79,+19.879, +8.074,+0.928
1690698780,+2.79,+19.846, +8.075,+0.928
1690699080,+2.79,+19.837, +8.067,+0.927
1690699380,+2.79,+19.812, +8.077,+0.928
1690699680,+2.79,+19.812, +8.061,+0.927
1690699980,+2.79,+19.804, +8.072,+0.928
1690700280,+2.79,+19.779, +8.078,+0.927
1690700580,+2.79,+19.745, +8.087,+0.927
1690700880,+2.79,+19.737, +8.084,+0.927
1690701180,+2.79,+19.728, +8.079,+0.927
1690701480,+2.79,+19.712, +8.085,+0.927
1690701780,+2.79,+19.712, +8.074,+0.926
1690702080,+2.79,+19.695, +8.082,+0.927
1690702380,+2.79,+19.695, +8.092,+0.927
1690702680,+2.79,+19.678, +8.086,+0.927
1690702980,+2.79,+19.678, +8.091,+0.928
1690703280,+2.79,+19.678, +8.085,+0.927
1690703580,+2.79,+19.661, +8.078,+0.926
1690703880,+2.79,+19.645, +8.084,+0.927
1690704180,+2.79,+19.645, +8.081,+0.927
1690704480,+2.79,+19.628, +8.111,+0.928
1690704780,+2.79,+19.620, +8.096,+0.927
1690705080,+2.79,+19.620, +8.086,+0.926
1690705380,+2.79,+19.611, +8.101,+0.927
1690705680,+2.79,+19.586, +8.108,+0.928
1690705980,+2.79,+19.594, +8.111,+0.928
1690706280,+2.79,+19.578, +8.095,+0.927
1690706580,+2.79,+19.569, +8.109,+0.927
1690706880,+2.79,+19.561, +8.101,+0.927
1690707180,+2.79,+19.561, +8.114,+0.927
1690707480,+2.79,+19.544, +8.097,+0.927
1690707780,+2.79,+19.569, +8.096,+0.927
1690708080,+2.79,+19.527, +8.109,+0.927
1690708380,+2.79,+19.536, +8.112,+0.927
1690708680,+2.79,+19.527, +8.098,+0.927
1690708980,+2.79,+19.527, +8.106,+0.927
1690709280,+2.79,+19.519, +8.102,+0.927
1690709580,+2.80,+19.502, +8.104,+0.927
1690709880,+2.79,+19.494, +8.118,+0.927
1690710180,+2.79,+19.485, +8.114,+0.927
1690710480,+2.80,+19.469, +8.114,+0.927
1690710780,+2.80,+19.494, +8.122,+0.928
1690711080,+2.80,+19.460, +8.114,+0.926
1690711380,+2.80,+19.452, +8.110,+0.927
1690711680,+2.80,+19.452, +8.127,+0.927
1690711980,+2.80,+19.444, +8.120,+0.927
1690712280,+2.80,+19.444, +8.127,+0.927
1690712580,+2.80,+19.444, +8.118,+0.927
1690712880,+2.80,+19.427, +8.130,+0.927
1690713180,+2.80,+19.402, +8.133,+0.927
1690713480,+2.80,+19.385, +8.137,+0.927
1690713780,+2.80,+19.402, +8.122,+0.926
1690714080,+2.80,+19.418, +8.121,+0.927
1690714380,+2.80,+19.377, +8.139,+0.927
1690714680,+2.80,+19.377, +8.134,+0.927
1690714980,+2.80,+19.385, +8.144,+0.927
1690715280,+2.80,+19.351, +8.133,+0.926
1690715580,+2.80,+19.360, +8.139,+0.927
1690715880,+2.80,+19.351, +8.142,+0.927
1690716180,+2.80,+19.343, +8.139,+0.927
1690716480,+2.80,+19.343, +8.137,+0.927
1690716780,+2.80,+19.326, +8.143,+0.927
1690717080,+2.80,+19.293, +8.142,+0.926
1690717380,+2.80,+19.301, +8.149,+0.927
1690717680,+2.80,+19.301, +8.152,+0.927
1690717980,+2.80,+19.284, +8.146,+0.927
1690718280,+2.80,+19.251, +8.157,+0.926
1690718580,+2.80,+19.259, +8.156,+0.927
1690718880,+2.80,+19.268, +8.152,+0.927
1690719180,+2.80,+19.234, +8.161,+0.927
1690719480,+2.80,+19.226, +8.168,+0.927
1690719780,+2.80,+19.209, +8.168,+0.927
1690720080,+2.80,+19.209, +8.146,+0.926
1690720380,+2.80,+19.192, +8.167,+0.927
1690720680,+2.80,+19.167, +8.176,+0.926
1690720980,+2.80,+19.158, +8.178,+0.927
1690721280,+2.80,+19.142, +8.182,+0.927
1690721580,+2.80,+19.142, +8.180,+0.927
1690721880,+2.80,+19.125, +8.186,+0.927
1690722180,+2.80,+19.117, +8.174,+0.926
1690722480,+2.80,+19.083, +8.192,+0.927
1690722780,+2.80,+19.083, +8.186,+0.927
1690723080,+2.80,+19.058, +8.195,+0.927
1690723380,+2.80,+19.041, +8.202,+0.926
1690723680,+2.80,+19.049, +8.200,+0.927
1690723980,+2.80,+19.033, +8.201,+0.926
1690724280,+2.80,+18.999, +8.213,+0.927
1690724580,+2.80,+18.982, +8.218,+0.927
1690724880,+2.80,+18.974, +8.225,+0.927
1690725180,+2.80,+18.999, +8.225,+0.927
1690725480,+2.79,+18.949, +8.233,+0.927
1690725780,+2.79,+18.932, +8.240,+0.927
1690726080,+2.79,+18.932, +8.227,+0.926
1690726380,+2.79,+18.907, +8.241,+0.926
1690726680,+2.79,+18.898, +8.246,+0.926
1690726980,+2.79,+18.882, +8.260,+0.926
1690727280,+2.79,+18.873, +8.266,+0.927
1690727580,+2.79,+18.865, +8.273,+0.927
1690727880,+2.79,+18.840, +8.291,+0.927
1690728180,+2.79,+18.848, +8.289,+0.927
1690728480,+2.79,+18.823, +8.299,+0.927
1690728780,+2.79,+18.814, +8.311,+0.927
1690729080,+2.79,+18.823, +8.311,+0.927
1690729380,+2.79,+18.798, +8.336,+0.927
1690729680,+2.79,+18.798, +8.335,+0.926
1690729980,+2.79,+18.781, +8.356,+0.927
1690730280,+2.79,+18.806, +8.341,+0.926
1690730580,+2.79,+18.789, +8.367,+0.927
1690730880,+2.79,+18.798, +8.367,+0.927
1690731180,+2.79,+18.781, +8.370,+0.926
1690731480,+2.79,+18.772, +8.397,+0.927
1690731780,+2.79,+18.781, +8.392,+0.926
1690732080,+2.79,+18.789, +8.382,+0.926
1690732380,+2.79,+18.789, +8.412,+0.927
1690732680,+2.79,+18.789, +8.419,+0.927
1690732980,+2.79,+18.789, +8.430,+0.927
1690733280,+2.79,+18.789, +8.429,+0.926
1690733580,+2.79,+18.806, +8.456,+0.927
1690733880,+2.79,+18.840, +8.426,+0.925
1690734180,+2.79,+18.840, +8.454,+0.926
1690734480,+2.79,+18.856, +8.463,+0.927
1690734780,+2.79,+18.856, +8.471,+0.927
1690735080,+2.79,+18.890, +8.466,+0.926
1690735380,+2.79,+18.932, +8.473,+0.927
1690735680,+2.79,+18.915, +8.492,+0.927
1690735980,+2.79,+18.932, +8.501,+0.927
1690736280,+2.79,+18.949, +8.507,+0.927
1690736580,+2.79,+18.974, +8.515,+0.927
1690736880,+2.80,+19.007, +8.514,+0.927
1690737180,+2.80,+19.024, +8.513,+0.926
1690737480,+2.80,+19.033, +8.515,+0.926
1690737780,+2.80,+19.058, +8.537,+0.927
1690738080,+2.80,+19.083, +8.536,+0.927
1690738380,+2.80,+19.117, +8.551,+0.927
1690738680,+2.80,+19.142, +8.551,+0.927
1690738980,+2.80,+19.158, +8.548,+0.926
1690739280,+2.80,+19.192, +8.554,+0.926
1690739580,+2.80,+19.242, +8.544,+0.926
1690739880,+2.80,+19.251, +8.562,+0.926
1690740180,+2.80,+19.293, +8.563,+0.927
1690740480,+2.80,+19.335, +8.556,+0.926
1690740780,+2.80,+19.343, +8.562,+0.926
1690741080,+2.80,+19.377, +8.571,+0.927
1690741380,+2.80,+19.402, +8.574,+0.927
1690741680,+2.80,+19.435, +8.579,+0.926
1690741980,+2.80,+19.477, +8.584,+0.927
1690742280,+2.79,+19.519, +8.587,+0.927
1690742580,+2.79,+19.569, +8.572,+0.926
1690742880,+2.79,+19.594, +8.587,+0.927
1690743180,+2.79,+19.620, +8.592,+0.927
1690743480,+2.79,+19.678, +8.596,+0.927
1690743780,+2.79,+19.712, +8.592,+0.927
1690744080,+2.79,+19.754, +8.590,+0.927
1690744380,+2.79,+19.829, +8.579,+0.927
1690744680,+2.79,+19.879, +8.587,+0.928
1690744980,+2.79,+19.913, +8.579,+0.927
1690745280,+2.79,+19.955, +8.582,+0.927
1690745580,+2.79,+20.005, +8.583,+0.927
1690745880,+2.79,+20.063, +8.583,+0.927
1690746180,+2.80,+20.105, +8.583,+0.928
1690746480,+2.80,+20.139, +8.584,+0.927
1690746780,+2.80,+20.197, +8.574,+0.927
1690747080,+2.80,+20.214, +8.572,+0.927
1690747380,+2.80,+20.264, +8.563,+0.927
1690747680,+2.80,+20.298, +8.566,+0.927
1690747980,+2.79,+20.356, +8.567,+0.927
1690748280,+2.79,+20.406, +8.555,+0.927
1690748580,+2.79,+20.415, +8.563,+0.927
1690748880,+2.79,+20.465, +8.558,+0.927
1690749180,+2.79,+20.507, +8.555,+0.927
1690749480,+2.79,+20.565, +8.541,+0.927
1690749780,+2.79,+20.590, +8.538,+0.926
1690750080,+2.79,+20.649, +8.548,+0.928
1690750380,+2.79,+20.666, +8.527,+0.926
1690750680,+2.79,+20.707, +8.542,+0.928
1690750980,+2.79,+20.766, +8.531,+0.927
1690751280,+2.79,+20.774, +8.541,+0.928
1690751580,+2.79,+20.808, +8.522,+0.927
1690751880,+2.79,+20.841, +8.524,+0.927
1690752180,+2.79,+20.883, +8.519,+0.927
1690752480,+2.79,+20.916, +8.500,+0.927
1690752780,+2.79,+20.933, +8.513,+0.927
1690753080,+2.79,+20.966, +8.510,+0.928
1690753380,+2.79,+21.000, +8.507,+0.928
1690753680,+2.79,+21.033, +8.501,+0.928
1690753980,+2.79,+21.050, +8.501,+0.928
1690754280,+2.79,+21.075, +8.495,+0.928
1690754580,+2.79,+21.109, +8.479,+0.927
1690754880,+2.79,+21.117, +8.486,+0.928
1690755180,+2.79,+21.159, +8.479,+0.928
1690755480,+2.79,+21.192, +8.469,+0.928
1690755780,+2.79,+21.167, +8.426,+0.928
1690756080,+2.79,+21.167, +8.402,+0.927
1690756380,+2.79,+21.200, +8.402,+0.928
1690756680,+2.79,+21.234, +8.410,+0.927
1690756980,+2.79,+21.251, +8.414,+0.927
1690757280,+2.79,+21.292, +8.413,+0.928
1690757580,+2.79,+21.309, +8.416,+0.928
1690757880,+2.79,+21.326, +8.419,+0.928
1690758180,+2.79,+21.351, +8.424,+0.928
1690758480,+2.79,+21.368, +8.419,+0.929
1690758780,+2.79,+21.368, +8.407,+0.928
1690759080,+2.79,+21.393, +8.395,+0.928
1690759380,+2.79,+21.401, +8.383,+0.927
1690759680,+2.79,+21.401, +8.395,+0.928
1690759980,+2.79,+21.418, +8.385,+0.928
1690760280,+2.79,+21.460, +8.374,+0.928
1690760580,+2.79,+21.451, +8.376,+0.928
1690760880,+2.79,+21.434, +8.376,+0.928
1690761180,+2.79,+21.460, +8.365,+0.928
1690761480,+2.79,+21.460, +8.353,+0.927
1690761780,+2.79,+21.460, +8.359,+0.928
1690762080,+2.79,+21.451, +8.348,+0.927
1690762380,+2.79,+21.451, +8.354,+0.928
1690762680,+2.79,+21.460, +8.343,+0.928
1690762980,+2.79,+21.476, +8.323,+0.928
1690763280,+2.79,+21.485, +8.322,+0.928
1690763580,+2.79,+21.460, +8.322,+0.928
1690763880,+2.79,+21.451, +8.308,+0.927
1690764180,+2.79,+21.460, +8.304,+0.928
1690764480,+2.79,+21.443, +8.300,+0.927
1690764780,+2.79,+21.426, +8.294,+0.928
1690765080,+2.79,+21.409, +8.304,+0.928
1690765380,+2.79,+21.409, +8.287,+0.928
1690765680,+2.79,+21.384, +8.281,+0.928
1690765980,+2.79,+21.359, +8.280,+0.928
1690766280,+2.79,+21.334, +8.275,+0.928
1690766580,+2.79,+21.326, +8.257,+0.928
1690766880,+2.79,+21.309, +8.263,+0.929
1690767180,+2.79,+21.276, +8.243,+0.927
1690767480,+2.79,+21.259, +8.247,+0.929
1690767780,+2.79,+21.217, +8.235,+0.928
1690768080,+2.79,+21.200, +8.217,+0.927
1690768380,+2.79,+21.175, +8.220,+0.928
1690768680,+2.79,+21.134, +8.211,+0.928
1690768980,+2.79,+21.117, +8.214,+0.928
1690769280,+2.79,+21.083, +8.186,+0.927
1690769580,+2.79,+21.033, +8.194,+0.928
1690769880,+2.79,+21.017, +8.180,+0.928
1690770180,+2.79,+20.975, +8.162,+0.927
