7450-529728
OS REV: 1.05 Sensor Cal: 1580916347
Time (sec),  BV (Volts),  T (deg C),  DO (mg/l),  Q ()
1693886280,+2.76,+19.284, +8.183,+0.916
1693886580,+2.76,+19.284, +8.178,+0.916
1693886880,+2.76,+19.251, +8.177,+0.917
1693887180,+2.76,+19.234, +8.165,+0.916
1693887480,+2.76,+19.226, +8.156,+0.916
1693887780,+2.76,+19.209, +8.142,+0.916
1693888080,+2.76,+19.184, +8.144,+0.916
1693888380,+2.76,+19.167, +8.145,+0.915
1693888680,+2.76,+19.167, +8.127,+0.916
1693888980,+2.76,+19.125, +8.129,+0.916
1693889280,+2.76,+19.125, +8.130,+0.916
1693889580,+2.76,+19.133, +8.097,+0.916
1693889880,+2.76,+19.083, +8.127,+0.916
1693890180,+2.76,+19.083, +8.113,+0.916
1693890480,+2.76,+19.075, +8.123,+0.916
1693890780,+2.76,+19.066, +8.119,+0.916
1693891080,+2.76,+19.024, +8.125,+0.916
1693891380,+2.76,+19.016, +8.122,+0.916
1693891680,+2.76,+18.999, +8.114,+0.916
1693891980,+2.76,+18.982, +8.128,+0.917
1693892280,+2.76,+18.957, +8.122,+0.916
1693892580,+2.76,+18.949, +8.104,+0.916
1693892880,+2.75,+18.940, +8.110,+0.916
1693893180,+2.75,+18.915, +8.118,+0.916
1693893480,+2.75,+18.890, +8.122,+0.916
1693893780,+2.76,+18.873, +8.118,+0.916
1693894080,+2.75,+18.848, +8.135,+0.917
1693894380,+2.75,+18.831, +8.115,+0.915
1693894680,+2.75,+18.814, +8.118,+0.916
1693894980,+2.75,+18.814, +8.111,+0.916
1693895280,+2.75,+18.798, +8.110,+0.916
1693895580,+2.76,+18.772, +8.120,+0.916
1693895880,+2.76,+18.764, +8.108,+0.915
1693896180,+2.76,+18.739, +8.101,+0.915
1693896480,+2.76,+18.747, +8.113,+0.916
1693896780,+2.76,+18.697, +8.139,+0.916
1693897080,+2.76,+18.697, +8.119,+0.916
1693897380,+2.76,+18.688, +8.110,+0.915
1693897680,+2.76,+18.655, +8.120,+0.915
1693897980,+2.76,+18.655, +8.122,+0.916
1693898280,+2.76,+18.629, +8.125,+0.916
1693898580,+2.76,+18.621, +8.124,+0.916
1693898880,+2.76,+18.613, +8.139,+0.916
1693899180,+2.76,+18.587, +8.130,+0.916
1693899480,+2.76,+18.587, +8.144,+0.916
1693899780,+2.76,+18.571, +8.141,+0.916
1693900080,+2.76,+18.571, +8.123,+0.916
1693900380,+2.76,+18.545, +8.134,+0.916
1693900680,+2.76,+18.537, +8.159,+0.917
1693900980,+2.76,+18.537, +8.142,+0.916
1693901280,+2.76,+18.529, +8.145,+0.916
1693901580,+2.76,+18.512, +8.145,+0.916
1693901880,+2.76,+18.495, +8.116,+0.915
1693902180,+2.76,+18.487, +8.164,+0.916
1693902480,+2.76,+18.478, +8.138,+0.916
1693902780,+2.76,+18.461, +8.152,+0.915
1693903080,+2.76,+18.461, +8.131,+0.916
1693903380,+2.76,+18.445, +8.149,+0.916
1693903680,+2.76,+18.436, +8.154,+0.916
1693903980,+2.76,+18.402, +8.161,+0.916
1693904280,+2.76,+18.402, +8.154,+0.916
1693904580,+2.76,+18.402, +8.169,+0.916
1693904880,+2.76,+18.377, +8.154,+0.915
1693905180,+2.76,+18.369, +8.156,+0.916
1693905480,+2.76,+18.360, +8.136,+0.915
1693905780,+2.76,+18.344, +8.147,+0.915
1693906080,+2.76,+18.335, +8.167,+0.916
1693906380,+2.76,+18.318, +8.179,+0.916
1693906680,+2.76,+18.293, +8.173,+0.916
1693906980,+2.76,+18.293, +8.160,+0.915
1693907280,+2.76,+18.293, +8.166,+0.916
1693907580,+2.76,+18.276, +8.175,+0.916
1693907880,+2.76,+18.243, +8.189,+0.916
1693908180,+2.76,+18.243, +8.177,+0.916
1693908480,+2.76,+18.234, +8.169,+0.915
1693908780,+2.76,+18.226, +8.187,+0.916
1693909080,+2.76,+18.209, +8.178,+0.915
1693909380,+2.76,+18.217, +8.174,+0.915
1693909680,+2.76,+18.200, +8.182,+0.915
1693909980,+2.76,+18.192, +8.205,+0.916
1693910280,+2.76,+18.175, +8.181,+0.915
1693910580,+2.76,+18.167, +8.189,+0.915
1693910880,+2.76,+18.167, +8.184,+0.915
1693911180,+2.76,+18.142, +8.200,+0.916
1693911480,+2.76,+18.142, +8.200,+0.916
1693911780,+2.76,+18.133, +8.184,+0.915
1693912080,+2.76,+18.116, +8.197,+0.915
1693912380,+2.76,+18.116, +8.196,+0.916
1693912680,+2.76,+18.125, +8.187,+0.915
1693912980,+2.76,+18.099, +8.185,+0.916
1693913280,+2.76,+18.099, +8.181,+0.915
1693913580,+2.76,+18.074, +8.210,+0.915
1693913880,+2.76,+18.066, +8.198,+0.915
1693914180,+2.76,+18.066, +8.198,+0.915
1693914480,+2.76,+18.057, +8.198,+0.915
1693914780,+2.76,+18.040, +8.200,+0.915
1693915080,+2.76,+18.040, +8.214,+0.916
1693915380,+2.76,+18.040, +8.203,+0.915
1693915680,+2.76,+18.049, +8.198,+0.915
1693915980,+2.76,+18.024, +8.209,+0.915
1693916280,+2.76,+18.007, +8.214,+0.915
1693916580,+2.76,+18.015, +8.221,+0.915
1693916880,+2.76,+17.990, +8.219,+0.915
1693917180,+2.76,+18.007, +8.204,+0.915
1693917480,+2.76,+17.990, +8.212,+0.916
1693917780,+2.76,+17.998, +8.197,+0.915
1693918080,+2.76,+17.981, +8.213,+0.915
1693918380,+2.76,+17.990, +8.217,+0.916
1693918680,+2.76,+17.965, +8.219,+0.915
1693918980,+2.76,+17.973, +8.198,+0.915
1693919280,+2.76,+17.973, +8.202,+0.915
1693919580,+2.76,+17.956, +8.214,+0.916
1693919880,+2.76,+17.965, +8.212,+0.916
1693920180,+2.76,+17.956, +8.208,+0.916
1693920480,+2.76,+17.956, +8.197,+0.915
1693920780,+2.76,+17.948, +8.241,+0.916
1693921080,+2.76,+17.956, +8.205,+0.916
1693921380,+2.76,+17.956, +8.236,+0.916
1693921680,+2.76,+17.956, +8.215,+0.915
1693921980,+2.76,+17.948, +8.227,+0.916
1693922280,+2.76,+17.939, +8.222,+0.915
1693922580,+2.76,+17.948, +8.235,+0.916
1693922880,+2.76,+17.948, +8.227,+0.915
1693923180,+2.76,+17.939, +8.227,+0.915
1693923480,+2.76,+17.948, +8.224,+0.914
1693923780,+2.76,+17.956, +8.247,+0.915
1693924080,+2.76,+17.931, +8.250,+0.915
1693924380,+2.76,+17.948, +8.247,+0.915
1693924680,+2.76,+17.956, +8.268,+0.916
1693924980,+2.76,+17.948, +8.255,+0.915
1693925280,+2.76,+17.948, +8.281,+0.915
1693925580,+2.76,+17.973, +8.292,+0.915
1693925880,+2.76,+17.956, +8.308,+0.916
1693926180,+2.76,+17.981, +8.297,+0.915
1693926480,+2.76,+17.956, +8.335,+0.915
1693926780,+2.76,+17.973, +8.346,+0.915
1693927080,+2.76,+17.973, +8.342,+0.916
1693927380,+2.76,+17.956, +8.374,+0.915
1693927680,+2.76,+17.973, +8.361,+0.915
1693927980,+2.76,+17.973, +8.393,+0.915
1693928280,+2.76,+17.973, +8.389,+0.915
1693928580,+2.76,+17.965, +8.392,+0.915
1693928880,+2.76,+17.965, +8.402,+0.916
1693929180,+2.76,+17.965, +8.435,+0.916
1693929480,+2.76,+17.965, +8.453,+0.917
1693929780,+2.76,+17.965, +8.445,+0.916
1693930080,+2.76,+17.973, +8.457,+0.916
1693930380,+2.76,+17.965, +8.477,+0.916
1693930680,+2.76,+17.998, +8.498,+0.915
1693930980,+2.76,+18.015, +8.488,+0.915
1693931280,+2.76,+18.015, +8.537,+0.916
1693931580,+2.76,+18.040, +8.552,+0.915
1693931880,+2.76,+18.074, +8.559,+0.915
1693932180,+2.76,+18.083, +8.592,+0.915
1693932480,+2.76,+18.091, +8.613,+0.916
1693932780,+2.76,+18.108, +8.621,+0.915
1693933080,+2.76,+18.125, +8.627,+0.915
1693933380,+2.76,+18.133, +8.644,+0.915
1693933680,+2.76,+18.150, +8.645,+0.915
1693933980,+2.76,+18.175, +8.670,+0.915
1693934280,+2.76,+18.184, +8.693,+0.915
1693934580,+2.76,+18.200, +8.698,+0.915
1693934880,+2.76,+18.209, +8.699,+0.915
1693935180,+2.76,+18.243, +8.712,+0.915
1693935480,+2.76,+18.268, +8.726,+0.915
1693935780,+2.76,+18.310, +8.745,+0.915
1693936080,+2.76,+18.327, +8.768,+0.915
1693936380,+2.76,+18.344, +8.808,+0.916
1693936680,+2.76,+18.394, +8.793,+0.916
1693936980,+2.76,+18.419, +8.804,+0.916
1693937280,+2.76,+18.436, +8.828,+0.915
1693937580,+2.76,+18.470, +8.842,+0.915
1693937880,+2.76,+18.529, +8.842,+0.915
1693938180,+2.76,+18.579, +8.878,+0.915
1693938480,+2.76,+18.621, +8.880,+0.915
1693938780,+2.76,+18.663, +8.883,+0.915
1693939080,+2.76,+18.722, +8.903,+0.915
1693939380,+2.75,+18.764, +8.906,+0.915
1693939680,+2.75,+18.806, +8.914,+0.915
1693939980,+2.75,+18.848, +8.932,+0.915
1693940280,+2.75,+18.907, +8.943,+0.916
1693940580,+2.75,+18.949, +8.924,+0.915
1693940880,+2.76,+18.991, +8.946,+0.915
1693941180,+2.76,+19.024, +8.940,+0.915
1693941480,+2.76,+19.075, +8.952,+0.915
1693941780,+2.76,+19.108, +8.962,+0.916
1693942080,+2.76,+19.133, +8.962,+0.916
1693942380,+2.76,+19.184, +8.971,+0.915
1693942680,+2.76,+19.217, +8.970,+0.915
1693942980,+2.76,+19.268, +8.968,+0.915
1693943280,+2.76,+19.293, +8.993,+0.916
1693943580,+2.76,+19.335, +8.984,+0.915
1693943880,+2.76,+19.393, +8.984,+0.915
1693944180,+2.76,+19.410, +9.000,+0.916
1693944480,+2.76,+19.444, +9.021,+0.917
1693944780,+2.76,+19.460, +8.999,+0.915
1693945080,+2.76,+19.494, +9.016,+0.915
1693945380,+2.76,+19.527, +9.018,+0.915
1693945680,+2.76,+19.561, +9.020,+0.916
1693945980,+2.76,+19.603, +9.005,+0.915
1693946280,+2.76,+19.611, +9.031,+0.916
1693946580,+2.75,+19.653, +9.012,+0.916
1693946880,+2.75,+19.695, +9.024,+0.916
1693947180,+2.75,+19.737, +9.027,+0.916
1693947480,+2.75,+19.795, +9.039,+0.916
1693947780,+2.75,+19.871, +9.030,+0.916
1693948080,+2.75,+19.929, +9.027,+0.916
1693948380,+2.75,+19.963, +9.050,+0.917
1693948680,+2.75,+19.980, +9.021,+0.916
1693948980,+2.75,+20.038, +9.018,+0.916
1693949280,+2.76,+20.080, +9.020,+0.916
1693949580,+2.76,+20.088, +9.034,+0.917
1693949880,+2.76,+20.122, +9.030,+0.917
1693950180,+2.76,+20.189, +9.009,+0.916
1693950480,+2.76,+20.214, +9.020,+0.916
1693950780,+2.76,+20.289, +9.005,+0.916
1693951080,+2.76,+20.314, +9.018,+0.917
1693951380,+2.76,+20.331, +9.012,+0.916
1693951680,+2.76,+20.373, +9.004,+0.916
1693951980,+2.76,+20.373, +9.008,+0.916
1693952280,+2.76,+20.431, +9.000,+0.916
1693952580,+2.76,+20.473, +8.991,+0.917
1693952880,+2.76,+20.490, +8.979,+0.916
1693953180,+2.75,+20.507, +8.981,+0.916
1693953480,+2.75,+20.532, +8.982,+0.916
1693953780,+2.75,+20.548, +9.003,+0.917
1693954080,+2.75,+20.574, +8.977,+0.916
1693954380,+2.75,+20.574, +8.971,+0.917
1693954680,+2.75,+20.574, +8.966,+0.917
1693954980,+2.75,+20.632, +8.964,+0.917
1693955280,+2.75,+20.599, +8.966,+0.917
1693955580,+2.75,+20.624, +8.943,+0.917
1693955880,+2.75,+20.649, +8.919,+0.916
1693956180,+2.75,+20.624, +8.944,+0.917
1693956480,+2.75,+20.649, +8.932,+0.917
1693956780,+2.75,+20.657, +8.930,+0.917
1693957080,+2.75,+20.632, +8.920,+0.916
1693957380,+2.75,+20.682, +8.896,+0.917
1693957680,+2.75,+20.666, +8.861,+0.916
1693957980,+2.75,+20.649, +8.885,+0.917
1693958280,+2.75,+20.649, +8.874,+0.916
1693958580,+2.75,+20.649, +8.891,+0.918
1693958880,+2.75,+20.649, +8.861,+0.917
1693959180,+2.75,+20.624, +8.864,+0.917
1693959480,+2.75,+20.607, +8.827,+0.916
1693959780,+2.75,+20.582, +8.824,+0.916
1693960080,+2.75,+20.599, +8.818,+0.917
1693960380,+2.75,+20.590, +8.809,+0.917
1693960680,+2.75,+20.557, +8.805,+0.917
1693960980,+2.75,+20.548, +8.776,+0.916
1693961280,+2.75,+20.515, +8.782,+0.917
1693961580,+2.76,+20.490, +8.745,+0.916
1693961880,+2.76,+20.482, +8.738,+0.917
1693962180,+2.76,+20.465, +8.721,+0.917
1693962480,+2.76,+20.423, +8.714,+0.917
1693962780,+2.76,+20.398, +8.698,+0.917
1693963080,+2.76,+20.373, +8.657,+0.916
1693963380,+2.76,+20.339, +8.671,+0.917
1693963680,+2.76,+20.331, +8.623,+0.916
1693963980,+2.76,+20.298, +8.606,+0.915
1693964280,+2.76,+20.264, +8.596,+0.916
1693964580,+2.76,+20.222, +8.575,+0.916
1693964880,+2.76,+20.197, +8.537,+0.916
1693965180,+2.76,+20.147, +8.524,+0.916
1693965480,+2.76,+20.122, +8.484,+0.917
1693965780,+2.76,+20.097, +8.464,+0.916
1693966080,+2.76,+20.063, +8.452,+0.916
1693966380,+2.75,+20.055, +8.420,+0.916
1693966680,+2.75,+20.013, +8.421,+0.917
1693966980,+2.75,+19.980, +8.397,+0.916
1693967280,+2.75,+19.971, +8.383,+0.917
1693967580,+2.75,+19.938, +8.335,+0.916
1693967880,+2.75,+19.896, +8.337,+0.916
1693968180,+2.75,+19.888, +8.311,+0.917
1693968480,+2.75,+19.871, +8.289,+0.917
1693968780,+2.75,+19.837, +8.270,+0.916
1693969080,+2.75,+19.787, +8.258,+0.917
1693969380,+2.75,+19.779, +8.241,+0.917
1693969680,+2.75,+19.779, +8.213,+0.916
1693969980,+2.75,+19.728, +8.198,+0.916
1693970280,+2.75,+19.728, +8.181,+0.916
1693970580,+2.75,+19.678, +8.198,+0.917
1693970880,+2.75,+19.653, +8.171,+0.916
1693971180,+2.75,+19.645, +8.160,+0.916
1693971480,+2.75,+19.620, +8.136,+0.916
1693971780,+2.75,+19.603, +8.143,+0.917
1693972080,+2.75,+19.569, +8.121,+0.916
1693972380,+2.76,+19.544, +8.121,+0.916
1693972680,+2.76,+19.527, +8.128,+0.916
