7450-529728
OS REV: 1.05 Sensor Cal: 1580916347
Time (sec),  BV (Volts),  T (deg C),  DO (mg/l),  Q ()
1690338060,+2.79,+21.869, +7.960,+0.932
1690338360,+2.79,+21.852, +7.963,+0.931
1690338660,+2.80,+21.819, +7.965,+0.932
1690338960,+2.79,+21.810, +7.943,+0.931
1690339260,+2.80,+21.794, +7.877,+0.931
1690339560,+2.80,+21.777, +7.909,+0.931
1690339860,+2.80,+21.769, +7.903,+0.931
1690340160,+2.80,+21.735, +7.895,+0.931
1690340460,+2.80,+21.727, +7.913,+0.932
1690340760,+2.80,+21.693, +7.911,+0.931
1690341060,+2.80,+21.677, +7.864,+0.931
1690341360,+2.80,+21.643, +7.860,+0.931
1690341660,+2.80,+21.643, +7.894,+0.931
1690341960,+2.80,+21.627, +7.868,+0.931
1690342260,+2.80,+21.602, +7.868,+0.931
1690342560,+2.80,+21.585, +7.867,+0.931
1690342860,+2.80,+21.551, +7.877,+0.931
1690343160,+2.80,+21.535, +7.862,+0.931
1690343460,+2.80,+21.510, +7.861,+0.932
1690343760,+2.80,+21.493, +7.843,+0.930
1690344060,+2.80,+21.460, +7.845,+0.931
1690344360,+2.80,+21.451, +7.840,+0.931
1690344660,+2.80,+21.418, +7.845,+0.931
1690344960,+2.80,+21.401, +7.863,+0.932
1690345260,+2.80,+21.384, +7.796,+0.930
1690345560,+2.80,+21.343, +7.847,+0.932
1690345860,+2.80,+21.343, +7.839,+0.930
1690346160,+2.80,+21.326, +7.841,+0.931
1690346460,+2.80,+21.292, +7.841,+0.931
1690346760,+2.80,+21.267, +7.810,+0.931
1690347060,+2.80,+21.251, +7.824,+0.931
1690347360,+2.80,+21.234, +7.820,+0.931
1690347660,+2.80,+21.192, +7.838,+0.931
1690347960,+2.80,+21.184, +7.837,+0.931
1690348260,+2.80,+21.159, +7.827,+0.931
1690348560,+2.80,+21.150, +7.825,+0.931
1690348860,+2.80,+21.125, +7.837,+0.931
1690349160,+2.80,+21.100, +7.835,+0.931
1690349460,+2.80,+21.083, +7.845,+0.932
1690349760,+2.79,+21.058, +7.836,+0.931
1690350060,+2.79,+21.050, +7.816,+0.930
1690350360,+2.79,+21.017, +7.838,+0.931
1690350660,+2.79,+21.008, +7.814,+0.931
1690350960,+2.79,+21.000, +7.815,+0.930
1690351260,+2.79,+20.966, +7.823,+0.931
1690351560,+2.79,+20.966, +7.823,+0.930
1690351860,+2.79,+20.941, +7.804,+0.930
1690352160,+2.79,+20.933, +7.795,+0.930
1690352460,+2.79,+20.950, +7.817,+0.930
1690352760,+2.80,+20.916, +7.801,+0.930
1690353060,+2.80,+20.900, +7.698,+0.930
1690353360,+2.80,+20.866, +7.816,+0.930
1690353660,+2.80,+20.858, +7.847,+0.930
1690353960,+2.80,+20.858, +7.851,+0.930
1690354260,+2.80,+20.849, +7.855,+0.931
1690354560,+2.80,+20.816, +7.842,+0.930
1690354860,+2.80,+20.816, +7.848,+0.930
1690355160,+2.80,+20.783, +7.872,+0.931
1690355460,+2.80,+20.766, +7.864,+0.930
1690355760,+2.80,+20.758, +7.861,+0.930
1690356060,+2.80,+20.758, +7.865,+0.930
1690356360,+2.80,+20.741, +7.873,+0.931
1690356660,+2.80,+20.716, +7.864,+0.931
1690356960,+2.80,+20.699, +7.870,+0.930
1690357260,+2.80,+20.699, +7.877,+0.931
1690357560,+2.80,+20.691, +7.870,+0.930
1690357860,+2.80,+20.691, +7.863,+0.930
1690358160,+2.80,+20.674, +7.885,+0.931
1690358460,+2.80,+20.666, +7.884,+0.930
1690358760,+2.80,+20.640, +7.874,+0.930
1690359060,+2.80,+20.624, +7.882,+0.930
1690359360,+2.80,+20.624, +7.881,+0.930
1690359660,+2.80,+20.632, +7.893,+0.931
1690359960,+2.80,+20.615, +7.880,+0.930
1690360260,+2.80,+20.607, +7.901,+0.930
1690360560,+2.80,+20.590, +7.896,+0.930
1690360860,+2.80,+20.590, +7.891,+0.930
1690361160,+2.80,+20.565, +7.894,+0.930
1690361460,+2.80,+20.582, +7.897,+0.930
1690361760,+2.80,+20.565, +7.902,+0.930
1690362060,+2.80,+20.540, +7.913,+0.930
1690362360,+2.80,+20.548, +7.912,+0.931
1690362660,+2.80,+20.548, +7.912,+0.930
1690362960,+2.80,+20.532, +7.903,+0.930
1690363260,+2.80,+20.515, +7.910,+0.930
1690363560,+2.80,+20.532, +7.895,+0.929
1690363860,+2.80,+20.490, +7.904,+0.930
1690364160,+2.80,+20.507, +7.904,+0.930
1690364460,+2.80,+20.490, +7.919,+0.931
1690364760,+2.80,+20.490, +7.904,+0.930
1690365060,+2.80,+20.490, +7.915,+0.930
1690365360,+2.80,+20.457, +7.911,+0.930
1690365660,+2.80,+20.457, +7.916,+0.930
1690365960,+2.80,+20.457, +7.922,+0.930
1690366260,+2.80,+20.448, +7.893,+0.930
1690366560,+2.80,+20.457, +7.901,+0.930
1690366860,+2.80,+20.431, +7.925,+0.930
1690367160,+2.80,+20.423, +7.918,+0.930
1690367460,+2.80,+20.406, +7.915,+0.930
1690367760,+2.80,+20.390, +7.918,+0.930
1690368060,+2.80,+20.390, +7.914,+0.930
1690368360,+2.80,+20.398, +7.897,+0.930
1690368660,+2.80,+20.365, +7.915,+0.930
1690368960,+2.80,+20.356, +7.924,+0.931
1690369260,+2.80,+20.365, +7.924,+0.930
1690369560,+2.80,+20.365, +7.912,+0.930
1690369860,+2.80,+20.356, +7.914,+0.930
1690370160,+2.80,+20.356, +7.915,+0.930
1690370460,+2.80,+20.331, +7.932,+0.930
1690370760,+2.80,+20.323, +7.916,+0.930
1690371060,+2.80,+20.298, +7.940,+0.930
1690371360,+2.80,+20.314, +7.921,+0.930
1690371660,+2.80,+20.281, +7.946,+0.930
1690371960,+2.80,+20.289, +7.931,+0.930
1690372260,+2.80,+20.264, +7.937,+0.930
1690372560,+2.80,+20.247, +7.930,+0.930
1690372860,+2.80,+20.247, +7.931,+0.930
1690373160,+2.80,+20.231, +7.923,+0.929
1690373460,+2.80,+20.214, +7.929,+0.929
1690373760,+2.80,+20.231, +7.919,+0.929
1690374060,+2.80,+20.197, +7.915,+0.930
1690374360,+2.80,+20.206, +7.944,+0.930
1690374660,+2.80,+20.197, +7.943,+0.930
1690374960,+2.80,+20.197, +7.944,+0.930
1690375260,+2.80,+20.164, +7.930,+0.929
1690375560,+2.80,+20.130, +7.941,+0.930
1690375860,+2.80,+20.130, +7.966,+0.931
1690376160,+2.80,+20.122, +7.939,+0.929
1690376460,+2.80,+20.105, +7.981,+0.930
1690376760,+2.80,+20.105, +7.968,+0.930
1690377060,+2.80,+20.088, +7.969,+0.929
1690377360,+2.80,+20.063, +7.980,+0.930
1690377660,+2.80,+20.072, +7.973,+0.929
1690377960,+2.80,+20.047, +7.993,+0.930
1690378260,+2.80,+20.038, +7.989,+0.930
1690378560,+2.80,+20.021, +7.981,+0.929
1690378860,+2.80,+20.005, +8.010,+0.930
1690379160,+2.80,+20.005, +7.950,+0.929
1690379460,+2.80,+20.005, +8.008,+0.930
1690379760,+2.80,+20.005, +8.007,+0.930
1690380060,+2.80,+19.963, +8.018,+0.930
1690380360,+2.80,+19.955, +8.019,+0.929
1690380660,+2.80,+19.955, +8.020,+0.930
1690380960,+2.80,+19.955, +7.994,+0.930
1690381260,+2.80,+19.929, +8.038,+0.930
1690381560,+2.80,+19.929, +8.035,+0.930
1690381860,+2.80,+19.904, +8.041,+0.929
1690382160,+2.80,+19.913, +8.057,+0.931
1690382460,+2.80,+19.904, +8.060,+0.930
1690382760,+2.80,+19.879, +8.057,+0.929
1690383060,+2.80,+19.888, +8.078,+0.930
1690383360,+2.80,+19.896, +8.059,+0.929
1690383660,+2.80,+19.888, +8.092,+0.930
1690383960,+2.80,+19.871, +8.089,+0.929
1690384260,+2.80,+19.896, +8.094,+0.929
1690384560,+2.80,+19.896, +8.097,+0.929
1690384860,+2.80,+19.871, +8.112,+0.930
1690385160,+2.80,+19.888, +8.089,+0.929
1690385460,+2.80,+19.896, +8.093,+0.929
1690385760,+2.80,+19.896, +8.113,+0.930
1690386060,+2.80,+19.896, +8.079,+0.930
1690386360,+2.80,+19.913, +8.033,+0.930
1690386660,+2.80,+19.921, +8.132,+0.930
1690386960,+2.80,+19.921, +8.162,+0.930
1690387260,+2.80,+19.921, +8.176,+0.930
1690387560,+2.80,+19.938, +8.164,+0.930
1690387860,+2.80,+19.938, +8.201,+0.930
1690388160,+2.80,+19.955, +8.205,+0.930
1690388460,+2.80,+19.971, +8.203,+0.930
1690388760,+2.80,+19.988, +8.208,+0.930
1690389060,+2.80,+20.021, +8.187,+0.929
1690389360,+2.80,+20.030, +8.187,+0.930
1690389660,+2.80,+20.055, +8.225,+0.930
1690389960,+2.80,+20.072, +8.207,+0.930
1690390260,+2.80,+20.088, +8.236,+0.930
1690390560,+2.80,+20.105, +8.233,+0.929
1690390860,+2.80,+20.139, +8.224,+0.929
1690391160,+2.80,+20.147, +8.244,+0.931
1690391460,+2.80,+20.172, +8.251,+0.930
1690391760,+2.80,+20.197, +8.259,+0.930
1690392060,+2.80,+20.231, +8.277,+0.931
1690392360,+2.80,+20.264, +8.285,+0.931
1690392660,+2.80,+20.298, +8.269,+0.930
1690392960,+2.80,+20.339, +8.241,+0.929
1690393260,+2.80,+20.356, +8.279,+0.930
1690393560,+2.80,+20.390, +8.260,+0.930
1690393860,+2.80,+20.423, +8.266,+0.930
1690394160,+2.80,+20.440, +8.268,+0.929
1690394460,+2.80,+20.490, +8.259,+0.930
1690394760,+2.80,+20.515, +8.279,+0.930
1690395060,+2.80,+20.557, +8.290,+0.929
1690395360,+2.80,+20.565, +8.319,+0.930
1690395660,+2.80,+20.615, +8.303,+0.930
1690395960,+2.80,+20.649, +8.292,+0.929
1690396260,+2.80,+20.724, +8.306,+0.930
1690396560,+2.80,+20.724, +8.312,+0.929
1690396860,+2.80,+20.783, +8.298,+0.930
1690397160,+2.80,+20.816, +8.325,+0.930
1690397460,+2.79,+20.875, +8.316,+0.930
1690397760,+2.79,+20.916, +8.314,+0.930
1690398060,+2.79,+20.950, +8.320,+0.931
1690398360,+2.79,+21.008, +8.299,+0.929
1690398660,+2.79,+21.050, +8.307,+0.930
1690398960,+2.80,+21.083, +8.318,+0.930
1690399260,+2.80,+21.109, +8.320,+0.930
1690399560,+2.80,+21.184, +8.323,+0.931
1690399860,+2.80,+21.226, +8.309,+0.930
1690400160,+2.80,+21.267, +8.302,+0.930
1690400460,+2.80,+21.317, +8.315,+0.931
1690400760,+2.80,+21.359, +8.311,+0.930
1690401060,+2.80,+21.418, +8.298,+0.930
1690401360,+2.80,+21.476, +8.283,+0.930
1690401660,+2.80,+21.485, +8.248,+0.930
1690401960,+2.80,+21.551, +8.288,+0.930
1690402260,+2.80,+21.602, +8.284,+0.930
1690402560,+2.80,+21.643, +8.283,+0.930
1690402860,+2.80,+21.685, +8.282,+0.931
1690403160,+2.80,+21.719, +8.290,+0.931
1690403460,+2.79,+21.752, +8.279,+0.931
1690403760,+2.79,+21.802, +8.290,+0.931
1690404060,+2.79,+21.844, +8.272,+0.931
1690404360,+2.79,+21.877, +8.249,+0.930
1690404660,+2.79,+21.902, +8.267,+0.931
1690404960,+2.79,+21.927, +8.255,+0.930
1690405260,+2.79,+21.986, +8.240,+0.930
1690405560,+2.79,+22.019, +8.240,+0.931
1690405860,+2.79,+22.044, +8.248,+0.931
1690406160,+2.79,+22.086, +8.244,+0.931
1690406460,+2.79,+22.136, +8.208,+0.930
1690406760,+2.79,+22.161, +8.228,+0.931
1690407060,+2.80,+22.203, +8.236,+0.932
1690407360,+2.80,+22.228, +8.237,+0.932
1690407660,+2.80,+22.270, +8.213,+0.931
1690407960,+2.80,+22.295, +8.200,+0.931
1690408260,+2.80,+22.329, +8.206,+0.931
1690408560,+2.80,+22.354, +8.196,+0.931
1690408860,+2.80,+22.387, +8.189,+0.931
1690409160,+2.80,+22.420, +8.187,+0.931
1690409460,+2.80,+22.429, +8.191,+0.931
1690409760,+2.80,+22.462, +8.184,+0.932
1690410060,+2.80,+22.496, +8.175,+0.932
1690410360,+2.80,+22.521, +8.170,+0.931
1690410660,+2.80,+22.546, +8.162,+0.932
1690410960,+2.80,+22.563, +8.172,+0.932
1690411260,+2.80,+22.579, +8.152,+0.931
1690411560,+2.79,+22.604, +8.148,+0.931
1690411860,+2.79,+22.629, +8.085,+0.931
1690412160,+2.79,+22.646, +8.130,+0.931
1690412460,+2.79,+22.663, +8.133,+0.931
1690412760,+2.79,+22.680, +8.125,+0.931
1690413060,+2.79,+22.705, +8.127,+0.931
1690413360,+2.79,+22.713, +8.117,+0.931
1690413660,+2.79,+22.721, +8.120,+0.931
1690413960,+2.79,+22.746, +8.102,+0.931
1690414260,+2.79,+22.738, +8.107,+0.931
1690414560,+2.79,+22.772, +8.090,+0.931
1690414860,+2.79,+22.763, +8.092,+0.931
1690415160,+2.79,+22.788, +8.083,+0.931
1690415460,+2.79,+22.788, +8.070,+0.931
1690415760,+2.79,+22.797, +8.071,+0.931
1690416060,+2.79,+22.805, +8.071,+0.931
1690416360,+2.79,+22.813, +8.059,+0.931
1690416660,+2.79,+22.788, +8.051,+0.931
1690416960,+2.79,+22.797, +8.063,+0.932
1690417260,+2.79,+22.797, +8.050,+0.932
1690417560,+2.79,+22.797, +8.054,+0.932
1690417860,+2.79,+22.780, +8.041,+0.931
1690418160,+2.79,+22.780, +8.035,+0.932
1690418460,+2.79,+22.763, +8.034,+0.931
1690418760,+2.79,+22.755, +8.025,+0.932
1690419060,+2.79,+22.755, +8.001,+0.931
1690419360,+2.79,+22.738, +8.017,+0.932
1690419660,+2.79,+22.730, +7.998,+0.931
1690419960,+2.79,+22.713, +7.986,+0.931
1690420260,+2.79,+22.705, +7.987,+0.932
1690420560,+2.79,+22.680, +7.980,+0.932
1690420860,+2.80,+22.655, +7.979,+0.931
1690421160,+2.80,+22.638, +7.967,+0.931
1690421460,+2.79,+22.621, +7.964,+0.932
1690421760,+2.80,+22.596, +7.927,+0.931
1690422060,+2.80,+22.579, +7.931,+0.931
1690422360,+2.80,+22.546, +7.934,+0.931
1690422660,+2.80,+22.487, +7.833,+0.930
