7450-529728
OS REV: 1.05 Sensor Cal: 1580916347
Time (sec),  BV (Volts),  T (deg C),  DO (mg/l),  Q ()
1694319780,+2.75,+18.949, +8.199,+0.915
1694320080,+2.75,+18.907, +8.216,+0.915
1694320380,+2.75,+18.890, +8.205,+0.915
1694320680,+2.75,+18.882, +8.193,+0.915
1694320980,+2.75,+18.865, +8.201,+0.916
1694321280,+2.75,+18.848, +8.183,+0.915
1694321580,+2.75,+18.840, +8.162,+0.915
1694321880,+2.75,+18.823, +8.176,+0.915
1694322180,+2.75,+18.789, +8.185,+0.916
1694322480,+2.75,+18.798, +8.177,+0.916
1694322780,+2.75,+18.789, +8.150,+0.915
1694323080,+2.75,+18.756, +8.167,+0.915
1694323380,+2.75,+18.739, +8.160,+0.915
1694323680,+2.75,+18.714, +8.153,+0.915
1694323980,+2.75,+18.688, +8.153,+0.915
1694324280,+2.75,+18.680, +8.160,+0.915
1694324580,+2.75,+18.672, +8.158,+0.915
1694324880,+2.75,+18.638, +8.141,+0.914
1694325180,+2.75,+18.646, +8.142,+0.915
1694325480,+2.75,+18.604, +8.154,+0.915
1694325780,+2.75,+18.613, +8.151,+0.915
1694326080,+2.75,+18.596, +8.141,+0.914
1694326380,+2.75,+18.562, +8.141,+0.914
1694326680,+2.75,+18.562, +8.153,+0.915
1694326980,+2.75,+18.537, +8.151,+0.915
1694327280,+2.75,+18.537, +8.140,+0.915
1694327580,+2.75,+18.495, +8.146,+0.915
1694327880,+2.75,+18.487, +8.137,+0.915
1694328180,+2.75,+18.461, +8.158,+0.915
1694328480,+2.75,+18.445, +8.163,+0.915
1694328780,+2.75,+18.445, +8.154,+0.915
1694329080,+2.75,+18.428, +8.155,+0.915
1694329380,+2.75,+18.402, +8.151,+0.915
1694329680,+2.75,+18.402, +8.136,+0.915
1694329980,+2.75,+18.377, +8.141,+0.915
1694330280,+2.75,+18.360, +8.172,+0.916
1694330580,+2.75,+18.360, +8.161,+0.915
1694330880,+2.76,+18.310, +8.157,+0.914
1694331180,+2.76,+18.327, +8.152,+0.915
1694331480,+2.76,+18.310, +8.169,+0.915
1694331780,+2.76,+18.293, +8.153,+0.915
1694332080,+2.76,+18.276, +8.176,+0.915
1694332380,+2.76,+18.243, +8.168,+0.914
1694332680,+2.76,+18.243, +8.165,+0.914
1694332980,+2.76,+18.243, +8.168,+0.915
1694333280,+2.76,+18.209, +8.179,+0.915
1694333580,+2.76,+18.209, +8.176,+0.915
1694333880,+2.76,+18.200, +8.166,+0.915
1694334180,+2.76,+18.184, +8.168,+0.915
1694334480,+2.76,+18.150, +8.171,+0.914
1694334780,+2.76,+18.133, +8.186,+0.914
1694335080,+2.76,+18.133, +8.178,+0.914
1694335380,+2.76,+18.108, +8.191,+0.915
1694335680,+2.76,+18.099, +8.170,+0.914
1694335980,+2.76,+18.083, +8.174,+0.914
1694336280,+2.76,+18.074, +8.185,+0.915
1694336580,+2.76,+18.049, +8.196,+0.914
1694336880,+2.76,+18.040, +8.192,+0.914
1694337180,+2.76,+18.007, +8.200,+0.914
1694337480,+2.76,+18.015, +8.217,+0.915
1694337780,+2.76,+18.007, +8.184,+0.914
1694338080,+2.76,+17.990, +8.215,+0.915
1694338380,+2.76,+17.973, +8.211,+0.915
1694338680,+2.76,+17.981, +8.197,+0.914
1694338980,+2.76,+17.939, +8.223,+0.915
1694339280,+2.76,+17.939, +8.203,+0.914
1694339580,+2.76,+17.922, +8.219,+0.915
1694339880,+2.76,+17.922, +8.195,+0.914
1694340180,+2.75,+17.906, +8.218,+0.915
1694340480,+2.75,+17.872, +8.226,+0.915
1694340780,+2.75,+17.880, +8.201,+0.914
1694341080,+2.75,+17.855, +8.225,+0.915
1694341380,+2.75,+17.830, +8.236,+0.915
1694341680,+2.75,+17.847, +8.192,+0.913
1694341980,+2.75,+17.847, +8.207,+0.914
1694342280,+2.75,+17.821, +8.238,+0.915
1694342580,+2.75,+17.804, +8.231,+0.914
1694342880,+2.75,+17.787, +8.233,+0.914
1694343180,+2.75,+17.787, +8.216,+0.914
1694343480,+2.75,+17.787, +8.225,+0.914
1694343780,+2.75,+17.771, +8.226,+0.914
1694344080,+2.75,+17.745, +8.213,+0.914
1694344380,+2.75,+17.728, +8.233,+0.914
1694344680,+2.75,+17.728, +8.239,+0.914
1694344980,+2.75,+17.720, +8.239,+0.914
1694345280,+2.75,+17.703, +8.254,+0.915
1694345580,+2.75,+17.703, +8.255,+0.915
1694345880,+2.75,+17.695, +8.246,+0.914
1694346180,+2.75,+17.678, +8.262,+0.915
1694346480,+2.75,+17.644, +8.263,+0.914
1694346780,+2.75,+17.652, +8.264,+0.915
1694347080,+2.75,+17.644, +8.256,+0.914
1694347380,+2.75,+17.636, +8.270,+0.914
1694347680,+2.75,+17.636, +8.257,+0.914
1694347980,+2.75,+17.636, +8.243,+0.914
1694348280,+2.75,+17.602, +8.261,+0.914
1694348580,+2.75,+17.610, +8.269,+0.914
1694348880,+2.75,+17.610, +8.268,+0.915
1694349180,+2.75,+17.593, +8.254,+0.914
1694349480,+2.75,+17.576, +8.274,+0.914
1694349780,+2.75,+17.576, +8.269,+0.914
1694350080,+2.75,+17.560, +8.254,+0.914
1694350380,+2.75,+17.551, +8.271,+0.914
1694350680,+2.75,+17.568, +8.259,+0.914
1694350980,+2.75,+17.551, +8.263,+0.914
1694351280,+2.75,+17.543, +8.261,+0.914
1694351580,+2.75,+17.534, +8.283,+0.915
1694351880,+2.75,+17.526, +8.272,+0.914
1694352180,+2.75,+17.526, +8.261,+0.914
1694352480,+2.75,+17.534, +8.276,+0.914
1694352780,+2.75,+17.517, +8.270,+0.914
1694353080,+2.75,+17.517, +8.281,+0.914
1694353380,+2.75,+17.517, +8.278,+0.914
1694353680,+2.75,+17.492, +8.298,+0.914
1694353980,+2.75,+17.492, +8.289,+0.914
1694354280,+2.75,+17.492, +8.288,+0.914
1694354580,+2.75,+17.475, +8.300,+0.915
1694354880,+2.75,+17.475, +8.284,+0.914
1694355180,+2.75,+17.475, +8.304,+0.914
1694355480,+2.75,+17.467, +8.305,+0.915
1694355780,+2.75,+17.492, +8.316,+0.915
1694356080,+2.75,+17.475, +8.331,+0.915
1694356380,+2.75,+17.484, +8.326,+0.914
1694356680,+2.75,+17.467, +8.336,+0.914
1694356980,+2.75,+17.475, +8.322,+0.914
1694357280,+2.75,+17.475, +8.337,+0.914
1694357580,+2.75,+17.467, +8.355,+0.914
1694357880,+2.75,+17.458, +8.358,+0.914
1694358180,+2.75,+17.475, +8.375,+0.914
1694358480,+2.75,+17.484, +8.372,+0.914
1694358780,+2.75,+17.458, +8.397,+0.914
1694359080,+2.75,+17.467, +8.408,+0.913
1694359380,+2.75,+17.467, +8.435,+0.914
1694359680,+2.75,+17.484, +8.449,+0.914
1694359980,+2.75,+17.492, +8.458,+0.914
1694360280,+2.75,+17.500, +8.480,+0.914
1694360580,+2.75,+17.500, +8.509,+0.914
1694360880,+2.75,+17.492, +8.533,+0.914
1694361180,+2.75,+17.517, +8.552,+0.914
1694361480,+2.75,+17.517, +8.576,+0.914
1694361780,+2.75,+17.517, +8.608,+0.914
1694362080,+2.75,+17.551, +8.620,+0.914
1694362380,+2.75,+17.534, +8.641,+0.914
1694362680,+2.75,+17.568, +8.655,+0.914
1694362980,+2.75,+17.568, +8.678,+0.914
1694363280,+2.75,+17.610, +8.667,+0.914
1694363580,+2.75,+17.602, +8.703,+0.914
1694363880,+2.75,+17.619, +8.732,+0.914
1694364180,+2.75,+17.636, +8.736,+0.914
1694364480,+2.75,+17.661, +8.757,+0.914
1694364780,+2.75,+17.669, +8.783,+0.914
1694365080,+2.75,+17.695, +8.795,+0.915
1694365380,+2.75,+17.712, +8.812,+0.914
1694365680,+2.75,+17.720, +8.824,+0.915
1694365980,+2.75,+17.754, +8.814,+0.914
1694366280,+2.75,+17.754, +8.847,+0.914
1694366580,+2.75,+17.804, +8.853,+0.914
1694366880,+2.75,+17.804, +8.880,+0.914
1694367180,+2.75,+17.847, +8.871,+0.914
1694367480,+2.75,+17.855, +8.892,+0.914
1694367780,+2.75,+17.872, +8.907,+0.914
1694368080,+2.75,+17.914, +8.906,+0.914
1694368380,+2.76,+17.922, +8.947,+0.915
1694368680,+2.76,+17.973, +8.957,+0.914
1694368980,+2.76,+17.998, +8.986,+0.915
1694369280,+2.76,+18.024, +8.980,+0.914
1694369580,+2.76,+18.083, +9.012,+0.914
1694369880,+2.76,+18.133, +9.024,+0.914
1694370180,+2.76,+18.142, +9.055,+0.914
1694370480,+2.76,+18.192, +9.055,+0.914
1694370780,+2.75,+18.251, +9.072,+0.914
1694371080,+2.75,+18.293, +9.079,+0.914
1694371380,+2.75,+18.352, +9.076,+0.914
1694371680,+2.75,+18.394, +9.098,+0.914
1694371980,+2.75,+18.419, +9.105,+0.914
1694372280,+2.75,+18.461, +9.120,+0.915
1694372580,+2.75,+18.495, +9.103,+0.914
1694372880,+2.75,+18.545, +9.127,+0.915
1694373180,+2.75,+18.596, +9.143,+0.915
1694373480,+2.75,+18.629, +9.150,+0.914
1694373780,+2.75,+18.680, +9.156,+0.914
1694374080,+2.75,+18.714, +9.162,+0.915
1694374380,+2.75,+18.747, +9.156,+0.914
1694374680,+2.75,+18.814, +9.150,+0.914
1694374980,+2.75,+18.865, +9.162,+0.915
1694375280,+2.75,+18.923, +9.165,+0.914
1694375580,+2.75,+18.923, +9.198,+0.914
1694375880,+2.75,+18.991, +9.184,+0.914
1694376180,+2.75,+18.991, +9.173,+0.914
1694376480,+2.75,+19.007, +9.229,+0.916
1694376780,+2.75,+19.049, +9.199,+0.914
1694377080,+2.76,+19.075, +9.225,+0.914
1694377380,+2.76,+19.125, +9.217,+0.915
1694377680,+2.76,+19.142, +9.216,+0.915
1694377980,+2.75,+19.133, +9.212,+0.914
1694378280,+2.75,+19.158, +9.196,+0.914
1694378580,+2.75,+19.158, +9.216,+0.915
1694378880,+2.75,+19.184, +9.197,+0.914
1694379180,+2.75,+19.175, +9.194,+0.915
1694379480,+2.75,+19.209, +9.223,+0.915
1694379780,+2.75,+19.209, +9.211,+0.915
1694380080,+2.75,+19.242, +9.193,+0.914
1694380380,+2.75,+19.259, +9.195,+0.915
1694380680,+2.75,+19.284, +9.206,+0.915
1694380980,+2.75,+19.293, +9.190,+0.914
1694381280,+2.75,+19.309, +9.213,+0.916
1694381580,+2.75,+19.343, +9.167,+0.914
1694381880,+2.75,+19.385, +9.189,+0.915
1694382180,+2.75,+19.368, +9.214,+0.915
1694382480,+2.75,+19.418, +9.205,+0.915
1694382780,+2.75,+19.494, +9.209,+0.914
1694383080,+2.75,+19.485, +9.207,+0.914
1694383380,+2.75,+19.536, +9.221,+0.914
1694383680,+2.75,+19.536, +9.249,+0.915
1694383980,+2.75,+19.544, +9.231,+0.915
1694384280,+2.75,+19.544, +9.226,+0.915
1694384580,+2.75,+19.544, +9.203,+0.915
1694384880,+2.75,+19.536, +9.224,+0.916
1694385180,+2.75,+19.519, +9.188,+0.914
1694385480,+2.75,+19.536, +9.221,+0.915
1694385780,+2.75,+19.527, +9.226,+0.915
1694386080,+2.75,+19.561, +9.202,+0.915
1694386380,+2.75,+19.578, +9.188,+0.915
1694386680,+2.75,+19.544, +9.191,+0.915
1694386980,+2.75,+19.569, +9.191,+0.915
1694387280,+2.75,+19.561, +9.171,+0.916
1694387580,+2.75,+19.569, +9.161,+0.915
1694387880,+2.75,+19.603, +9.157,+0.915
1694388180,+2.75,+19.628, +9.177,+0.916
1694388480,+2.75,+19.661, +9.154,+0.915
1694388780,+2.75,+19.661, +9.157,+0.915
1694389080,+2.75,+19.687, +9.154,+0.915
1694389380,+2.75,+19.687, +9.131,+0.915
1694389680,+2.75,+19.678, +9.165,+0.916
1694389980,+2.75,+19.653, +9.138,+0.914
1694390280,+2.75,+19.670, +9.161,+0.915
1694390580,+2.75,+19.661, +9.159,+0.914
1694390880,+2.75,+19.628, +9.143,+0.914
1694391180,+2.75,+19.636, +9.151,+0.916
1694391480,+2.75,+19.611, +9.149,+0.916
1694391780,+2.75,+19.611, +9.151,+0.916
1694392080,+2.75,+19.603, +9.118,+0.915
1694392380,+2.75,+19.586, +9.116,+0.916
1694392680,+2.75,+19.536, +9.109,+0.916
1694392980,+2.75,+19.553, +9.085,+0.915
1694393280,+2.75,+19.502, +9.056,+0.915
1694393580,+2.75,+19.477, +9.065,+0.915
1694393880,+2.75,+19.460, +9.038,+0.915
1694394180,+2.75,+19.460, +9.013,+0.915
1694394480,+2.75,+19.427, +9.006,+0.915
1694394780,+2.75,+19.385, +9.010,+0.916
1694395080,+2.75,+19.351, +8.976,+0.915
1694395380,+2.75,+19.343, +8.960,+0.915
1694395680,+2.75,+19.309, +8.938,+0.915
1694395980,+2.75,+19.276, +8.940,+0.916
1694396280,+2.75,+19.242, +8.903,+0.915
1694396580,+2.75,+19.209, +8.863,+0.915
1694396880,+2.75,+19.175, +8.852,+0.915
1694397180,+2.75,+19.150, +8.820,+0.915
1694397480,+2.75,+19.117, +8.797,+0.915
1694397780,+2.75,+19.108, +8.768,+0.914
1694398080,+2.75,+19.083, +8.755,+0.915
1694398380,+2.75,+19.058, +8.723,+0.915
1694398680,+2.75,+19.066, +8.679,+0.914
1694398980,+2.75,+19.024, +8.681,+0.915
1694399280,+2.75,+18.991, +8.646,+0.915
1694399580,+2.75,+18.982, +8.610,+0.915
1694399880,+2.75,+18.957, +8.601,+0.916
1694400180,+2.75,+18.932, +8.566,+0.915
1694400480,+2.75,+18.923, +8.548,+0.915
1694400780,+2.75,+18.890, +8.537,+0.915
1694401080,+2.75,+18.865, +8.507,+0.915
1694401380,+2.75,+18.856, +8.492,+0.914
1694401680,+2.75,+18.840, +8.485,+0.915
1694401980,+2.75,+18.840, +8.459,+0.915
1694402280,+2.75,+18.823, +8.441,+0.915
1694402580,+2.75,+18.798, +8.438,+0.916
1694402880,+2.75,+18.772, +8.431,+0.916
1694403180,+2.75,+18.772, +8.392,+0.915
1694403480,+2.75,+18.772, +8.371,+0.915
1694403780,+2.75,+18.739, +8.378,+0.915
1694404080,+2.75,+18.722, +8.351,+0.915
1694404380,+2.75,+18.705, +8.333,+0.915
1694404680,+2.75,+18.688, +8.324,+0.914
1694404980,+2.75,+18.672, +8.318,+0.915
1694405280,+2.75,+18.655, +8.298,+0.915
1694405580,+2.75,+18.629, +8.300,+0.915
1694405880,+2.75,+18.629, +8.275,+0.914
1694406180,+2.75,+18.613, +8.269,+0.915
