7450-529728
OS REV: 1.05 Sensor Cal: 1580916347
Time (sec),  BV (Volts),  T (deg C),  DO (mg/l),  Q ()
1699088280,+2.73,+11.076, +9.742,+0.901
1699088580,+2.72,+11.103, +9.732,+0.901
1699088880,+2.73,+11.121, +9.734,+0.901
1699089180,+2.72,+11.103, +9.756,+0.901
1699089480,+2.72,+11.121, +9.718,+0.901
1699089780,+2.72,+11.121, +9.737,+0.901
1699090080,+2.72,+11.130, +9.733,+0.901
1699090380,+2.72,+11.139, +9.731,+0.901
1699090680,+2.72,+11.139, +9.733,+0.900
1699090980,+2.72,+11.121, +9.752,+0.901
1699091280,+2.72,+11.139, +9.724,+0.901
1699091580,+2.72,+11.148, +9.722,+0.901
1699091880,+2.72,+11.139, +9.737,+0.901
1699092180,+2.72,+11.148, +9.712,+0.901
1699092480,+2.72,+11.148, +9.732,+0.902
1699092780,+2.72,+11.157, +9.721,+0.900
1699093080,+2.72,+11.166, +9.704,+0.901
1699093380,+2.72,+11.166, +9.692,+0.900
1699093680,+2.72,+11.175, +9.711,+0.901
1699093980,+2.72,+11.184, +9.701,+0.901
1699094280,+2.72,+11.166, +9.708,+0.901
1699094580,+2.72,+11.193, +9.709,+0.901
1699094880,+2.73,+11.175, +9.700,+0.901
1699095180,+2.72,+11.193, +9.709,+0.901
1699095480,+2.72,+11.211, +9.699,+0.901
1699095780,+2.72,+11.193, +9.710,+0.901
1699096080,+2.73,+11.202, +9.715,+0.901
1699096380,+2.73,+11.211, +9.690,+0.901
1699096680,+2.73,+11.193, +9.707,+0.901
1699096980,+2.73,+11.229, +9.677,+0.901
1699097280,+2.73,+11.238, +9.656,+0.900
1699097580,+2.73,+11.229, +9.665,+0.901
1699097880,+2.73,+11.220, +9.681,+0.901
1699098180,+2.73,+11.247, +9.690,+0.901
1699098480,+2.73,+11.247, +9.673,+0.901
1699098780,+2.73,+11.256, +9.676,+0.901
1699099080,+2.73,+11.247, +9.705,+0.901
1699099380,+2.73,+11.265, +9.674,+0.901
1699099680,+2.73,+11.274, +9.676,+0.901
1699099980,+2.73,+11.274, +9.669,+0.901
1699100280,+2.73,+11.283, +9.667,+0.901
1699100580,+2.73,+11.274, +9.672,+0.901
1699100880,+2.73,+11.292, +9.648,+0.901
1699101180,+2.73,+11.283, +9.661,+0.901
1699101480,+2.73,+11.292, +9.652,+0.901
1699101780,+2.73,+11.301, +9.653,+0.901
1699102080,+2.73,+11.310, +9.649,+0.901
1699102380,+2.73,+11.319, +9.668,+0.901
1699102680,+2.73,+11.319, +9.688,+0.901
1699102980,+2.73,+11.310, +9.664,+0.901
1699103280,+2.73,+11.310, +9.659,+0.901
1699103580,+2.73,+11.328, +9.658,+0.901
1699103880,+2.73,+11.328, +9.646,+0.900
1699104180,+2.73,+11.319, +9.652,+0.901
1699104480,+2.73,+11.337, +9.656,+0.901
1699104780,+2.73,+11.328, +9.653,+0.901
1699105080,+2.73,+11.337, +9.647,+0.901
1699105380,+2.73,+11.337, +9.662,+0.902
1699105680,+2.73,+11.346, +9.652,+0.901
1699105980,+2.73,+11.337, +9.660,+0.901
1699106280,+2.73,+11.328, +9.659,+0.901
1699106580,+2.73,+11.337, +9.657,+0.901
1699106880,+2.73,+11.355, +9.640,+0.900
1699107180,+2.73,+11.328, +9.654,+0.901
1699107480,+2.73,+11.355, +9.654,+0.900
1699107780,+2.73,+11.355, +9.663,+0.901
1699108080,+2.73,+11.355, +9.643,+0.901
1699108380,+2.73,+11.355, +9.629,+0.901
1699108680,+2.73,+11.364, +9.640,+0.901
1699108980,+2.73,+11.364, +9.629,+0.901
1699109280,+2.73,+11.364, +9.627,+0.901
1699109580,+2.73,+11.355, +9.638,+0.901
1699109880,+2.73,+11.373, +9.631,+0.901
1699110180,+2.73,+11.382, +9.645,+0.902
1699110480,+2.73,+11.373, +9.645,+0.900
1699110780,+2.73,+11.355, +9.660,+0.901
1699111080,+2.73,+11.382, +9.640,+0.901
1699111380,+2.73,+11.382, +9.656,+0.901
1699111680,+2.73,+11.391, +9.670,+0.901
1699111980,+2.73,+11.400, +9.671,+0.901
1699112280,+2.73,+11.391, +9.684,+0.901
1699112580,+2.73,+11.400, +9.682,+0.901
1699112880,+2.73,+11.391, +9.702,+0.901
1699113180,+2.73,+11.409, +9.711,+0.901
1699113480,+2.73,+11.409, +9.758,+0.902
1699113780,+2.73,+11.427, +9.752,+0.901
1699114080,+2.73,+11.418, +9.745,+0.900
1699114380,+2.73,+11.427, +9.785,+0.901
1699114680,+2.73,+11.418, +9.839,+0.901
1699114980,+2.73,+11.445, +9.835,+0.901
1699115280,+2.73,+11.445, +9.824,+0.901
1699115580,+2.73,+11.445, +9.866,+0.901
1699115880,+2.73,+11.462, +9.900,+0.901
1699116180,+2.73,+11.471, +9.925,+0.900
1699116480,+2.73,+11.489, +9.949,+0.901
1699116780,+2.73,+11.471, +9.930,+0.901
1699117080,+2.73,+11.471, +9.925,+0.901
1699117380,+2.73,+11.489, +9.941,+0.901
1699117680,+2.73,+11.498, +9.965,+0.901
1699117980,+2.73,+11.480, +9.980,+0.901
1699118280,+2.73,+11.498, +9.998,+0.901
1699118580,+2.73,+11.525,+10.024,+0.901
1699118880,+2.73,+11.525,+10.033,+0.901
1699119180,+2.73,+11.516, +9.997,+0.901
1699119480,+2.73,+11.534, +9.978,+0.901
1699119780,+2.73,+11.516,+10.019,+0.901
1699120080,+2.73,+11.543,+10.058,+0.901
1699120380,+2.73,+11.552,+10.093,+0.901
1699120680,+2.73,+11.561,+10.086,+0.901
1699120980,+2.73,+11.561,+10.040,+0.901
1699121280,+2.73,+11.570,+10.015,+0.901
1699121580,+2.73,+11.561,+10.013,+0.901
1699121880,+2.73,+11.597,+10.027,+0.901
1699122180,+2.73,+11.561,+10.032,+0.901
1699122480,+2.73,+11.588,+10.041,+0.901
1699122780,+2.73,+11.597,+10.058,+0.901
1699123080,+2.73,+11.597,+10.126,+0.901
1699123380,+2.73,+11.615,+10.102,+0.901
1699123680,+2.73,+11.623,+10.078,+0.901
1699123980,+2.73,+11.615,+10.100,+0.901
1699124280,+2.73,+11.623,+10.117,+0.901
1699124580,+2.73,+11.659,+10.159,+0.901
1699124880,+2.73,+11.677,+10.223,+0.900
1699125180,+2.73,+11.722,+10.259,+0.901
1699125480,+2.73,+11.757,+10.321,+0.902
1699125780,+2.73,+11.784,+10.320,+0.901
1699126080,+2.73,+11.820,+10.401,+0.901
1699126380,+2.73,+11.847,+10.396,+0.901
1699126680,+2.73,+11.864,+10.448,+0.901
1699126980,+2.73,+11.873,+10.484,+0.901
1699127280,+2.73,+11.909,+10.451,+0.901
1699127580,+2.73,+11.936,+10.428,+0.901
1699127880,+2.73,+11.953,+10.435,+0.901
1699128180,+2.73,+11.980,+10.459,+0.900
1699128480,+2.73,+12.007,+10.505,+0.901
1699128780,+2.72,+12.025,+10.540,+0.901
1699129080,+2.72,+12.051,+10.506,+0.901
1699129380,+2.72,+12.087,+10.539,+0.900
1699129680,+2.72,+12.113,+10.546,+0.901
1699129980,+2.72,+12.122,+10.542,+0.901
1699130280,+2.72,+12.131,+10.569,+0.902
1699130580,+2.72,+12.158,+10.475,+0.901
1699130880,+2.72,+12.149,+10.430,+0.901
1699131180,+2.72,+12.176,+10.378,+0.900
1699131480,+2.72,+12.176,+10.388,+0.901
1699131780,+2.72,+12.193,+10.346,+0.901
1699132080,+2.72,+12.229,+10.304,+0.901
1699132380,+2.72,+12.211,+10.281,+0.901
1699132680,+2.72,+12.220,+10.246,+0.901
1699132980,+2.72,+12.229,+10.226,+0.900
1699133280,+2.72,+12.238,+10.216,+0.901
1699133580,+2.72,+12.220,+10.226,+0.901
1699133880,+2.72,+12.247,+10.185,+0.900
1699134180,+2.72,+12.247,+10.195,+0.901
1699134480,+2.72,+12.238,+10.175,+0.901
1699134780,+2.72,+12.264,+10.116,+0.901
1699135080,+2.72,+12.247,+10.104,+0.901
1699135380,+2.72,+12.273,+10.070,+0.901
1699135680,+2.72,+12.255,+10.088,+0.901
1699135980,+2.72,+12.282,+10.067,+0.901
1699136280,+2.72,+12.282,+10.040,+0.901
1699136580,+2.72,+12.282,+10.039,+0.901
1699136880,+2.72,+12.264,+10.026,+0.901
1699137180,+2.72,+12.300,+10.001,+0.901
1699137480,+2.72,+12.300,+10.002,+0.901
1699137780,+2.72,+12.291, +9.995,+0.901
1699138080,+2.72,+12.309, +9.983,+0.901
1699138380,+2.72,+12.291, +9.969,+0.901
1699138680,+2.72,+12.300, +9.930,+0.900
1699138980,+2.72,+12.309, +9.916,+0.901
1699139280,+2.72,+12.300, +9.898,+0.901
1699139580,+2.72,+12.309, +9.867,+0.901
1699139880,+2.72,+12.300, +9.869,+0.901
1699140180,+2.72,+12.282, +9.870,+0.902
1699140480,+2.72,+12.309, +9.826,+0.901
1699140780,+2.72,+12.273, +9.836,+0.901
1699141080,+2.72,+12.300, +9.830,+0.901
1699141380,+2.72,+12.309, +9.810,+0.901
1699141680,+2.72,+12.300, +9.798,+0.901
1699141980,+2.72,+12.300, +9.775,+0.901
1699142280,+2.72,+12.282, +9.780,+0.901
1699142580,+2.72,+12.291, +9.776,+0.901
1699142880,+2.72,+12.291, +9.780,+0.901
1699143180,+2.72,+12.300, +9.752,+0.901
1699143480,+2.72,+12.291, +9.756,+0.901
1699143780,+2.72,+12.291, +9.744,+0.902
1699144080,+2.72,+12.300, +9.703,+0.901
1699144380,+2.72,+12.291, +9.697,+0.901
1699144680,+2.72,+12.282, +9.689,+0.901
1699144980,+2.72,+12.291, +9.671,+0.901
1699145280,+2.72,+12.282, +9.666,+0.901
1699145580,+2.72,+12.264, +9.656,+0.901
1699145880,+2.72,+12.282, +9.647,+0.901
1699146180,+2.72,+12.273, +9.636,+0.900
1699146480,+2.72,+12.291, +9.634,+0.901
1699146780,+2.72,+12.282, +9.610,+0.901
1699147080,+2.72,+12.291, +9.612,+0.901
1699147380,+2.72,+12.273, +9.592,+0.901
1699147680,+2.72,+12.273, +9.597,+0.901
1699147980,+2.72,+12.282, +9.596,+0.901
1699148280,+2.72,+12.291, +9.589,+0.901
1699148580,+2.72,+12.282, +9.558,+0.900
1699148880,+2.72,+12.273, +9.568,+0.901
1699149180,+2.72,+12.291, +9.544,+0.901
1699149480,+2.72,+12.273, +9.545,+0.901
1699149780,+2.72,+12.282, +9.518,+0.901
1699150080,+2.72,+12.282, +9.531,+0.902
1699150380,+2.72,+12.273, +9.504,+0.901
1699150680,+2.72,+12.300, +9.519,+0.901
1699150980,+2.72,+12.291, +9.524,+0.901
1699151280,+2.72,+12.291, +9.518,+0.901
1699151580,+2.72,+12.282, +9.522,+0.901
1699151880,+2.72,+12.300, +9.494,+0.901
1699152180,+2.72,+12.309, +9.473,+0.901
1699152480,+2.72,+12.300, +9.494,+0.901
1699152780,+2.72,+12.317, +9.486,+0.901
1699153080,+2.72,+12.309, +9.476,+0.901
1699153380,+2.72,+12.317, +9.464,+0.901
1699153680,+2.72,+12.300, +9.473,+0.901
1699153980,+2.72,+12.309, +9.453,+0.901
1699154280,+2.72,+12.317, +9.443,+0.901
1699154580,+2.72,+12.309, +9.462,+0.902
1699154880,+2.72,+12.309, +9.468,+0.901
1699155180,+2.72,+12.317, +9.446,+0.901
1699155480,+2.72,+12.335, +9.441,+0.901
1699155780,+2.72,+12.317, +9.438,+0.901
1699156080,+2.72,+12.335, +9.417,+0.900
1699156380,+2.72,+12.317, +9.423,+0.901
1699156680,+2.72,+12.335, +9.415,+0.901
1699156980,+2.72,+12.326, +9.428,+0.902
1699157280,+2.72,+12.317, +9.429,+0.901
1699157580,+2.72,+12.317, +9.400,+0.901
1699157880,+2.72,+12.300, +9.422,+0.901
1699158180,+2.72,+12.326, +9.407,+0.900
1699158480,+2.72,+12.326, +9.412,+0.901
1699158780,+2.72,+12.326, +9.394,+0.901
1699159080,+2.72,+12.309, +9.412,+0.901
1699159380,+2.72,+12.309, +9.422,+0.901
1699159680,+2.72,+12.291, +9.421,+0.901
1699159980,+2.72,+12.300, +9.405,+0.901
1699160280,+2.72,+12.300, +9.387,+0.901
1699160580,+2.72,+12.291, +9.392,+0.901
1699160880,+2.72,+12.317, +9.398,+0.902
1699161180,+2.72,+12.291, +9.411,+0.901
1699161480,+2.72,+12.300, +9.364,+0.901
1699161780,+2.72,+12.309, +9.396,+0.901
1699162080,+2.72,+12.291, +9.405,+0.902
1699162380,+2.72,+12.317, +9.363,+0.901
1699162680,+2.72,+12.300, +9.374,+0.901
1699162980,+2.72,+12.300, +9.374,+0.901
1699163280,+2.72,+12.300, +9.405,+0.901
1699163580,+2.72,+12.300, +9.390,+0.901
1699163880,+2.72,+12.282, +9.373,+0.901
1699164180,+2.72,+12.291, +9.381,+0.901
1699164480,+2.72,+12.291, +9.378,+0.901
1699164780,+2.72,+12.300, +9.387,+0.901
1699165080,+2.72,+12.291, +9.385,+0.901
1699165380,+2.72,+12.300, +9.396,+0.902
1699165680,+2.72,+12.291, +9.390,+0.901
1699165980,+2.72,+12.273, +9.407,+0.901
1699166280,+2.72,+12.300, +9.403,+0.901
1699166580,+2.72,+12.282, +9.430,+0.901
1699166880,+2.72,+12.300, +9.413,+0.901
1699167180,+2.72,+12.309, +9.407,+0.902
1699167480,+2.72,+12.291, +9.390,+0.902
1699167780,+2.72,+12.300, +9.364,+0.901
1699168080,+2.72,+12.300, +9.387,+0.900
1699168380,+2.72,+12.291, +9.413,+0.902
1699168680,+2.72,+12.291, +9.429,+0.901
1699168980,+2.72,+12.282, +9.409,+0.901
1699169280,+2.72,+12.282, +9.406,+0.901
1699169580,+2.72,+12.282, +9.374,+0.901
1699169880,+2.72,+12.282, +9.382,+0.901
1699170180,+2.72,+12.282, +9.408,+0.901
1699170480,+2.72,+12.291, +9.404,+0.901
1699170780,+2.72,+12.309, +9.396,+0.901
1699171080,+2.72,+12.291, +9.397,+0.901
1699171380,+2.72,+12.282, +9.382,+0.902
1699171680,+2.72,+12.300, +9.372,+0.900
1699171980,+2.72,+12.300, +9.398,+0.901
1699172280,+2.72,+12.300, +9.411,+0.901
1699172580,+2.72,+12.291, +9.406,+0.901
1699172880,+2.72,+12.291, +9.425,+0.901
1699173180,+2.72,+12.309, +9.401,+0.901
1699173480,+2.72,+12.282, +9.405,+0.901
1699173780,+2.72,+12.282, +9.410,+0.902
1699174080,+2.72,+12.317, +9.371,+0.902
1699174380,+2.72,+12.300, +9.401,+0.901
1699174680,+2.72,+12.300, +9.397,+0.901
