7450-529728
OS REV: 1.05 Sensor Cal: 1580916347
Time (sec),  BV (Volts),  T (deg C),  DO (mg/l),  Q ()
1690770480,+2.79,+20.950, +8.150,+0.927
1690770780,+2.79,+20.908, +8.166,+0.928
1690771080,+2.79,+20.883, +8.143,+0.927
1690771380,+2.79,+20.849, +8.153,+0.928
1690771680,+2.79,+20.833, +8.137,+0.927
1690771980,+2.79,+20.808, +8.126,+0.928
1690772280,+2.79,+20.783, +8.126,+0.928
1690772580,+2.79,+20.758, +8.135,+0.929
1690772880,+2.79,+20.732, +8.102,+0.927
1690773180,+2.79,+20.716, +8.105,+0.928
1690773480,+2.79,+20.682, +8.103,+0.928
1690773780,+2.79,+20.649, +8.102,+0.928
1690774080,+2.79,+20.632, +8.094,+0.928
1690774380,+2.79,+20.615, +8.086,+0.928
1690774680,+2.79,+20.607, +8.089,+0.928
1690774980,+2.79,+20.574, +8.082,+0.928
1690775280,+2.79,+20.565, +8.074,+0.928
1690775580,+2.79,+20.532, +8.062,+0.927
1690775880,+2.79,+20.490, +8.063,+0.927
1690776180,+2.79,+20.490, +8.047,+0.927
1690776480,+2.79,+20.457, +8.060,+0.928
1690776780,+2.79,+20.448, +8.035,+0.927
1690777080,+2.79,+20.406, +8.051,+0.927
1690777380,+2.79,+20.398, +8.047,+0.928
1690777680,+2.79,+20.381, +8.045,+0.928
1690777980,+2.79,+20.373, +8.039,+0.927
1690778280,+2.79,+20.331, +8.041,+0.927
1690778580,+2.79,+20.339, +8.039,+0.928
1690778880,+2.79,+20.298, +8.034,+0.927
1690779180,+2.79,+20.264, +8.045,+0.928
1690779480,+2.79,+20.256, +8.033,+0.927
1690779780,+2.80,+20.231, +8.031,+0.927
1690780080,+2.79,+20.206, +8.032,+0.927
1690780380,+2.80,+20.206, +8.033,+0.928
1690780680,+2.80,+20.189, +8.027,+0.927
1690780980,+2.80,+20.164, +8.023,+0.926
1690781280,+2.80,+20.139, +8.029,+0.927
1690781580,+2.80,+20.114, +8.038,+0.927
1690781880,+2.80,+20.105, +8.034,+0.927
1690782180,+2.79,+20.088, +8.031,+0.927
1690782480,+2.79,+20.080, +8.052,+0.928
1690782780,+2.79,+20.047, +8.037,+0.928
1690783080,+2.79,+20.021, +8.032,+0.927
1690783380,+2.79,+20.013, +8.041,+0.927
1690783680,+2.79,+20.013, +8.028,+0.927
1690783980,+2.79,+19.988, +8.051,+0.928
1690784280,+2.79,+19.980, +8.043,+0.927
1690784580,+2.79,+19.971, +8.024,+0.926
1690784880,+2.79,+19.946, +8.045,+0.927
1690785180,+2.79,+19.929, +8.053,+0.927
1690785480,+2.79,+19.904, +8.050,+0.927
1690785780,+2.79,+19.913, +8.041,+0.926
1690786080,+2.79,+19.896, +8.047,+0.927
1690786380,+2.79,+19.879, +8.055,+0.927
1690786680,+2.79,+19.871, +8.070,+0.928
1690786980,+2.79,+19.837, +8.060,+0.927
1690787280,+2.79,+19.829, +8.058,+0.927
1690787580,+2.79,+19.829, +8.054,+0.927
1690787880,+2.79,+19.812, +8.066,+0.927
1690788180,+2.79,+19.804, +8.058,+0.927
1690788480,+2.79,+19.779, +8.068,+0.927
1690788780,+2.79,+19.762, +8.066,+0.927
1690789080,+2.79,+19.754, +8.069,+0.927
1690789380,+2.79,+19.728, +8.079,+0.927
1690789680,+2.79,+19.737, +8.076,+0.927
1690789980,+2.79,+19.720, +8.081,+0.927
1690790280,+2.79,+19.703, +8.074,+0.927
1690790580,+2.79,+19.687, +8.078,+0.927
1690790880,+2.79,+19.670, +8.078,+0.927
1690791180,+2.79,+19.661, +8.090,+0.927
1690791480,+2.79,+19.661, +8.087,+0.927
1690791780,+2.79,+19.653, +8.076,+0.927
1690792080,+2.79,+19.636, +8.081,+0.926
1690792380,+2.79,+19.628, +8.085,+0.927
1690792680,+2.79,+19.611, +8.096,+0.927
1690792980,+2.79,+19.603, +8.098,+0.927
1690793280,+2.79,+19.586, +8.098,+0.927
1690793580,+2.79,+19.603, +8.094,+0.927
1690793880,+2.79,+19.586, +8.108,+0.927
1690794180,+2.79,+19.578, +8.090,+0.926
1690794480,+2.79,+19.578, +8.087,+0.926
1690794780,+2.79,+19.553, +8.093,+0.926
1690795080,+2.79,+19.544, +8.111,+0.927
1690795380,+2.79,+19.561, +8.106,+0.927
1690795680,+2.79,+19.553, +8.101,+0.927
1690795980,+2.79,+19.536, +8.111,+0.927
1690796280,+2.79,+19.527, +8.095,+0.926
1690796580,+2.79,+19.519, +8.104,+0.927
1690796880,+2.79,+19.527, +8.097,+0.926
1690797180,+2.79,+19.511, +8.113,+0.927
1690797480,+2.79,+19.502, +8.121,+0.927
1690797780,+2.79,+19.511, +8.107,+0.927
1690798080,+2.79,+19.511, +8.107,+0.927
1690798380,+2.79,+19.494, +8.119,+0.927
1690798680,+2.79,+19.477, +8.118,+0.927
1690798980,+2.79,+19.502, +8.115,+0.927
1690799280,+2.79,+19.485, +8.118,+0.927
1690799580,+2.79,+19.485, +8.112,+0.927
1690799880,+2.79,+19.485, +8.098,+0.926
1690800180,+2.79,+19.494, +8.114,+0.927
1690800480,+2.79,+19.469, +8.115,+0.927
1690800780,+2.79,+19.460, +8.128,+0.927
1690801080,+2.79,+19.452, +8.116,+0.926
1690801380,+2.79,+19.435, +8.113,+0.926
1690801680,+2.79,+19.435, +8.125,+0.927
1690801980,+2.79,+19.452, +8.110,+0.926
1690802280,+2.79,+19.427, +8.121,+0.927
1690802580,+2.79,+19.427, +8.114,+0.926
1690802880,+2.79,+19.402, +8.124,+0.927
1690803180,+2.79,+19.393, +8.125,+0.926
1690803480,+2.79,+19.385, +8.128,+0.926
1690803780,+2.79,+19.393, +8.121,+0.926
1690804080,+2.80,+19.377, +8.134,+0.927
1690804380,+2.80,+19.368, +8.125,+0.926
1690804680,+2.79,+19.351, +8.132,+0.926
1690804980,+2.80,+19.351, +8.132,+0.927
1690805280,+2.80,+19.335, +8.147,+0.927
1690805580,+2.80,+19.318, +8.139,+0.926
1690805880,+2.80,+19.326, +8.139,+0.927
1690806180,+2.80,+19.309, +8.149,+0.927
1690806480,+2.80,+19.293, +8.146,+0.926
1690806780,+2.80,+19.284, +8.150,+0.926
1690807080,+2.80,+19.276, +8.148,+0.927
1690807380,+2.80,+19.268, +8.146,+0.926
1690807680,+2.80,+19.259, +8.171,+0.927
1690807980,+2.80,+19.242, +8.158,+0.926
1690808280,+2.80,+19.242, +8.158,+0.927
1690808580,+2.80,+19.209, +8.154,+0.926
1690808880,+2.80,+19.226, +8.150,+0.927
1690809180,+2.80,+19.192, +8.175,+0.927
1690809480,+2.80,+19.184, +8.171,+0.927
1690809780,+2.80,+19.175, +8.162,+0.926
1690810080,+2.80,+19.167, +8.169,+0.926
1690810380,+2.80,+19.158, +8.179,+0.927
1690810680,+2.80,+19.142, +8.184,+0.927
1690810980,+2.80,+19.117, +8.198,+0.927
1690811280,+2.80,+19.117, +8.195,+0.927
1690811580,+2.80,+19.108, +8.201,+0.927
1690811880,+2.80,+19.083, +8.211,+0.927
1690812180,+2.80,+19.066, +8.207,+0.926
1690812480,+2.80,+19.058, +8.217,+0.926
1690812780,+2.80,+19.033, +8.226,+0.926
1690813080,+2.80,+19.033, +8.215,+0.926
1690813380,+2.80,+19.016, +8.221,+0.926
1690813680,+2.80,+18.999, +8.225,+0.925
1690813980,+2.80,+18.999, +8.241,+0.926
1690814280,+2.79,+18.982, +8.252,+0.926
1690814580,+2.79,+18.957, +8.259,+0.926
1690814880,+2.79,+18.957, +8.267,+0.926
1690815180,+2.79,+18.957, +8.264,+0.926
1690815480,+2.79,+18.957, +8.285,+0.927
1690815780,+2.79,+18.949, +8.287,+0.926
1690816080,+2.79,+18.932, +8.297,+0.926
1690816380,+2.79,+18.940, +8.304,+0.926
1690816680,+2.79,+18.940, +8.313,+0.926
1690816980,+2.79,+18.915, +8.339,+0.927
1690817280,+2.79,+18.949, +8.334,+0.926
1690817580,+2.79,+18.923, +8.341,+0.926
1690817880,+2.79,+18.932, +8.351,+0.926
1690818180,+2.79,+18.923, +8.374,+0.927
1690818480,+2.79,+18.923, +8.368,+0.926
1690818780,+2.79,+18.940, +8.376,+0.926
1690819080,+2.79,+18.932, +8.392,+0.927
1690819380,+2.79,+18.949, +8.386,+0.926
1690819680,+2.79,+18.957, +8.404,+0.926
1690819980,+2.79,+18.974, +8.412,+0.927
1690820280,+2.79,+18.991, +8.416,+0.926
1690820580,+2.80,+19.024, +8.416,+0.926
1690820880,+2.80,+19.033, +8.421,+0.926
1690821180,+2.80,+19.041, +8.432,+0.926
1690821480,+2.80,+19.058, +8.439,+0.926
1690821780,+2.80,+19.075, +8.439,+0.926
1690822080,+2.80,+19.091, +8.458,+0.927
1690822380,+2.80,+19.100, +8.459,+0.926
1690822680,+2.80,+19.108, +8.463,+0.926
1690822980,+2.80,+19.133, +8.479,+0.926
1690823280,+2.80,+19.142, +8.487,+0.927
1690823580,+2.80,+19.167, +8.488,+0.926
1690823880,+2.80,+19.192, +8.501,+0.927
1690824180,+2.80,+19.226, +8.481,+0.926
1690824480,+2.80,+19.234, +8.496,+0.926
1690824780,+2.80,+19.284, +8.505,+0.926
1690825080,+2.80,+19.309, +8.516,+0.927
1690825380,+2.80,+19.343, +8.500,+0.926
1690825680,+2.79,+19.351, +8.521,+0.927
1690825980,+2.79,+19.402, +8.519,+0.926
1690826280,+2.79,+19.444, +8.518,+0.926
1690826580,+2.79,+19.460, +8.528,+0.926
1690826880,+2.79,+19.511, +8.530,+0.927
1690827180,+2.79,+19.511, +8.537,+0.926
1690827480,+2.79,+19.569, +8.538,+0.927
1690827780,+2.79,+19.594, +8.531,+0.926
1690828080,+2.79,+19.628, +8.554,+0.927
1690828380,+2.79,+19.687, +8.538,+0.926
1690828680,+2.79,+19.728, +8.542,+0.927
1690828980,+2.79,+19.762, +8.545,+0.927
1690829280,+2.79,+19.804, +8.545,+0.927
1690829580,+2.79,+19.854, +8.538,+0.926
1690829880,+2.79,+19.888, +8.540,+0.926
1690830180,+2.79,+19.938, +8.540,+0.926
1690830480,+2.79,+19.996, +8.536,+0.926
1690830780,+2.79,+20.030, +8.557,+0.927
1690831080,+2.79,+20.080, +8.550,+0.927
1690831380,+2.80,+20.139, +8.545,+0.927
1690831680,+2.80,+20.197, +8.534,+0.926
1690831980,+2.79,+20.231, +8.538,+0.927
1690832280,+2.79,+20.281, +8.534,+0.927
1690832580,+2.79,+20.339, +8.515,+0.926
1690832880,+2.79,+20.381, +8.531,+0.927
1690833180,+2.79,+20.423, +8.530,+0.927
1690833480,+2.79,+20.482, +8.517,+0.926
1690833780,+2.79,+20.523, +8.524,+0.927
1690834080,+2.79,+20.565, +8.532,+0.928
1690834380,+2.79,+20.599, +8.508,+0.926
1690834680,+2.79,+20.640, +8.511,+0.927
1690834980,+2.79,+20.666, +8.531,+0.927
1690835280,+2.79,+20.716, +8.512,+0.927
1690835580,+2.79,+20.758, +8.504,+0.927
1690835880,+2.79,+20.808, +8.500,+0.927
1690836180,+2.79,+20.833, +8.501,+0.927
1690836480,+2.79,+20.883, +8.497,+0.927
1690836780,+2.79,+20.916, +8.501,+0.927
1690837080,+2.79,+20.950, +8.494,+0.927
1690837380,+2.79,+20.992, +8.487,+0.927
1690837680,+2.79,+21.033, +8.485,+0.927
1690837980,+2.79,+21.058, +8.484,+0.927
1690838280,+2.79,+21.083, +8.487,+0.927
1690838580,+2.79,+21.134, +8.474,+0.927
1690838880,+2.79,+21.167, +8.483,+0.928
1690839180,+2.79,+21.209, +8.472,+0.928
1690839480,+2.79,+21.234, +8.470,+0.928
1690839780,+2.79,+21.284, +8.452,+0.927
1690840080,+2.79,+21.301, +8.460,+0.928
1690840380,+2.79,+21.343, +8.451,+0.927
1690840680,+2.79,+21.368, +8.445,+0.928
1690840980,+2.79,+21.384, +8.451,+0.928
1690841280,+2.79,+21.426, +8.433,+0.928
1690841580,+2.79,+21.443, +8.443,+0.928
1690841880,+2.79,+21.476, +8.431,+0.928
1690842180,+2.79,+21.493, +8.427,+0.927
1690842480,+2.79,+21.518, +8.417,+0.927
1690842780,+2.79,+21.551, +8.406,+0.927
1690843080,+2.79,+21.560, +8.411,+0.928
1690843380,+2.79,+21.610, +8.411,+0.928
1690843680,+2.79,+21.618, +8.407,+0.928
1690843980,+2.79,+21.652, +8.409,+0.928
1690844280,+2.79,+21.652, +8.391,+0.928
1690844580,+2.79,+21.677, +8.372,+0.927
1690844880,+2.79,+21.693, +8.379,+0.928
1690845180,+2.79,+21.693, +8.378,+0.928
1690845480,+2.79,+21.735, +8.371,+0.928
1690845780,+2.79,+21.752, +8.364,+0.928
1690846080,+2.79,+21.777, +8.348,+0.927
1690846380,+2.79,+21.785, +8.358,+0.928
1690846680,+2.79,+21.810, +8.344,+0.928
1690846980,+2.79,+21.794, +8.345,+0.928
1690847280,+2.79,+21.810, +8.330,+0.928
1690847580,+2.79,+21.819, +8.327,+0.928
1690847880,+2.79,+21.819, +8.319,+0.928
1690848180,+2.79,+21.819, +8.317,+0.928
1690848480,+2.79,+21.819, +8.315,+0.928
1690848780,+2.79,+21.802, +8.303,+0.927
1690849080,+2.79,+21.810, +8.311,+0.928
1690849380,+2.79,+21.802, +8.298,+0.928
1690849680,+2.79,+21.802, +8.288,+0.928
1690849980,+2.79,+21.777, +8.283,+0.928
1690850280,+2.79,+21.760, +8.285,+0.928
1690850580,+2.79,+21.760, +8.271,+0.928
1690850880,+2.79,+21.735, +8.266,+0.928
1690851180,+2.79,+21.744, +8.253,+0.928
1690851480,+2.79,+21.727, +8.233,+0.927
1690851780,+2.79,+21.702, +8.239,+0.928
1690852080,+2.79,+21.677, +8.240,+0.928
1690852380,+2.79,+21.652, +8.226,+0.928
1690852680,+2.79,+21.635, +8.233,+0.928
1690852980,+2.79,+21.618, +8.223,+0.928
1690853280,+2.79,+21.602, +8.205,+0.928
1690853580,+2.79,+21.560, +8.190,+0.927
1690853880,+2.79,+21.543, +8.203,+0.928
1690854180,+2.79,+21.535, +8.180,+0.927
1690854480,+2.79,+21.485, +8.191,+0.928
1690854780,+2.79,+21.476, +8.152,+0.927
1690855080,+2.79,+21.443, +8.165,+0.928
1690855380,+2.79,+21.401, +8.155,+0.927
1690855680,+2.79,+21.376, +8.147,+0.928
1690855980,+2.79,+21.368, +8.138,+0.928
1690856280,+2.79,+21.317, +8.129,+0.928
1690856580,+2.79,+21.301, +8.103,+0.927
1690856880,+2.79,+21.267, +8.099,+0.928
