7450-529728
OS REV: 1.05 Sensor Cal: 1580916347
Time (sec),  BV (Volts),  T (deg C),  DO (mg/l),  Q ()
1689042480,+2.82,+19.242, +8.289,+0.937
1689042780,+2.82,+19.209, +8.279,+0.937
1689043080,+2.82,+19.209, +8.255,+0.937
1689043380,+2.82,+19.167, +8.266,+0.937
1689043680,+2.82,+19.158, +8.248,+0.937
1689043980,+2.82,+19.133, +8.254,+0.937
1689044280,+2.82,+19.133, +8.228,+0.936
1689044580,+2.82,+19.100, +8.220,+0.937
1689044880,+2.82,+19.075, +8.221,+0.937
1689045180,+2.82,+19.041, +8.218,+0.937
1689045480,+2.82,+19.033, +8.198,+0.937
1689045780,+2.82,+18.999, +8.198,+0.937
1689046080,+2.82,+18.982, +8.191,+0.937
1689046380,+2.82,+18.974, +8.193,+0.937
1689046680,+2.81,+18.932, +8.186,+0.937
1689046980,+2.81,+18.932, +8.175,+0.937
1689047280,+2.81,+18.915, +8.150,+0.936
1689047580,+2.81,+18.873, +8.158,+0.937
1689047880,+2.81,+18.865, +8.149,+0.937
1689048180,+2.81,+18.840, +8.157,+0.937
1689048480,+2.81,+18.814, +8.140,+0.936
1689048780,+2.81,+18.798, +8.146,+0.937
1689049080,+2.81,+18.764, +8.145,+0.937
1689049380,+2.81,+18.764, +8.117,+0.937
1689049680,+2.81,+18.722, +8.127,+0.937
1689049980,+2.81,+18.697, +8.144,+0.937
1689050280,+2.81,+18.688, +8.122,+0.936
1689050580,+2.81,+18.680, +8.132,+0.937
1689050880,+2.82,+18.646, +8.135,+0.937
1689051180,+2.82,+18.621, +8.133,+0.937
1689051480,+2.82,+18.621, +8.125,+0.936
1689051780,+2.82,+18.604, +8.127,+0.937
1689052080,+2.82,+18.571, +8.137,+0.937
1689052380,+2.82,+18.545, +8.137,+0.937
1689052680,+2.82,+18.529, +8.123,+0.937
1689052980,+2.82,+18.503, +8.114,+0.936
1689053280,+2.82,+18.495, +8.124,+0.936
1689053580,+2.82,+18.461, +8.135,+0.937
1689053880,+2.82,+18.461, +8.130,+0.936
1689054180,+2.82,+18.436, +8.131,+0.936
1689054480,+2.82,+18.419, +8.133,+0.937
1689054780,+2.82,+18.419, +8.141,+0.937
1689055080,+2.82,+18.411, +8.130,+0.936
1689055380,+2.82,+18.394, +8.136,+0.936
1689055680,+2.82,+18.386, +8.133,+0.936
1689055980,+2.82,+18.344, +8.149,+0.937
1689056280,+2.82,+18.360, +8.147,+0.937
1689056580,+2.82,+18.352, +8.157,+0.937
1689056880,+2.82,+18.360, +8.136,+0.937
1689057180,+2.82,+18.352, +8.135,+0.936
1689057480,+2.82,+18.344, +8.130,+0.937
1689057780,+2.82,+18.344, +8.133,+0.936
1689058080,+2.82,+18.360, +8.139,+0.937
1689058380,+2.82,+18.327, +8.145,+0.937
1689058680,+2.82,+18.335, +8.142,+0.937
1689058980,+2.82,+18.352, +8.141,+0.937
1689059280,+2.82,+18.344, +8.146,+0.937
1689059580,+2.82,+18.318, +8.134,+0.936
1689059880,+2.82,+18.352, +8.126,+0.936
1689060180,+2.82,+18.352, +8.122,+0.936
1689060480,+2.82,+18.344, +8.129,+0.936
1689060780,+2.82,+18.344, +8.131,+0.937
1689061080,+2.82,+18.344, +8.123,+0.935
1689061380,+2.82,+18.335, +8.146,+0.937
1689061680,+2.82,+18.352, +8.130,+0.936
1689061980,+2.82,+18.352, +8.130,+0.937
1689062280,+2.82,+18.335, +8.140,+0.937
1689062580,+2.82,+18.352, +8.135,+0.937
1689062880,+2.82,+18.335, +8.124,+0.936
1689063180,+2.82,+18.335, +8.135,+0.937
1689063480,+2.82,+18.352, +8.118,+0.936
1689063780,+2.82,+18.352, +8.131,+0.937
1689064080,+2.82,+18.335, +8.130,+0.936
1689064380,+2.82,+18.360, +8.122,+0.937
1689064680,+2.82,+18.369, +8.126,+0.936
1689064980,+2.82,+18.344, +8.124,+0.936
1689065280,+2.82,+18.360, +8.123,+0.936
1689065580,+2.82,+18.360, +8.129,+0.937
1689065880,+2.82,+18.360, +8.123,+0.937
1689066180,+2.82,+18.360, +8.130,+0.937
1689066480,+2.82,+18.369, +8.128,+0.937
1689066780,+2.82,+18.360, +8.123,+0.936
1689067080,+2.82,+18.352, +8.122,+0.937
1689067380,+2.82,+18.360, +8.121,+0.937
1689067680,+2.82,+18.344, +8.116,+0.936
1689067980,+2.82,+18.335, +8.130,+0.936
1689068280,+2.82,+18.335, +8.142,+0.937
1689068580,+2.82,+18.335, +8.127,+0.936
1689068880,+2.82,+18.352, +8.127,+0.936
1689069180,+2.82,+18.327, +8.128,+0.936
1689069480,+2.82,+18.335, +8.131,+0.936
1689069780,+2.82,+18.310, +8.149,+0.937
1689070080,+2.82,+18.293, +8.138,+0.936
1689070380,+2.82,+18.293, +8.141,+0.936
1689070680,+2.82,+18.310, +8.135,+0.936
1689070980,+2.82,+18.293, +8.150,+0.936
1689071280,+2.82,+18.293, +8.142,+0.936
1689071580,+2.82,+18.293, +8.141,+0.936
1689071880,+2.82,+18.285, +8.138,+0.936
1689072180,+2.82,+18.259, +8.153,+0.936
1689072480,+2.82,+18.268, +8.151,+0.936
1689072780,+2.82,+18.259, +8.153,+0.936
1689073080,+2.82,+18.268, +8.159,+0.936
1689073380,+2.82,+18.259, +8.157,+0.937
1689073680,+2.82,+18.259, +8.142,+0.936
1689073980,+2.82,+18.251, +8.150,+0.937
1689074280,+2.82,+18.234, +8.145,+0.937
1689074580,+2.82,+18.226, +8.157,+0.937
1689074880,+2.82,+18.217, +8.147,+0.936
1689075180,+2.82,+18.226, +8.153,+0.937
1689075480,+2.82,+18.200, +8.160,+0.936
1689075780,+2.82,+18.200, +8.160,+0.936
1689076080,+2.82,+18.192, +8.156,+0.936
1689076380,+2.82,+18.184, +8.165,+0.936
1689076680,+2.82,+18.167, +8.166,+0.937
1689076980,+2.82,+18.175, +8.178,+0.936
1689077280,+2.82,+18.175, +8.170,+0.936
1689077580,+2.82,+18.175, +8.155,+0.936
1689077880,+2.82,+18.167, +8.176,+0.937
1689078180,+2.82,+18.150, +8.178,+0.937
1689078480,+2.82,+18.125, +8.168,+0.936
1689078780,+2.82,+18.116, +8.167,+0.936
1689079080,+2.82,+18.125, +8.174,+0.936
1689079380,+2.82,+18.091, +8.183,+0.936
1689079680,+2.82,+18.091, +8.177,+0.936
1689079980,+2.82,+18.091, +8.177,+0.936
1689080280,+2.82,+18.083, +8.183,+0.936
1689080580,+2.82,+18.074, +8.192,+0.936
1689080880,+2.82,+18.066, +8.195,+0.936
1689081180,+2.82,+18.057, +8.195,+0.936
1689081480,+2.82,+18.032, +8.218,+0.937
1689081780,+2.82,+18.032, +8.205,+0.936
1689082080,+2.82,+18.024, +8.215,+0.936
1689082380,+2.82,+18.024, +8.221,+0.936
1689082680,+2.82,+17.998, +8.225,+0.936
1689082980,+2.82,+17.998, +8.223,+0.936
1689083280,+2.82,+17.981, +8.233,+0.936
1689083580,+2.82,+17.965, +8.238,+0.936
1689083880,+2.82,+17.956, +8.246,+0.936
1689084180,+2.82,+17.948, +8.247,+0.936
1689084480,+2.82,+17.939, +8.252,+0.936
1689084780,+2.82,+17.922, +8.266,+0.936
1689085080,+2.82,+17.906, +8.275,+0.936
1689085380,+2.82,+17.906, +8.266,+0.936
1689085680,+2.82,+17.914, +8.285,+0.936
1689085980,+2.82,+17.897, +8.284,+0.936
1689086280,+2.82,+17.889, +8.289,+0.936
1689086580,+2.82,+17.889, +8.287,+0.936
1689086880,+2.82,+17.880, +8.306,+0.936
1689087180,+2.82,+17.889, +8.302,+0.936
1689087480,+2.82,+17.880, +8.321,+0.936
1689087780,+2.82,+17.889, +8.326,+0.937
1689088080,+2.82,+17.889, +8.331,+0.936
1689088380,+2.82,+17.880, +8.344,+0.936
1689088680,+2.82,+17.880, +8.363,+0.937
1689088980,+2.82,+17.897, +8.341,+0.936
1689089280,+2.82,+17.897, +8.359,+0.936
1689089580,+2.82,+17.922, +8.353,+0.935
1689089880,+2.82,+17.906, +8.382,+0.936
1689090180,+2.82,+17.939, +8.390,+0.936
1689090480,+2.82,+17.956, +8.393,+0.936
1689090780,+2.82,+17.948, +8.418,+0.936
1689091080,+2.82,+17.973, +8.412,+0.936
1689091380,+2.82,+17.990, +8.417,+0.936
1689091680,+2.82,+18.007, +8.445,+0.936
1689091980,+2.82,+18.024, +8.438,+0.936
1689092280,+2.82,+18.032, +8.457,+0.936
1689092580,+2.82,+18.032, +8.453,+0.935
1689092880,+2.82,+18.074, +8.455,+0.935
1689093180,+2.82,+18.074, +8.480,+0.936
1689093480,+2.82,+18.099, +8.471,+0.936
1689093780,+2.82,+18.099, +8.488,+0.935
1689094080,+2.82,+18.116, +8.497,+0.936
1689094380,+2.82,+18.133, +8.522,+0.936
1689094680,+2.82,+18.184, +8.524,+0.936
1689094980,+2.82,+18.192, +8.527,+0.936
1689095280,+2.82,+18.209, +8.555,+0.937
1689095580,+2.82,+18.234, +8.547,+0.936
1689095880,+2.82,+18.276, +8.546,+0.936
1689096180,+2.82,+18.293, +8.558,+0.936
1689096480,+2.82,+18.327, +8.561,+0.936
1689096780,+2.82,+18.360, +8.578,+0.936
1689097080,+2.82,+18.419, +8.582,+0.937
1689097380,+2.82,+18.419, +8.587,+0.936
1689097680,+2.82,+18.461, +8.592,+0.936
1689097980,+2.82,+18.503, +8.585,+0.936
1689098280,+2.81,+18.537, +8.608,+0.937
1689098580,+2.81,+18.579, +8.596,+0.936
1689098880,+2.81,+18.613, +8.609,+0.937
1689099180,+2.81,+18.646, +8.613,+0.937
1689099480,+2.81,+18.672, +8.610,+0.937
1689099780,+2.81,+18.722, +8.608,+0.936
1689100080,+2.81,+18.764, +8.609,+0.936
1689100380,+2.81,+18.781, +8.618,+0.936
1689100680,+2.81,+18.806, +8.617,+0.936
1689100980,+2.81,+18.831, +8.630,+0.937
1689101280,+2.81,+18.856, +8.616,+0.936
1689101580,+2.81,+18.907, +8.630,+0.936
1689101880,+2.81,+18.915, +8.640,+0.937
1689102180,+2.81,+18.957, +8.632,+0.937
1689102480,+2.81,+18.974, +8.654,+0.937
1689102780,+2.82,+19.024, +8.632,+0.937
1689103080,+2.82,+19.049, +8.637,+0.937
1689103380,+2.82,+19.083, +8.647,+0.937
1689103680,+2.82,+19.108, +8.645,+0.936
1689103980,+2.82,+19.125, +8.659,+0.937
1689104280,+2.82,+19.175, +8.654,+0.937
1689104580,+2.82,+19.184, +8.675,+0.937
1689104880,+2.82,+19.226, +8.658,+0.936
1689105180,+2.82,+19.259, +8.662,+0.936
1689105480,+2.82,+19.293, +8.673,+0.937
1689105780,+2.82,+19.318, +8.667,+0.936
1689106080,+2.82,+19.343, +8.682,+0.937
1689106380,+2.82,+19.377, +8.687,+0.937
1689106680,+2.82,+19.393, +8.687,+0.937
1689106980,+2.82,+19.418, +8.681,+0.937
1689107280,+2.82,+19.452, +8.683,+0.936
1689107580,+2.82,+19.494, +8.680,+0.937
1689107880,+2.81,+19.519, +8.688,+0.937
1689108180,+2.81,+19.519, +8.687,+0.937
1689108480,+2.81,+19.553, +8.697,+0.937
1689108780,+2.81,+19.578, +8.685,+0.937
1689109080,+2.81,+19.594, +8.689,+0.937
1689109380,+2.81,+19.628, +8.693,+0.937
1689109680,+2.81,+19.636, +8.701,+0.937
1689109980,+2.81,+19.678, +8.703,+0.937
1689110280,+2.81,+19.678, +8.711,+0.938
1689110580,+2.81,+19.712, +8.697,+0.937
1689110880,+2.81,+19.712, +8.709,+0.937
1689111180,+2.81,+19.754, +8.713,+0.937
1689111480,+2.81,+19.770, +8.716,+0.937
1689111780,+2.81,+19.770, +8.709,+0.936
1689112080,+2.81,+19.804, +8.717,+0.937
1689112380,+2.81,+19.812, +8.723,+0.937
1689112680,+2.81,+19.829, +8.730,+0.937
1689112980,+2.81,+19.854, +8.710,+0.936
1689113280,+2.81,+19.846, +8.730,+0.937
1689113580,+2.81,+19.879, +8.718,+0.936
1689113880,+2.81,+19.896, +8.738,+0.938
1689114180,+2.81,+19.929, +8.714,+0.937
1689114480,+2.81,+19.921, +8.731,+0.937
1689114780,+2.81,+19.955, +8.725,+0.937
1689115080,+2.81,+19.971, +8.731,+0.937
1689115380,+2.81,+19.971, +8.721,+0.937
1689115680,+2.81,+19.971, +8.718,+0.937
1689115980,+2.81,+19.988, +8.715,+0.936
1689116280,+2.81,+20.013, +8.717,+0.937
1689116580,+2.81,+20.021, +8.721,+0.937
1689116880,+2.81,+20.030, +8.724,+0.937
1689117180,+2.81,+20.038, +8.723,+0.937
1689117480,+2.81,+20.038, +8.720,+0.937
1689117780,+2.81,+20.063, +8.723,+0.937
1689118080,+2.81,+20.063, +8.715,+0.937
1689118380,+2.81,+20.072, +8.724,+0.937
1689118680,+2.82,+20.072, +8.732,+0.938
1689118980,+2.82,+20.122, +8.704,+0.937
1689119280,+2.82,+20.097, +8.693,+0.936
1689119580,+2.82,+20.097, +8.692,+0.937
1689119880,+2.82,+20.114, +8.682,+0.937
1689120180,+2.82,+20.097, +8.682,+0.936
1689120480,+2.82,+20.130, +8.682,+0.937
1689120780,+2.82,+20.105, +8.679,+0.938
1689121080,+2.82,+20.105, +8.665,+0.937
1689121380,+2.82,+20.097, +8.657,+0.937
1689121680,+2.82,+20.114, +8.648,+0.937
1689121980,+2.82,+20.105, +8.627,+0.937
1689122280,+2.82,+20.114, +8.619,+0.938
1689122580,+2.82,+20.105, +8.580,+0.936
1689122880,+2.82,+20.088, +8.590,+0.937
1689123180,+2.82,+20.080, +8.581,+0.937
1689123480,+2.82,+20.080, +8.559,+0.937
1689123780,+2.81,+20.072, +8.553,+0.937
1689124080,+2.81,+20.055, +8.535,+0.937
1689124380,+2.81,+20.047, +8.534,+0.938
1689124680,+2.81,+20.038, +8.506,+0.937
1689124980,+2.81,+20.013, +8.498,+0.937
1689125280,+2.81,+20.005, +8.470,+0.937
1689125580,+2.81,+19.996, +8.459,+0.937
1689125880,+2.81,+19.996, +8.426,+0.937
1689126180,+2.81,+19.971, +8.413,+0.937
1689126480,+2.81,+19.963, +8.385,+0.937
1689126780,+2.81,+19.955, +8.380,+0.937
1689127080,+2.81,+19.913, +8.354,+0.936
1689127380,+2.81,+19.913, +8.333,+0.937
1689127680,+2.81,+19.879, +8.315,+0.937
1689127980,+2.81,+19.862, +8.274,+0.937
1689128280,+2.81,+19.854, +8.216,+0.937
1689128580,+2.81,+19.829, +8.193,+0.938
1689128880,+2.81,+19.795, +8.177,+0.937
