7450-529728
OS REV: 1.05 Sensor Cal: 1580916347
Time (sec),  BV (Volts),  T (deg C),  DO (mg/l),  Q ()
1699781880,+2.72, +8.702,+10.344,+0.900
1699782180,+2.72, +8.702,+10.329,+0.900
1699782480,+2.72, +8.721,+10.305,+0.900
1699782780,+2.72, +8.684,+10.339,+0.900
1699783080,+2.72, +8.684,+10.333,+0.900
1699783380,+2.72, +8.684,+10.329,+0.900
1699783680,+2.72, +8.684,+10.310,+0.900
1699783980,+2.72, +8.656,+10.329,+0.899
1699784280,+2.72, +8.684,+10.324,+0.900
1699784580,+2.72, +8.674,+10.337,+0.900
1699784880,+2.72, +8.656,+10.329,+0.900
1699785180,+2.72, +8.637,+10.346,+0.900
1699785480,+2.72, +8.656,+10.322,+0.899
1699785780,+2.72, +8.646,+10.344,+0.900
1699786080,+2.72, +8.637,+10.349,+0.900
1699786380,+2.72, +8.637,+10.308,+0.899
1699786680,+2.72, +8.618,+10.328,+0.899
1699786980,+2.72, +8.627,+10.355,+0.900
1699787280,+2.72, +8.609,+10.340,+0.899
1699787580,+2.72, +8.627,+10.356,+0.900
1699787880,+2.72, +8.609,+10.340,+0.900
1699788180,+2.72, +8.618,+10.347,+0.900
1699788480,+2.73, +8.590,+10.358,+0.899
1699788780,+2.72, +8.581,+10.373,+0.900
1699789080,+2.73, +8.562,+10.351,+0.900
1699789380,+2.72, +8.571,+10.359,+0.900
1699789680,+2.72, +8.571,+10.349,+0.899
1699789980,+2.72, +8.553,+10.356,+0.900
1699790280,+2.72, +8.543,+10.371,+0.900
1699790580,+2.72, +8.553,+10.354,+0.900
1699790880,+2.72, +8.543,+10.362,+0.900
1699791180,+2.72, +8.543,+10.369,+0.900
1699791480,+2.73, +8.524,+10.360,+0.899
1699791780,+2.73, +8.506,+10.377,+0.899
1699792080,+2.73, +8.515,+10.389,+0.900
1699792380,+2.73, +8.487,+10.392,+0.900
1699792680,+2.73, +8.496,+10.387,+0.900
1699792980,+2.73, +8.459,+10.387,+0.900
1699793280,+2.73, +8.459,+10.375,+0.900
1699793580,+2.73, +8.450,+10.368,+0.900
1699793880,+2.73, +8.431,+10.388,+0.900
1699794180,+2.73, +8.431,+10.380,+0.899
1699794480,+2.73, +8.403,+10.406,+0.900
1699794780,+2.73, +8.393,+10.388,+0.899
1699795080,+2.73, +8.384,+10.418,+0.900
1699795380,+2.73, +8.393,+10.407,+0.900
1699795680,+2.73, +8.374,+10.411,+0.900
1699795980,+2.73, +8.374,+10.415,+0.900
1699796280,+2.73, +8.356,+10.410,+0.900
1699796580,+2.73, +8.327,+10.410,+0.899
1699796880,+2.73, +8.337,+10.396,+0.900
1699797180,+2.73, +8.327,+10.404,+0.900
1699797480,+2.73, +8.327,+10.409,+0.900
1699797780,+2.73, +8.327,+10.411,+0.900
1699798080,+2.73, +8.327,+10.397,+0.900
1699798380,+2.73, +8.299,+10.412,+0.900
1699798680,+2.73, +8.299,+10.420,+0.899
1699798980,+2.73, +8.280,+10.416,+0.899
1699799280,+2.73, +8.290,+10.403,+0.899
1699799580,+2.73, +8.290,+10.427,+0.900
1699799880,+2.73, +8.271,+10.433,+0.900
1699800180,+2.73, +8.280,+10.421,+0.899
1699800480,+2.73, +8.262,+10.435,+0.900
1699800780,+2.73, +8.252,+10.449,+0.900
1699801080,+2.73, +8.252,+10.447,+0.900
1699801380,+2.73, +8.243,+10.449,+0.900
1699801680,+2.73, +8.243,+10.458,+0.900
1699801980,+2.73, +8.243,+10.442,+0.900
1699802280,+2.73, +8.233,+10.446,+0.900
1699802580,+2.73, +8.233,+10.430,+0.899
1699802880,+2.73, +8.205,+10.467,+0.900
1699803180,+2.73, +8.224,+10.473,+0.900
1699803480,+2.73, +8.233,+10.454,+0.899
1699803780,+2.73, +8.215,+10.470,+0.899
1699804080,+2.73, +8.233,+10.474,+0.899
1699804380,+2.73, +8.233,+10.521,+0.900
1699804680,+2.73, +8.224,+10.526,+0.900
1699804980,+2.73, +8.224,+10.516,+0.899
1699805280,+2.73, +8.224,+10.541,+0.900
1699805580,+2.73, +8.215,+10.557,+0.899
1699805880,+2.73, +8.233,+10.590,+0.900
1699806180,+2.73, +8.252,+10.574,+0.899
1699806480,+2.73, +8.262,+10.595,+0.899
1699806780,+2.73, +8.233,+10.654,+0.900
1699807080,+2.73, +8.224,+10.661,+0.899
1699807380,+2.73, +8.252,+10.694,+0.900
1699807680,+2.73, +8.243,+10.672,+0.899
1699807980,+2.73, +8.243,+10.688,+0.900
1699808280,+2.73, +8.262,+10.705,+0.900
1699808580,+2.73, +8.252,+10.710,+0.899
1699808880,+2.73, +8.271,+10.725,+0.900
1699809180,+2.73, +8.271,+10.762,+0.899
1699809480,+2.73, +8.290,+10.773,+0.900
1699809780,+2.73, +8.290,+10.788,+0.899
1699810080,+2.73, +8.280,+10.837,+0.900
1699810380,+2.73, +8.318,+10.839,+0.901
1699810680,+2.73, +8.318,+10.825,+0.900
1699810980,+2.73, +8.327,+10.809,+0.899
1699811280,+2.73, +8.327,+10.835,+0.900
1699811580,+2.73, +8.337,+10.860,+0.900
1699811880,+2.73, +8.365,+10.875,+0.900
1699812180,+2.73, +8.374,+10.896,+0.899
1699812480,+2.73, +8.374,+10.959,+0.900
1699812780,+2.73, +8.384,+10.946,+0.899
1699813080,+2.73, +8.412,+10.997,+0.900
1699813380,+2.73, +8.431,+11.023,+0.899
1699813680,+2.73, +8.459,+11.000,+0.899
1699813980,+2.73, +8.459,+11.023,+0.900
1699814280,+2.73, +8.487,+11.015,+0.900
1699814580,+2.73, +8.468,+11.096,+0.900
1699814880,+2.72, +8.515,+11.045,+0.899
1699815180,+2.72, +8.524,+11.059,+0.900
1699815480,+2.72, +8.543,+11.060,+0.900
1699815780,+2.72, +8.562,+11.057,+0.900
1699816080,+2.72, +8.571,+11.060,+0.900
1699816380,+2.72, +8.581,+11.067,+0.900
1699816680,+2.72, +8.599,+11.052,+0.899
1699816980,+2.72, +8.618,+11.086,+0.900
1699817280,+2.72, +8.637,+11.085,+0.900
1699817580,+2.72, +8.618,+11.119,+0.900
1699817880,+2.72, +8.627,+11.120,+0.900
1699818180,+2.72, +8.656,+11.115,+0.899
1699818480,+2.72, +8.684,+11.108,+0.900
1699818780,+2.72, +8.684,+11.115,+0.899
1699819080,+2.72, +8.702,+11.114,+0.899
1699819380,+2.72, +8.684,+11.133,+0.900
1699819680,+2.72, +8.702,+11.138,+0.900
1699819980,+2.72, +8.712,+11.127,+0.900
1699820280,+2.72, +8.721,+11.108,+0.900
1699820580,+2.72, +8.730,+11.141,+0.899
1699820880,+2.72, +8.740,+11.145,+0.900
1699821180,+2.72, +8.749,+11.135,+0.900
1699821480,+2.72, +8.768,+11.131,+0.899
1699821780,+2.72, +8.796,+11.142,+0.899
1699822080,+2.72, +8.805,+11.113,+0.900
1699822380,+2.72, +8.805,+11.118,+0.900
1699822680,+2.72, +8.833,+11.114,+0.899
1699822980,+2.72, +8.842,+11.109,+0.899
1699823280,+2.72, +8.851,+11.123,+0.900
1699823580,+2.72, +8.851,+11.130,+0.899
1699823880,+2.72, +8.879,+11.124,+0.899
1699824180,+2.72, +8.889,+11.121,+0.900
1699824480,+2.73, +8.889,+11.111,+0.900
1699824780,+2.73, +8.879,+11.174,+0.900
1699825080,+2.73, +8.917,+11.130,+0.899
1699825380,+2.73, +8.907,+11.138,+0.900
1699825680,+2.73, +8.917,+11.085,+0.900
1699825980,+2.73, +8.926,+11.040,+0.900
1699826280,+2.73, +8.917,+11.007,+0.899
1699826580,+2.73, +8.917,+11.047,+0.900
1699826880,+2.73, +8.935,+11.030,+0.900
1699827180,+2.73, +8.926,+11.033,+0.900
1699827480,+2.73, +8.963,+11.000,+0.899
1699827780,+2.73, +8.935,+11.025,+0.900
1699828080,+2.73, +8.935,+11.009,+0.899
1699828380,+2.73, +8.926,+10.985,+0.899
1699828680,+2.73, +8.917,+10.984,+0.900
1699828980,+2.73, +8.926,+10.974,+0.900
1699829280,+2.73, +8.898,+10.975,+0.900
1699829580,+2.73, +8.917,+10.955,+0.900
1699829880,+2.73, +8.907,+10.939,+0.900
1699830180,+2.73, +8.898,+10.923,+0.900
1699830480,+2.72, +8.879,+10.887,+0.899
1699830780,+2.73, +8.907,+10.864,+0.900
1699831080,+2.73, +8.898,+10.832,+0.900
1699831380,+2.73, +8.898,+10.802,+0.899
1699831680,+2.73, +8.907,+10.781,+0.899
1699831980,+2.73, +8.889,+10.783,+0.900
1699832280,+2.72, +8.870,+10.775,+0.899
1699832580,+2.72, +8.879,+10.780,+0.900
1699832880,+2.72, +8.851,+10.795,+0.900
1699833180,+2.72, +8.870,+10.816,+0.900
1699833480,+2.72, +8.870,+10.787,+0.899
1699833780,+2.72, +8.870,+10.766,+0.900
1699834080,+2.72, +8.842,+10.759,+0.899
1699834380,+2.72, +8.824,+10.759,+0.900
1699834680,+2.72, +8.833,+10.730,+0.900
1699834980,+2.72, +8.814,+10.702,+0.899
1699835280,+2.72, +8.824,+10.678,+0.899
1699835580,+2.72, +8.814,+10.659,+0.899
1699835880,+2.72, +8.796,+10.646,+0.900
1699836180,+2.72, +8.786,+10.608,+0.900
1699836480,+2.72, +8.786,+10.589,+0.900
1699836780,+2.72, +8.796,+10.550,+0.900
1699837080,+2.72, +8.758,+10.539,+0.900
1699837380,+2.72, +8.740,+10.543,+0.900
1699837680,+2.72, +8.768,+10.526,+0.900
1699837980,+2.72, +8.740,+10.516,+0.899
1699838280,+2.72, +8.758,+10.512,+0.900
1699838580,+2.72, +8.721,+10.500,+0.900
1699838880,+2.72, +8.740,+10.476,+0.899
1699839180,+2.72, +8.712,+10.476,+0.899
1699839480,+2.72, +8.702,+10.459,+0.900
1699839780,+2.72, +8.712,+10.447,+0.900
1699840080,+2.72, +8.693,+10.438,+0.899
1699840380,+2.72, +8.665,+10.440,+0.899
1699840680,+2.72, +8.665,+10.431,+0.899
1699840980,+2.72, +8.684,+10.428,+0.900
1699841280,+2.72, +8.665,+10.422,+0.900
1699841580,+2.72, +8.665,+10.415,+0.900
1699841880,+2.72, +8.618,+10.431,+0.900
1699842180,+2.72, +8.637,+10.412,+0.900
1699842480,+2.72, +8.627,+10.412,+0.900
1699842780,+2.72, +8.618,+10.402,+0.900
1699843080,+2.72, +8.599,+10.402,+0.900
1699843380,+2.72, +8.609,+10.388,+0.899
1699843680,+2.72, +8.609,+10.378,+0.900
1699843980,+2.72, +8.599,+10.395,+0.900
1699844280,+2.72, +8.590,+10.389,+0.900
1699844580,+2.72, +8.571,+10.403,+0.900
1699844880,+2.72, +8.562,+10.382,+0.899
1699845180,+2.72, +8.553,+10.370,+0.900
1699845480,+2.72, +8.553,+10.380,+0.900
1699845780,+2.72, +8.562,+10.356,+0.900
1699846080,+2.72, +8.515,+10.364,+0.899
1699846380,+2.72, +8.524,+10.361,+0.900
1699846680,+2.72, +8.506,+10.375,+0.900
1699846980,+2.72, +8.506,+10.360,+0.900
1699847280,+2.72, +8.496,+10.365,+0.899
1699847580,+2.72, +8.487,+10.367,+0.899
1699847880,+2.73, +8.468,+10.368,+0.900
1699848180,+2.72, +8.487,+10.373,+0.900
1699848480,+2.73, +8.450,+10.370,+0.900
1699848780,+2.73, +8.468,+10.351,+0.900
1699849080,+2.73, +8.450,+10.370,+0.900
1699849380,+2.73, +8.450,+10.357,+0.899
1699849680,+2.73, +8.440,+10.362,+0.899
1699849980,+2.73, +8.431,+10.372,+0.900
1699850280,+2.73, +8.421,+10.373,+0.900
1699850580,+2.73, +8.421,+10.365,+0.900
1699850880,+2.73, +8.431,+10.346,+0.900
1699851180,+2.73, +8.403,+10.371,+0.900
1699851480,+2.73, +8.403,+10.357,+0.900
1699851780,+2.73, +8.393,+10.344,+0.899
1699852080,+2.73, +8.384,+10.355,+0.899
1699852380,+2.73, +8.403,+10.369,+0.900
1699852680,+2.73, +8.374,+10.365,+0.899
1699852980,+2.73, +8.374,+10.372,+0.899
1699853280,+2.73, +8.384,+10.372,+0.900
1699853580,+2.73, +8.374,+10.354,+0.900
1699853880,+2.73, +8.393,+10.315,+0.899
1699854180,+2.73, +8.365,+10.363,+0.900
1699854480,+2.73, +8.356,+10.377,+0.900
1699854780,+2.73, +8.356,+10.357,+0.899
1699855080,+2.73, +8.365,+10.346,+0.899
1699855380,+2.73, +8.346,+10.371,+0.899
1699855680,+2.73, +8.346,+10.391,+0.900
1699855980,+2.73, +8.346,+10.372,+0.900
1699856280,+2.73, +8.337,+10.378,+0.900
1699856580,+2.73, +8.327,+10.382,+0.900
1699856880,+2.73, +8.346,+10.371,+0.899
1699857180,+2.73, +8.346,+10.368,+0.900
1699857480,+2.73, +8.337,+10.367,+0.900
1699857780,+2.73, +8.318,+10.366,+0.900
1699858080,+2.73, +8.318,+10.368,+0.900
1699858380,+2.73, +8.327,+10.366,+0.900
1699858680,+2.73, +8.327,+10.362,+0.900
1699858980,+2.73, +8.318,+10.374,+0.900
1699859280,+2.73, +8.309,+10.354,+0.899
1699859580,+2.73, +8.309,+10.371,+0.899
1699859880,+2.73, +8.309,+10.361,+0.899
1699860180,+2.73, +8.318,+10.386,+0.900
1699860480,+2.73, +8.290,+10.364,+0.899
1699860780,+2.73, +8.309,+10.376,+0.899
1699861080,+2.73, +8.290,+10.385,+0.900
1699861380,+2.73, +8.309,+10.360,+0.899
1699861680,+2.73, +8.299,+10.390,+0.900
1699861980,+2.73, +8.299,+10.376,+0.899
1699862280,+2.73, +8.299,+10.388,+0.900
1699862580,+2.73, +8.280,+10.389,+0.900
1699862880,+2.73, +8.309,+10.383,+0.900
1699863180,+2.73, +8.280,+10.408,+0.900
1699863480,+2.73, +8.290,+10.421,+0.900
1699863780,+2.73, +8.309,+10.389,+0.899
1699864080,+2.73, +8.299,+10.397,+0.900
1699864380,+2.73, +8.299,+10.397,+0.900
1699864680,+2.73, +8.299,+10.377,+0.900
1699864980,+2.73, +8.327,+10.380,+0.900
1699865280,+2.73, +8.309,+10.387,+0.900
1699865580,+2.73, +8.299,+10.396,+0.900
1699865880,+2.73, +8.299,+10.386,+0.899
1699866180,+2.73, +8.309,+10.386,+0.900
1699866480,+2.73, +8.309,+10.382,+0.900
1699866780,+2.73, +8.318,+10.369,+0.900
1699867080,+2.73, +8.290,+10.390,+0.900
1699867380,+2.73, +8.318,+10.367,+0.899
1699867680,+2.73, +8.318,+10.377,+0.900
1699867980,+2.73, +8.318,+10.379,+0.899
1699868280,+2.73, +8.299,+10.389,+0.900
