7450-521120
OS REV: 1.04 Sensor Cal: 1570120153
Time (sec),  BV (Volts),  T (deg C),  DO (mg/l),  Q ()
1658802840,+3.16,+28.243, +7.490,+0.940
1658803140,+3.17,+27.706, +7.346,+0.939
1658803440,+3.17,+26.643, +7.593,+0.939
1658803740,+3.16,+26.380, +7.665,+0.938
1658804040,+3.17,+26.516, +7.605,+0.939
1658804340,+3.17,+26.660, +7.664,+0.939
1658804640,+3.17,+24.079, +7.907,+0.938
1658804940,+3.18,+23.441, +8.008,+0.938
1658805240,+3.17,+23.257, +8.034,+0.938
1658805540,+3.17,+23.148, +8.032,+0.938
1658805840,+3.17,+23.081, +8.031,+0.939
1658806140,+3.17,+23.055, +8.018,+0.939
1658806440,+3.17,+22.997, +8.009,+0.939
1658806740,+3.17,+22.946, +8.002,+0.939
1658807040,+3.17,+22.938, +7.972,+0.938
1658807340,+3.17,+22.930, +7.963,+0.939
1658807640,+3.17,+22.879, +7.953,+0.939
1658807940,+3.17,+22.879, +7.929,+0.938
1658808240,+3.17,+22.846, +7.908,+0.938
1658808540,+3.17,+22.838, +7.894,+0.938
1658808840,+3.17,+22.812, +7.880,+0.938
1658809140,+3.17,+22.804, +7.874,+0.938
1658809440,+3.18,+22.754, +7.872,+0.939
1658809740,+3.17,+22.754, +7.845,+0.938
1658810040,+3.18,+22.729, +7.847,+0.939
1658810340,+3.18,+22.729, +7.824,+0.938
1658810640,+3.18,+22.687, +7.826,+0.938
1658810940,+3.18,+22.687, +7.809,+0.938
1658811240,+3.18,+22.662, +7.802,+0.938
1658811540,+3.18,+22.620, +7.808,+0.939
1658811840,+3.18,+22.603, +7.791,+0.938
1658812140,+3.18,+22.595, +7.787,+0.938
1658812440,+3.18,+22.578, +7.770,+0.937
1658812740,+3.18,+22.578, +7.772,+0.938
1658813040,+3.18,+22.544, +7.771,+0.938
1658813340,+3.18,+22.528, +7.774,+0.938
1658813640,+3.18,+22.503, +7.761,+0.938
1658813940,+3.18,+22.477, +7.760,+0.938
1658814240,+3.18,+22.469, +7.760,+0.938
1658814540,+3.18,+22.444, +7.756,+0.938
1658814840,+3.18,+22.410, +7.753,+0.938
1658815140,+3.18,+22.394, +7.747,+0.937
1658815440,+3.18,+22.394, +7.748,+0.938
1658815740,+3.18,+22.385, +7.741,+0.937
1658816040,+3.18,+22.352, +7.745,+0.938
1658816340,+3.18,+22.327, +7.744,+0.938
1658816640,+3.18,+22.302, +7.745,+0.938
1658816940,+3.18,+22.293, +7.748,+0.938
1658817240,+3.18,+22.293, +7.746,+0.938
1658817540,+3.18,+22.260, +7.742,+0.937
1658817840,+3.18,+22.226, +7.752,+0.938
1658818140,+3.18,+22.218, +7.749,+0.938
1658818440,+3.18,+22.193, +7.749,+0.938
1658818740,+3.17,+22.176, +7.750,+0.938
1658819040,+3.17,+22.143, +7.758,+0.938
1658819340,+3.17,+22.143, +7.753,+0.938
1658819640,+3.17,+22.117, +7.754,+0.938
1658819940,+3.17,+22.084, +7.755,+0.938
1658820240,+3.17,+22.092, +7.754,+0.938
1658820540,+3.17,+22.059, +7.753,+0.938
1658820840,+3.17,+22.042, +7.757,+0.938
1658821140,+3.17,+22.050, +7.749,+0.937
1658821440,+3.17,+22.009, +7.758,+0.938
1658821740,+3.17,+22.009, +7.758,+0.938
1658822040,+3.17,+21.975, +7.764,+0.938
1658822340,+3.17,+22.000, +7.748,+0.938
1658822640,+3.17,+21.958, +7.761,+0.938
1658822940,+3.17,+21.967, +7.760,+0.938
1658823240,+3.17,+21.917, +7.771,+0.938
1658823540,+3.17,+21.925, +7.770,+0.938
1658823840,+3.17,+21.917, +7.766,+0.938
1658824140,+3.17,+21.891, +7.768,+0.938
1658824440,+3.17,+21.900, +7.767,+0.937
1658824740,+3.17,+21.850, +7.786,+0.938
1658825040,+3.17,+21.850, +7.772,+0.937
1658825340,+3.17,+21.841, +7.768,+0.937
1658825640,+3.17,+21.825, +7.777,+0.937
1658825940,+3.18,+21.808, +7.777,+0.937
1658826240,+3.18,+21.799, +7.781,+0.938
1658826540,+3.17,+21.783, +7.781,+0.937
1658826840,+3.18,+21.766, +7.782,+0.937
1658827140,+3.18,+21.766, +7.790,+0.938
1658827440,+3.18,+21.766, +7.791,+0.938
1658827740,+3.18,+21.758, +7.784,+0.938
1658828040,+3.18,+21.724, +7.791,+0.937
1658828340,+3.18,+21.732, +7.793,+0.938
1658828640,+3.18,+21.732, +7.790,+0.938
1658828940,+3.18,+21.716, +7.794,+0.938
1658829240,+3.18,+21.699, +7.797,+0.938
1658829540,+3.18,+21.716, +7.793,+0.938
1658829840,+3.18,+21.699, +7.783,+0.937
1658830140,+3.18,+21.699, +7.799,+0.938
1658830440,+3.18,+21.674, +7.796,+0.937
1658830740,+3.18,+21.682, +7.798,+0.938
1658831040,+3.18,+21.674, +7.800,+0.938
1658831340,+3.18,+21.640, +7.792,+0.937
1658831640,+3.18,+21.632, +7.800,+0.937
1658831940,+3.18,+21.615, +7.813,+0.938
1658832240,+3.18,+21.640, +7.805,+0.938
1658832540,+3.18,+21.624, +7.806,+0.938
1658832840,+3.18,+21.615, +7.804,+0.938
1658833140,+3.18,+21.624, +7.801,+0.937
1658833440,+3.18,+21.599, +7.810,+0.938
1658833740,+3.18,+21.590, +7.811,+0.938
1658834040,+3.18,+21.599, +7.800,+0.937
1658834340,+3.18,+21.573, +7.813,+0.937
1658834640,+3.18,+21.590, +7.810,+0.937
1658834940,+3.18,+21.565, +7.823,+0.938
1658835240,+3.18,+21.565, +7.815,+0.938
1658835540,+3.18,+21.573, +7.808,+0.937
1658835840,+3.18,+21.557, +7.810,+0.937
1658836140,+3.18,+21.540, +7.822,+0.937
1658836440,+3.18,+21.523, +7.817,+0.937
1658836740,+3.18,+21.532, +7.823,+0.937
1658837040,+3.18,+21.523, +7.826,+0.938
1658837340,+3.18,+21.515, +7.835,+0.938
1658837640,+3.18,+21.515, +7.826,+0.937
1658837940,+3.18,+21.498, +7.824,+0.937
1658838240,+3.18,+21.498, +7.823,+0.937
1658838540,+3.18,+21.515, +7.821,+0.937
1658838840,+3.18,+21.498, +7.832,+0.938
1658839140,+3.18,+21.490, +7.837,+0.938
1658839440,+3.18,+21.473, +7.827,+0.937
1658839740,+3.18,+21.473, +7.833,+0.937
1658840040,+3.18,+21.473, +7.827,+0.937
1658840340,+3.18,+21.473, +7.838,+0.938
1658840640,+3.18,+21.440, +7.852,+0.938
1658840940,+3.18,+21.448, +7.836,+0.937
1658841240,+3.18,+21.448, +7.834,+0.937
1658841540,+3.18,+21.431, +7.854,+0.938
1658841840,+3.18,+21.431, +7.838,+0.937
1658842140,+3.18,+21.414, +7.817,+0.937
1658842440,+3.18,+21.398, +7.817,+0.938
1658842740,+3.18,+21.398, +7.831,+0.937
1658843040,+3.18,+21.389, +7.814,+0.937
1658843340,+3.18,+21.414, +7.902,+0.938
1658843640,+3.18,+21.398, +7.891,+0.937
1658843940,+3.18,+21.398, +7.904,+0.938
1658844240,+3.18,+21.373, +7.917,+0.938
1658844540,+3.18,+21.398, +7.917,+0.937
1658844840,+3.18,+21.381, +7.927,+0.937
1658845140,+3.18,+21.381, +7.936,+0.937
1658845440,+3.18,+21.364, +7.959,+0.938
1658845740,+3.18,+21.364, +7.970,+0.938
1658846040,+3.18,+21.373, +7.973,+0.937
1658846340,+3.18,+21.373, +8.003,+0.938
1658846640,+3.18,+21.348, +8.013,+0.937
1658846940,+3.18,+21.356, +8.034,+0.938
1658847240,+3.18,+21.364, +8.044,+0.938
1658847540,+3.18,+21.356, +8.074,+0.938
1658847840,+3.18,+21.364, +8.070,+0.938
1658848140,+3.18,+21.381, +8.097,+0.938
1658848440,+3.18,+21.381, +8.108,+0.938
1658848740,+3.18,+21.381, +8.130,+0.938
1658849040,+3.18,+21.373, +8.155,+0.938
1658849340,+3.18,+21.398, +8.180,+0.938
1658849640,+3.18,+21.398, +8.186,+0.937
1658849940,+3.18,+21.389, +8.215,+0.938
1658850240,+3.18,+21.406, +8.218,+0.938
1658850540,+3.18,+21.406, +8.233,+0.938
1658850840,+3.18,+21.406, +8.246,+0.938
1658851140,+3.18,+21.398, +8.264,+0.938
1658851440,+3.18,+21.414, +8.275,+0.938
1658851740,+3.18,+21.406, +8.291,+0.938
1658852040,+3.18,+21.431, +8.314,+0.938
1658852340,+3.18,+21.431, +8.320,+0.938
1658852640,+3.18,+21.431, +8.346,+0.938
1658852940,+3.18,+21.456, +8.359,+0.938
1658853240,+3.18,+21.490, +8.372,+0.938
1658853540,+3.18,+21.490, +8.394,+0.938
1658853840,+3.18,+21.498, +8.409,+0.938
1658854140,+3.18,+21.515, +8.417,+0.938
1658854440,+3.18,+21.523, +8.439,+0.938
1658854740,+3.18,+21.557, +8.448,+0.938
1658855040,+3.18,+21.590, +8.459,+0.938
1658855340,+3.18,+21.590, +8.480,+0.938
1658855640,+3.18,+21.624, +8.482,+0.938
1658855940,+3.18,+21.666, +8.507,+0.938
1658856240,+3.18,+21.674, +8.511,+0.938
1658856540,+3.18,+21.682, +8.528,+0.938
1658856840,+3.18,+21.716, +8.542,+0.938
1658857140,+3.17,+21.783, +8.548,+0.938
1658857440,+3.17,+21.783, +8.562,+0.938
1658857740,+3.17,+21.816, +8.576,+0.938
1658858040,+3.17,+21.841, +8.572,+0.938
1658858340,+3.17,+21.875, +8.605,+0.939
1658858640,+3.17,+21.933, +8.596,+0.938
1658858940,+3.17,+21.933, +8.619,+0.938
1658859240,+3.17,+21.984, +8.624,+0.938
1658859540,+3.17,+22.034, +8.630,+0.938
1658859840,+3.17,+22.059, +8.646,+0.939
1658860140,+3.17,+22.109, +8.646,+0.938
1658860440,+3.17,+22.151, +8.652,+0.938
1658860740,+3.18,+22.193, +8.654,+0.938
1658861040,+3.18,+22.226, +8.684,+0.940
1658861340,+3.18,+22.268, +8.674,+0.939
1658861640,+3.18,+22.310, +8.673,+0.938
1658861940,+3.18,+22.352, +8.681,+0.938
1658862240,+3.18,+22.385, +8.683,+0.938
1658862540,+3.18,+22.452, +8.692,+0.939
1658862840,+3.18,+22.486, +8.692,+0.938
1658863140,+3.18,+22.511, +8.712,+0.939
1658863440,+3.18,+22.536, +8.713,+0.939
1658863740,+3.18,+22.595, +8.714,+0.939
1658864040,+3.17,+22.662, +8.720,+0.939
1658864340,+3.17,+22.712, +8.715,+0.938
1658864640,+3.17,+22.745, +8.734,+0.939
1658864940,+3.17,+22.812, +8.732,+0.939
1658865240,+3.17,+22.863, +8.721,+0.939
1658865540,+3.17,+22.921, +8.719,+0.938
1658865840,+3.17,+22.946, +8.730,+0.939
1658866140,+3.17,+23.013, +8.736,+0.940
1658866440,+3.17,+23.047, +8.731,+0.939
1658866740,+3.17,+23.072, +8.729,+0.939
1658867040,+3.17,+23.122, +8.730,+0.939
1658867340,+3.17,+23.173, +8.739,+0.939
1658867640,+3.17,+23.240, +8.716,+0.939
1658867940,+3.17,+23.257, +8.730,+0.939
1658868240,+3.18,+23.290, +8.737,+0.939
1658868540,+3.18,+23.332, +8.733,+0.940
1658868840,+3.18,+23.382, +8.723,+0.939
1658869140,+3.18,+23.433, +8.718,+0.940
1658869440,+3.18,+23.458, +8.717,+0.939
1658869740,+3.18,+23.516, +8.700,+0.939
1658870040,+3.18,+23.550, +8.707,+0.939
1658870340,+3.17,+23.592, +8.710,+0.939
1658870640,+3.17,+23.592, +8.695,+0.939
1658870940,+3.17,+23.642, +8.693,+0.939
1658871240,+3.17,+23.659, +8.694,+0.939
1658871540,+3.17,+23.726, +8.687,+0.939
1658871840,+3.17,+23.718, +8.689,+0.940
1658872140,+3.17,+23.777, +8.689,+0.940
1658872440,+3.17,+23.810, +8.690,+0.940
1658872740,+3.17,+23.810, +8.693,+0.940
1658873040,+3.17,+23.844, +8.689,+0.940
1658873340,+3.17,+23.886, +8.665,+0.940
1658873640,+3.17,+23.860, +8.672,+0.940
1658873940,+3.17,+23.869, +8.670,+0.940
1658874240,+3.17,+23.886, +8.650,+0.940
1658874540,+3.17,+23.902, +8.658,+0.940
1658874840,+3.17,+23.919, +8.634,+0.939
1658875140,+3.17,+23.936, +8.645,+0.940
1658875440,+3.17,+23.970, +8.621,+0.940
1658875740,+3.17,+23.995, +8.638,+0.940
1658876040,+3.17,+24.020, +8.618,+0.939
1658876340,+3.17,+24.012, +8.630,+0.940
1658876640,+3.17,+24.054, +8.609,+0.939
1658876940,+3.17,+24.045, +8.610,+0.940
1658877240,+3.17,+24.062, +8.611,+0.940
1658877540,+3.17,+24.070, +8.605,+0.940
1658877840,+3.17,+24.104, +8.599,+0.940
1658878140,+3.17,+24.112, +8.584,+0.940
1658878440,+3.17,+24.087, +8.574,+0.940
1658878740,+3.17,+24.096, +8.572,+0.940
1658879040,+3.17,+24.087, +8.567,+0.940
1658879340,+3.17,+24.112, +8.562,+0.940
1658879640,+3.17,+24.087, +8.550,+0.940
1658879940,+3.17,+24.096, +8.537,+0.940
1658880240,+3.17,+24.104, +8.542,+0.940
1658880540,+3.17,+24.104, +8.520,+0.939
1658880840,+3.17,+24.070, +8.523,+0.940
1658881140,+3.17,+24.104, +8.523,+0.940
1658881440,+3.17,+24.104, +8.496,+0.940
1658881740,+3.17,+24.087, +8.491,+0.939
1658882040,+3.17,+24.079, +8.492,+0.940
1658882340,+3.17,+24.096, +8.471,+0.939
1658882640,+3.17,+24.070, +8.481,+0.940
1658882940,+3.17,+24.054, +8.453,+0.939
1658883240,+3.17,+24.045, +8.444,+0.939
1658883540,+3.17,+24.012, +8.443,+0.939
1658883840,+3.17,+24.003, +8.442,+0.940
1658884140,+3.17,+23.970, +8.429,+0.940
1658884440,+3.17,+23.936, +8.421,+0.940
1658884740,+3.17,+23.928, +8.409,+0.940
1658885040,+3.17,+23.902, +8.394,+0.939
1658885340,+3.17,+23.894, +8.384,+0.940
1658885640,+3.17,+23.844, +8.382,+0.940
1658885940,+3.17,+23.844, +8.349,+0.939
1658886240,+3.17,+23.793, +8.349,+0.940
1658886540,+3.17,+23.785, +8.330,+0.940
1658886840,+3.17,+23.743, +8.307,+0.939
1658887140,+3.17,+23.718, +8.291,+0.939
1658887440,+3.17,+23.693, +8.282,+0.940
1658887740,+3.17,+23.642, +8.275,+0.940
1658888040,+3.17,+23.617, +8.248,+0.940
1658888340,+3.17,+23.584, +8.234,+0.940
1658888640,+3.17,+23.542, +8.218,+0.939
1658888940,+3.17,+23.542, +8.194,+0.939
1658889240,+3.17,+23.516, +8.180,+0.939
