7450-521120
OS REV: 1.04 Sensor Cal: 1570120153
Time (sec),  BV (Volts),  T (deg C),  DO (mg/l),  Q ()
1662444240,+3.14,+21.431, +6.490,+0.932
1662444540,+3.14,+21.414, +6.532,+0.932
1662444840,+3.14,+21.406, +6.486,+0.931
1662445140,+3.14,+21.373, +6.513,+0.932
1662445440,+3.14,+21.348, +6.484,+0.931
1662445740,+3.14,+21.331, +6.525,+0.931
1662446040,+3.14,+21.306, +6.459,+0.931
1662446340,+3.14,+21.281, +6.490,+0.931
1662446640,+3.14,+21.255, +6.460,+0.931
1662446940,+3.14,+21.247, +6.514,+0.931
1662447240,+3.14,+21.230, +6.473,+0.931
1662447540,+3.14,+21.214, +6.434,+0.931
1662447840,+3.14,+21.180, +6.464,+0.932
1662448140,+3.14,+21.172, +6.483,+0.931
1662448440,+3.14,+21.155, +6.459,+0.931
1662448740,+3.14,+21.130, +6.427,+0.931
1662449040,+3.14,+21.130, +6.476,+0.931
1662449340,+3.14,+21.088, +6.426,+0.932
1662449640,+3.14,+21.088, +6.508,+0.932
1662449940,+3.14,+21.071, +6.541,+0.932
1662450240,+3.14,+21.038, +6.500,+0.931
1662450540,+3.14,+21.021, +6.435,+0.931
1662450840,+3.14,+21.004, +6.365,+0.931
1662451140,+3.14,+20.979, +6.409,+0.931
1662451440,+3.14,+20.963, +6.481,+0.931
1662451740,+3.14,+20.946, +6.491,+0.932
1662452040,+3.14,+20.929, +6.469,+0.931
1662452340,+3.14,+20.896, +6.412,+0.931
1662452640,+3.14,+20.887, +6.454,+0.931
1662452940,+3.14,+20.862, +6.465,+0.931
1662453240,+3.14,+20.837, +6.427,+0.931
1662453540,+3.14,+20.803, +6.489,+0.931
1662453840,+3.14,+20.812, +6.436,+0.931
1662454140,+3.14,+20.778, +6.470,+0.931
1662454440,+3.14,+20.778, +6.482,+0.931
1662454740,+3.14,+20.737, +6.545,+0.931
1662455040,+3.14,+20.737, +6.485,+0.931
1662455340,+3.14,+20.720, +6.497,+0.931
1662455640,+3.14,+20.695, +6.419,+0.931
1662455940,+3.14,+20.678, +6.433,+0.931
1662456240,+3.14,+20.653, +6.465,+0.931
1662456540,+3.14,+20.636, +6.505,+0.931
1662456840,+3.14,+20.619, +6.530,+0.931
1662457140,+3.14,+20.586, +6.533,+0.931
1662457440,+3.14,+20.586, +6.522,+0.931
1662457740,+3.14,+20.552, +6.524,+0.931
1662458040,+3.14,+20.519, +6.458,+0.931
1662458340,+3.14,+20.485, +6.546,+0.931
1662458640,+3.14,+20.477, +6.548,+0.931
1662458940,+3.14,+20.477, +6.489,+0.931
1662459240,+3.14,+20.435, +6.477,+0.930
1662459540,+3.14,+20.418, +6.535,+0.931
1662459840,+3.14,+20.385, +6.485,+0.931
1662460140,+3.14,+20.351, +6.510,+0.931
1662460440,+3.14,+20.376, +6.450,+0.930
1662460740,+3.14,+20.343, +6.524,+0.931
1662461040,+3.14,+20.318, +6.527,+0.931
1662461340,+3.14,+20.309, +6.549,+0.931
1662461640,+3.14,+20.259, +6.519,+0.931
1662461940,+3.14,+20.268, +6.479,+0.931
1662462240,+3.14,+20.234, +6.543,+0.931
1662462540,+3.14,+20.209, +6.545,+0.931
1662462840,+3.14,+20.192, +6.558,+0.931
1662463140,+3.14,+20.184, +6.579,+0.931
1662463440,+3.14,+20.142, +6.509,+0.930
1662463740,+3.14,+20.142, +6.543,+0.931
1662464040,+3.14,+20.125, +6.568,+0.931
1662464340,+3.14,+20.092, +6.508,+0.931
1662464640,+3.14,+20.050, +6.520,+0.931
1662464940,+3.14,+20.050, +6.549,+0.931
1662465240,+3.14,+20.041, +6.548,+0.930
1662465540,+3.14,+20.008, +6.506,+0.931
1662465840,+3.14,+19.991, +6.551,+0.931
1662466140,+3.14,+19.983, +6.585,+0.930
1662466440,+3.14,+19.958, +6.575,+0.930
1662466740,+3.14,+19.941, +6.610,+0.931
1662467040,+3.14,+19.924, +6.604,+0.931
1662467340,+3.14,+19.916, +6.580,+0.930
1662467640,+3.14,+19.899, +6.637,+0.930
1662467940,+3.14,+19.882, +6.654,+0.931
1662468240,+3.14,+19.849, +6.586,+0.931
1662468540,+3.14,+19.840, +6.606,+0.930
1662468840,+3.14,+19.824, +6.664,+0.930
1662469140,+3.14,+19.824, +6.600,+0.931
1662469440,+3.14,+19.790, +6.610,+0.931
1662469740,+3.14,+19.773, +6.653,+0.931
1662470040,+3.14,+19.773, +6.656,+0.931
1662470340,+3.14,+19.765, +6.592,+0.931
1662470640,+3.14,+19.723, +6.573,+0.930
1662470940,+3.14,+19.698, +6.604,+0.931
1662471240,+3.14,+19.706, +6.599,+0.931
1662471540,+3.14,+19.689, +6.596,+0.931
1662471840,+3.14,+19.664, +6.561,+0.930
1662472140,+3.14,+19.647, +6.621,+0.930
1662472440,+3.14,+19.639, +6.797,+0.931
1662472740,+3.14,+19.622, +6.759,+0.931
1662473040,+3.14,+19.614, +6.782,+0.930
1662473340,+3.14,+19.606, +6.891,+0.930
1662473640,+3.14,+19.597, +6.931,+0.931
1662473940,+3.14,+19.580, +6.980,+0.931
1662474240,+3.14,+19.564, +6.975,+0.931
1662474540,+3.14,+19.555, +7.043,+0.931
1662474840,+3.14,+19.564, +7.125,+0.931
1662475140,+3.14,+19.530, +7.178,+0.932
1662475440,+3.14,+19.522, +7.155,+0.931
1662475740,+3.14,+19.522, +7.196,+0.931
1662476040,+3.14,+19.496, +7.274,+0.931
1662476340,+3.14,+19.496, +7.310,+0.931
1662476640,+3.14,+19.496, +7.361,+0.931
1662476940,+3.14,+19.480, +7.378,+0.931
1662477240,+3.14,+19.463, +7.384,+0.931
1662477540,+3.14,+19.480, +7.370,+0.931
1662477840,+3.14,+19.463, +7.443,+0.932
1662478140,+3.14,+19.463, +7.498,+0.931
1662478440,+3.14,+19.463, +7.505,+0.931
1662478740,+3.14,+19.471, +7.537,+0.931
1662479040,+3.14,+19.463, +7.565,+0.932
1662479340,+3.14,+19.438, +7.595,+0.932
1662479640,+3.14,+19.455, +7.663,+0.932
1662479940,+3.14,+19.463, +7.704,+0.932
1662480240,+3.14,+19.446, +7.757,+0.931
1662480540,+3.14,+19.471, +7.823,+0.931
1662480840,+3.14,+19.446, +7.887,+0.932
1662481140,+3.14,+19.463, +7.900,+0.932
1662481440,+3.14,+19.471, +7.952,+0.931
1662481740,+3.14,+19.471, +8.022,+0.932
1662482040,+3.14,+19.505, +8.047,+0.932
1662482340,+3.14,+19.522, +8.064,+0.932
1662482640,+3.14,+19.538, +8.115,+0.932
1662482940,+3.14,+19.555, +8.131,+0.932
1662483240,+3.14,+19.564, +8.205,+0.932
1662483540,+3.14,+19.580, +8.228,+0.932
1662483840,+3.14,+19.597, +8.262,+0.932
1662484140,+3.14,+19.631, +8.321,+0.932
1662484440,+3.14,+19.639, +8.381,+0.932
1662484740,+3.14,+19.656, +8.463,+0.932
1662485040,+3.14,+19.664, +8.508,+0.932
1662485340,+3.14,+19.706, +8.567,+0.933
1662485640,+3.14,+19.740, +8.591,+0.933
1662485940,+3.14,+19.748, +8.604,+0.932
1662486240,+3.14,+19.756, +8.635,+0.932
1662486540,+3.14,+19.807, +8.670,+0.933
1662486840,+3.14,+19.849, +8.730,+0.932
1662487140,+3.14,+19.907, +8.776,+0.933
1662487440,+3.14,+19.932, +8.880,+0.932
1662487740,+3.14,+19.958, +9.044,+0.933
1662488040,+3.14,+20.008, +9.171,+0.933
1662488340,+3.14,+20.067, +9.392,+0.933
1662488640,+3.14,+20.117, +9.662,+0.933
1662488940,+3.14,+20.184, +9.984,+0.933
1662489240,+3.14,+20.217, +9.779,+0.934
1662489540,+3.14,+20.251, +9.523,+0.933
1662489840,+3.14,+20.301, +9.702,+0.934
1662490140,+3.14,+20.335, +9.764,+0.933
1662490440,+3.14,+20.393, +9.855,+0.933
1662490740,+3.14,+20.460,+10.293,+0.933
1662491040,+3.14,+20.527,+10.081,+0.933
1662491340,+3.14,+20.577,+10.208,+0.933
1662491640,+3.14,+20.628,+10.276,+0.933
1662491940,+3.14,+20.720,+10.980,+0.933
1662492240,+3.14,+20.728,+10.038,+0.934
1662492540,+3.14,+20.795, +9.813,+0.934
1662492840,+3.14,+20.854,+10.583,+0.933
1662493140,+3.14,+20.904,+10.879,+0.933
1662493440,+3.14,+20.963,+10.381,+0.934
1662493740,+3.14,+20.996,+10.249,+0.934
1662494040,+3.14,+21.063,+10.497,+0.934
1662494340,+3.14,+21.122,+11.163,+0.934
1662494640,+3.14,+21.155,+11.368,+0.934
1662494940,+3.14,+21.222,+12.177,+0.933
1662495240,+3.14,+21.281,+11.911,+0.933
1662495540,+3.14,+21.389,+13.190,+0.932
1662495840,+3.14,+21.465,+13.795,+0.932
1662496140,+3.14,+21.532,+14.017,+0.933
1662496440,+3.14,+21.632,+14.828,+0.932
1662496740,+3.14,+21.682,+14.860,+0.931
1662497040,+3.14,+21.741,+14.494,+0.932
1662497340,+3.14,+21.808,+14.831,+0.930
1662497640,+3.14,+21.841,+14.710,+0.931
1662497940,+3.14,+21.925,+15.070,+0.930
1662498240,+3.14,+21.984,+15.229,+0.929
1662498540,+3.14,+21.992,+15.123,+0.931
1662498840,+3.14,+22.076,+15.190,+0.930
1662499140,+3.13,+22.101,+15.596,+0.929
1662499440,+3.14,+22.184,+15.464,+0.930
1662499740,+3.14,+22.268,+15.648,+0.929
1662500040,+3.14,+22.310,+15.714,+0.930
1662500340,+3.14,+22.360,+16.093,+0.929
1662500640,+3.14,+22.385,+15.440,+0.929
1662500940,+3.14,+22.427,+15.755,+0.928
1662501240,+3.14,+22.477,+16.014,+0.929
1662501540,+3.14,+22.570,+16.099,+0.928
1662501840,+3.14,+22.595,+15.712,+0.929
1662502140,+3.14,+22.603,+15.492,+0.928
1662502440,+3.14,+22.637,+14.880,+0.929
1662502740,+3.14,+22.720,+16.065,+0.930
1662503040,+3.14,+22.771,+16.094,+0.929
1662503340,+3.14,+22.812,+16.149,+0.929
1662503640,+3.14,+22.846,+15.921,+0.928
1662503940,+3.14,+22.896,+15.835,+0.927
1662504240,+3.14,+22.921,+15.780,+0.927
1662504540,+3.13,+22.963,+15.512,+0.927
1662504840,+3.13,+23.005,+15.743,+0.929
1662505140,+3.13,+23.022,+16.180,+0.929
1662505440,+3.13,+23.047,+15.977,+0.928
1662505740,+3.13,+23.097,+15.775,+0.928
1662506040,+3.13,+23.097,+15.289,+0.927
1662506340,+3.13,+23.122,+15.217,+0.927
1662506640,+3.13,+23.148,+14.889,+0.928
1662506940,+3.13,+23.173,+15.104,+0.927
1662507240,+3.13,+23.181,+15.127,+0.927
1662507540,+3.13,+23.189,+15.208,+0.928
1662507840,+3.13,+23.231,+15.653,+0.928
1662508140,+3.13,+23.231,+15.268,+0.928
1662508440,+3.14,+23.248,+15.408,+0.929
1662508740,+3.14,+23.257,+14.662,+0.928
1662509040,+3.14,+23.257,+14.857,+0.927
1662509340,+3.14,+23.273,+14.578,+0.928
1662509640,+3.14,+23.282,+14.497,+0.928
1662509940,+3.14,+23.257,+14.371,+0.929
1662510240,+3.14,+23.282,+14.314,+0.929
1662510540,+3.14,+23.273,+14.246,+0.930
1662510840,+3.14,+23.257,+14.559,+0.931
1662511140,+3.14,+23.248,+13.741,+0.929
1662511440,+3.13,+23.231,+13.398,+0.929
1662511740,+3.13,+23.215,+13.523,+0.929
1662512040,+3.13,+23.198,+12.784,+0.930
1662512340,+3.13,+23.181,+12.658,+0.931
1662512640,+3.13,+23.173,+12.151,+0.931
1662512940,+3.13,+23.139,+12.101,+0.933
1662513240,+3.13,+23.131,+11.964,+0.932
1662513540,+3.13,+23.106,+11.702,+0.933
1662513840,+3.13,+23.097,+11.192,+0.933
1662514140,+3.13,+23.072,+10.825,+0.934
1662514440,+3.13,+23.039,+10.298,+0.933
1662514740,+3.13,+23.013, +9.948,+0.934
1662515040,+3.13,+22.972, +8.592,+0.934
1662515340,+3.13,+22.938, +8.119,+0.934
1662515640,+3.13,+22.938, +7.892,+0.933
1662515940,+3.13,+22.905, +7.775,+0.933
1662516240,+3.14,+22.854, +7.673,+0.933
1662516540,+3.14,+22.838, +7.572,+0.932
1662516840,+3.14,+22.804, +7.523,+0.932
1662517140,+3.14,+22.804, +7.396,+0.932
1662517440,+3.14,+22.754, +7.250,+0.932
1662517740,+3.14,+22.729, +7.179,+0.931
1662518040,+3.14,+22.720, +7.075,+0.932
1662518340,+3.14,+22.687, +7.027,+0.931
1662518640,+3.14,+22.645, +6.978,+0.931
1662518940,+3.14,+22.637, +6.902,+0.931
1662519240,+3.14,+22.603, +6.946,+0.931
1662519540,+3.14,+22.553, +6.907,+0.931
1662519840,+3.14,+22.561, +6.852,+0.931
1662520140,+3.14,+22.553, +6.784,+0.932
1662520440,+3.14,+22.519, +6.818,+0.931
1662520740,+3.14,+22.477, +6.786,+0.931
1662521040,+3.14,+22.452, +6.700,+0.931
1662521340,+3.14,+22.427, +6.751,+0.932
1662521640,+3.14,+22.402, +6.750,+0.931
1662521940,+3.14,+22.377, +6.750,+0.932
1662522240,+3.14,+22.369, +6.752,+0.931
1662522540,+3.14,+22.343, +6.741,+0.932
1662522840,+3.14,+22.293, +6.685,+0.931
1662523140,+3.14,+22.293, +6.647,+0.931
1662523440,+3.14,+22.268, +6.605,+0.931
1662523740,+3.14,+22.243, +6.645,+0.931
1662524040,+3.14,+22.210, +6.623,+0.931
1662524340,+3.14,+22.201, +6.634,+0.931
1662524640,+3.14,+22.168, +6.629,+0.931
1662524940,+3.13,+22.134, +6.592,+0.931
1662525240,+3.13,+22.117, +6.603,+0.931
1662525540,+3.13,+22.092, +6.563,+0.931
1662525840,+3.13,+22.076, +6.571,+0.931
1662526140,+3.13,+22.042, +6.579,+0.931
1662526440,+3.13,+22.050, +6.522,+0.931
1662526740,+3.14,+22.000, +6.533,+0.931
1662527040,+3.13,+22.000, +6.532,+0.931
1662527340,+3.14,+21.984, +6.516,+0.931
1662527640,+3.14,+21.950, +6.502,+0.931
1662527940,+3.14,+21.942, +6.511,+0.931
1662528240,+3.14,+21.925, +6.547,+0.931
1662528540,+3.14,+21.883, +6.515,+0.931
1662528840,+3.14,+21.866, +6.551,+0.931
1662529140,+3.14,+21.866, +6.515,+0.931
1662529440,+3.14,+21.816, +6.506,+0.931
1662529740,+3.14,+21.825, +6.488,+0.931
1662530040,+3.14,+21.791, +6.475,+0.931
1662530340,+3.14,+21.774, +6.446,+0.931
1662530640,+3.14,+21.741, +6.390,+0.931
