7450-521120
OS REV: 1.04 Sensor Cal: 1570120153
Time (sec),  BV (Volts),  T (deg C),  DO (mg/l),  Q ()
1658459460,+3.19,+21.431, +8.224,+0.941
1658459760,+3.19,+21.414, +8.200,+0.940
1658460060,+3.19,+21.406, +8.160,+0.940
1658460360,+3.19,+21.381, +8.142,+0.941
1658460660,+3.19,+21.356, +8.113,+0.941
1658460960,+3.19,+21.339, +8.091,+0.941
1658461260,+3.19,+21.306, +8.075,+0.941
1658461560,+3.19,+21.281, +8.039,+0.940
1658461860,+3.19,+21.272, +8.037,+0.941
1658462160,+3.19,+21.239, +8.019,+0.941
1658462460,+3.19,+21.214, +8.008,+0.940
1658462760,+3.19,+21.205, +8.000,+0.941
1658463060,+3.19,+21.172, +7.985,+0.941
1658463360,+3.19,+21.163, +7.967,+0.940
1658463660,+3.18,+21.122, +7.966,+0.940
1658463960,+3.18,+21.113, +7.954,+0.940
1658464260,+3.18,+21.071, +7.948,+0.940
1658464560,+3.18,+21.055, +7.932,+0.940
1658464860,+3.18,+21.021, +7.946,+0.941
1658465160,+3.18,+21.013, +7.924,+0.940
1658465460,+3.18,+20.988, +7.914,+0.940
1658465760,+3.18,+20.946, +7.943,+0.941
1658466060,+3.18,+20.954, +7.908,+0.940
1658466360,+3.18,+20.912, +7.880,+0.940
1658466660,+3.18,+20.904, +7.915,+0.940
1658466960,+3.18,+20.870, +7.908,+0.940
1658467260,+3.18,+20.829, +7.899,+0.940
1658467560,+3.18,+20.845, +7.901,+0.941
1658467860,+3.18,+20.803, +7.892,+0.940
1658468160,+3.18,+20.795, +7.877,+0.940
1658468460,+3.18,+20.762, +7.896,+0.940
1658468760,+3.18,+20.745, +7.895,+0.941
1658469060,+3.18,+20.720, +7.882,+0.940
1658469360,+3.18,+20.686, +7.904,+0.940
1658469660,+3.18,+20.661, +7.906,+0.940
1658469960,+3.18,+20.653, +7.892,+0.940
1658470260,+3.19,+20.619, +7.898,+0.940
1658470560,+3.19,+20.611, +7.899,+0.940
1658470860,+3.19,+20.577, +7.891,+0.940
1658471160,+3.19,+20.544, +7.910,+0.940
1658471460,+3.19,+20.536, +7.901,+0.940
1658471760,+3.19,+20.527, +7.914,+0.940
1658472060,+3.19,+20.494, +7.892,+0.939
1658472360,+3.19,+20.477, +7.891,+0.940
1658472660,+3.19,+20.443, +7.898,+0.939
1658472960,+3.19,+20.435, +7.911,+0.940
1658473260,+3.19,+20.402, +7.917,+0.940
1658473560,+3.19,+20.418, +7.908,+0.940
1658473860,+3.19,+20.368, +7.910,+0.940
1658474160,+3.19,+20.351, +7.911,+0.940
1658474460,+3.19,+20.335, +7.912,+0.940
1658474760,+3.19,+20.318, +7.910,+0.940
1658475060,+3.19,+20.293, +7.933,+0.939
1658475360,+3.19,+20.293, +7.933,+0.940
1658475660,+3.19,+20.284, +7.908,+0.940
1658475960,+3.19,+20.251, +7.927,+0.940
1658476260,+3.19,+20.234, +7.920,+0.940
1658476560,+3.19,+20.234, +7.926,+0.940
1658476860,+3.19,+20.201, +7.935,+0.940
1658477160,+3.19,+20.201, +7.959,+0.940
1658477460,+3.19,+20.184, +7.922,+0.940
1658477760,+3.19,+20.175, +7.944,+0.940
1658478060,+3.19,+20.159, +7.929,+0.939
1658478360,+3.19,+20.142, +7.941,+0.940
1658478660,+3.19,+20.134, +7.943,+0.940
1658478960,+3.19,+20.117, +7.930,+0.940
1658479260,+3.19,+20.108, +7.947,+0.940
1658479560,+3.19,+20.100, +7.949,+0.940
1658479860,+3.19,+20.075, +7.965,+0.940
1658480160,+3.19,+20.075, +7.947,+0.939
1658480460,+3.19,+20.075, +7.956,+0.940
1658480760,+3.19,+20.075, +7.967,+0.940
1658481060,+3.19,+20.058, +7.947,+0.940
1658481360,+3.18,+20.033, +7.957,+0.939
1658481660,+3.19,+20.016, +7.976,+0.940
1658481960,+3.19,+20.008, +7.967,+0.939
1658482260,+3.18,+20.008, +7.965,+0.940
1658482560,+3.18,+20.016, +7.962,+0.940
1658482860,+3.18,+20.008, +7.964,+0.940
1658483160,+3.18,+19.991, +7.966,+0.940
1658483460,+3.18,+19.983, +7.965,+0.940
1658483760,+3.18,+19.966, +7.970,+0.940
1658484060,+3.18,+19.958, +7.960,+0.939
1658484360,+3.18,+19.949, +7.967,+0.940
1658484660,+3.18,+19.949, +7.974,+0.939
1658484960,+3.18,+19.958, +7.957,+0.939
1658485260,+3.18,+19.932, +7.990,+0.940
1658485560,+3.18,+19.941, +7.970,+0.940
1658485860,+3.18,+19.924, +7.976,+0.939
1658486160,+3.18,+19.924, +7.969,+0.940
1658486460,+3.18,+19.891, +7.977,+0.940
1658486760,+3.18,+19.891, +7.988,+0.940
1658487060,+3.18,+19.899, +7.985,+0.940
1658487360,+3.18,+19.891, +7.984,+0.940
1658487660,+3.18,+19.874, +7.992,+0.939
1658487960,+3.18,+19.865, +7.989,+0.940
1658488260,+3.18,+19.857, +7.997,+0.940
1658488560,+3.18,+19.849, +7.988,+0.939
1658488860,+3.18,+19.865, +7.982,+0.940
1658489160,+3.18,+19.832, +7.986,+0.939
1658489460,+3.18,+19.840, +7.979,+0.940
1658489760,+3.18,+19.832, +7.986,+0.939
1658490060,+3.18,+19.824, +7.987,+0.940
1658490360,+3.18,+19.824, +7.990,+0.939
1658490660,+3.18,+19.790, +7.999,+0.940
1658490960,+3.18,+19.798, +7.989,+0.939
1658491260,+3.18,+19.790, +7.999,+0.939
1658491560,+3.18,+19.773, +8.011,+0.940
1658491860,+3.18,+19.773, +7.996,+0.940
1658492160,+3.18,+19.756, +8.005,+0.940
1658492460,+3.18,+19.773, +8.007,+0.940
1658492760,+3.18,+19.765, +8.002,+0.940
1658493060,+3.18,+19.740, +8.034,+0.939
1658493360,+3.18,+19.731, +8.031,+0.940
1658493660,+3.18,+19.715, +8.012,+0.939
1658493960,+3.18,+19.731, +8.016,+0.940
1658494260,+3.18,+19.689, +8.043,+0.940
1658494560,+3.18,+19.673, +8.036,+0.939
1658494860,+3.19,+19.681, +8.058,+0.940
1658495160,+3.19,+19.673, +8.054,+0.939
1658495460,+3.19,+19.664, +8.086,+0.939
1658495760,+3.19,+19.664, +8.101,+0.940
1658496060,+3.19,+19.664, +8.115,+0.940
1658496360,+3.19,+19.647, +8.123,+0.940
1658496660,+3.19,+19.656, +8.139,+0.940
1658496960,+3.19,+19.614, +8.158,+0.939
1658497260,+3.19,+19.597, +8.180,+0.940
1658497560,+3.19,+19.597, +8.199,+0.939
1658497860,+3.19,+19.580, +8.216,+0.939
1658498160,+3.19,+19.589, +8.232,+0.940
1658498460,+3.19,+19.580, +8.242,+0.939
1658498760,+3.19,+19.547, +8.268,+0.940
1658499060,+3.19,+19.572, +8.259,+0.939
1658499360,+3.19,+19.564, +8.278,+0.940
1658499660,+3.19,+19.538, +8.286,+0.940
1658499960,+3.19,+19.513, +8.305,+0.939
1658500260,+3.19,+19.496, +8.322,+0.939
1658500560,+3.19,+19.496, +8.337,+0.940
1658500860,+3.19,+19.496, +8.350,+0.940
1658501160,+3.19,+19.480, +8.365,+0.940
1658501460,+3.19,+19.488, +8.373,+0.940
1658501760,+3.19,+19.446, +8.394,+0.940
1658502060,+3.19,+19.446, +8.414,+0.940
1658502360,+3.19,+19.446, +8.421,+0.939
1658502660,+3.19,+19.446, +8.441,+0.939
1658502960,+3.19,+19.413, +8.467,+0.939
1658503260,+3.19,+19.438, +8.484,+0.940
1658503560,+3.19,+19.421, +8.501,+0.939
1658503860,+3.19,+19.438, +8.509,+0.939
1658504160,+3.19,+19.413, +8.521,+0.939
1658504460,+3.19,+19.413, +8.552,+0.939
1658504760,+3.19,+19.429, +8.561,+0.940
1658505060,+3.19,+19.404, +8.586,+0.940
1658505360,+3.19,+19.446, +8.602,+0.939
1658505660,+3.19,+19.438, +8.616,+0.939
1658505960,+3.19,+19.455, +8.660,+0.940
1658506260,+3.19,+19.463, +8.684,+0.940
1658506560,+3.19,+19.455, +8.707,+0.940
1658506860,+3.19,+19.488, +8.707,+0.939
1658507160,+3.19,+19.496, +8.732,+0.940
1658507460,+3.19,+19.488, +8.753,+0.940
1658507760,+3.19,+19.522, +8.757,+0.940
1658508060,+3.19,+19.513, +8.782,+0.940
1658508360,+3.19,+19.522, +8.800,+0.940
1658508660,+3.19,+19.555, +8.813,+0.940
1658508960,+3.19,+19.589, +8.798,+0.939
1658509260,+3.19,+19.589, +8.835,+0.939
1658509560,+3.19,+19.622, +8.852,+0.940
1658509860,+3.19,+19.639, +8.878,+0.940
1658510160,+3.18,+19.656, +8.864,+0.939
1658510460,+3.18,+19.664, +8.880,+0.939
1658510760,+3.18,+19.689, +8.902,+0.940
1658511060,+3.18,+19.723, +8.906,+0.940
1658511360,+3.18,+19.748, +8.935,+0.940
1658511660,+3.18,+19.773, +8.936,+0.939
1658511960,+3.18,+19.815, +8.960,+0.940
1658512260,+3.18,+19.865, +8.958,+0.940
1658512560,+3.18,+19.907, +8.965,+0.940
1658512860,+3.18,+19.941, +8.969,+0.940
1658513160,+3.18,+19.941, +8.987,+0.940
1658513460,+3.18,+19.983, +9.003,+0.940
1658513760,+3.19,+20.016, +9.007,+0.940
1658514060,+3.19,+20.058, +9.018,+0.940
1658514360,+3.19,+20.092, +9.033,+0.940
1658514660,+3.19,+20.125, +9.057,+0.940
1658514960,+3.19,+20.150, +9.063,+0.940
1658515260,+3.19,+20.209, +9.090,+0.941
1658515560,+3.19,+20.259, +9.094,+0.940
1658515860,+3.19,+20.309, +9.110,+0.940
1658516160,+3.19,+20.335, +9.131,+0.941
1658516460,+3.19,+20.393, +9.141,+0.940
1658516760,+3.19,+20.443, +9.167,+0.941
1658517060,+3.19,+20.485, +9.172,+0.940
1658517360,+3.18,+20.569, +9.180,+0.940
1658517660,+3.18,+20.619, +9.194,+0.940
1658517960,+3.18,+20.644, +9.228,+0.940
1658518260,+3.18,+20.695, +9.259,+0.940
1658518560,+3.18,+20.762, +9.254,+0.941
1658518860,+3.18,+20.812, +9.292,+0.941
1658519160,+3.18,+20.837, +9.311,+0.941
1658519460,+3.18,+20.896, +9.323,+0.941
1658519760,+3.18,+20.954, +9.331,+0.940
1658520060,+3.18,+21.021, +9.351,+0.941
1658520360,+3.18,+21.046, +9.358,+0.940
1658520660,+3.18,+21.105, +9.397,+0.941
1658520960,+3.18,+21.138, +9.408,+0.941
1658521260,+3.19,+21.189, +9.426,+0.941
1658521560,+3.19,+21.239, +9.467,+0.940
1658521860,+3.19,+21.281, +9.482,+0.940
1658522160,+3.19,+21.331, +9.493,+0.940
1658522460,+3.19,+21.373, +9.547,+0.941
1658522760,+3.19,+21.423, +9.596,+0.941
1658523060,+3.19,+21.440, +9.593,+0.941
1658523360,+3.18,+21.498, +9.607,+0.940
1658523660,+3.18,+21.532, +9.674,+0.941
1658523960,+3.18,+21.573, +9.649,+0.940
1658524260,+3.18,+21.615, +9.735,+0.940
1658524560,+3.18,+21.640, +9.825,+0.941
1658524860,+3.18,+21.666, +9.870,+0.940
1658525160,+3.18,+21.716, +9.864,+0.940
1658525460,+3.18,+21.766, +9.844,+0.940
1658525760,+3.18,+21.808, +9.859,+0.940
1658526060,+3.18,+21.833, +9.906,+0.940
1658526360,+3.18,+21.850, +9.883,+0.940
1658526660,+3.18,+21.883, +9.848,+0.940
1658526960,+3.18,+21.908, +9.846,+0.940
1658527260,+3.18,+21.933, +9.933,+0.941
1658527560,+3.18,+21.967, +9.920,+0.941
1658527860,+3.18,+21.992, +9.965,+0.941
1658528160,+3.18,+22.017, +9.953,+0.941
1658528460,+3.18,+22.050, +9.890,+0.940
1658528760,+3.18,+22.067, +9.907,+0.941
1658529060,+3.18,+22.076, +9.909,+0.940
1658529360,+3.18,+22.101, +9.972,+0.942
1658529660,+3.18,+22.143, +9.900,+0.941
1658529960,+3.18,+22.151, +9.869,+0.941
1658530260,+3.18,+22.176, +9.897,+0.941
1658530560,+3.18,+22.176, +9.880,+0.941
1658530860,+3.18,+22.168, +9.850,+0.941
1658531160,+3.18,+22.184, +9.827,+0.940
1658531460,+3.18,+22.201, +9.891,+0.941
1658531760,+3.18,+22.193, +9.886,+0.941
1658532060,+3.18,+22.226, +9.841,+0.941
1658532360,+3.18,+22.243, +9.840,+0.941
1658532660,+3.18,+22.251, +9.860,+0.941
1658532960,+3.18,+22.243, +9.815,+0.941
1658533260,+3.18,+22.235, +9.843,+0.941
1658533560,+3.18,+22.235, +9.824,+0.941
1658533860,+3.18,+22.243, +9.892,+0.940
1658534160,+3.18,+22.251, +9.840,+0.941
1658534460,+3.18,+22.226, +9.818,+0.941
1658534760,+3.18,+22.235, +9.827,+0.941
1658535060,+3.18,+22.210, +9.831,+0.941
1658535360,+3.18,+22.218, +9.785,+0.941
1658535660,+3.18,+22.210, +9.767,+0.941
1658535960,+3.18,+22.201, +9.735,+0.940
1658536260,+3.18,+22.193, +9.771,+0.941
1658536560,+3.18,+22.176, +9.764,+0.941
1658536860,+3.18,+22.176, +9.791,+0.941
1658537160,+3.18,+22.159, +9.761,+0.941
1658537460,+3.18,+22.117, +9.747,+0.941
1658537760,+3.18,+22.109, +9.734,+0.941
1658538060,+3.18,+22.109, +9.697,+0.940
1658538360,+3.18,+22.084, +9.793,+0.940
1658538660,+3.18,+22.067, +9.688,+0.940
1658538960,+3.18,+22.059, +9.788,+0.941
1658539260,+3.18,+22.017, +9.723,+0.941
1658539560,+3.18,+22.000, +9.645,+0.941
1658539860,+3.18,+21.950, +9.645,+0.941
1658540160,+3.18,+21.942, +9.602,+0.940
1658540460,+3.18,+21.908, +9.529,+0.941
1658540760,+3.18,+21.875, +9.606,+0.941
1658541060,+3.18,+21.833, +9.499,+0.940
1658541360,+3.18,+21.825, +9.485,+0.940
1658541660,+3.18,+21.774, +9.445,+0.940
1658541960,+3.18,+21.758, +9.521,+0.941
1658542260,+3.18,+21.707, +9.101,+0.940
1658542560,+3.18,+21.615, +8.697,+0.940
1658542860,+3.18,+21.590, +8.581,+0.941
1658543160,+3.18,+21.540, +8.471,+0.940
1658543460,+3.18,+21.523, +8.436,+0.941
1658543760,+3.18,+21.507, +8.413,+0.941
1658544060,+3.18,+21.456, +8.388,+0.940
1658544360,+3.18,+21.440, +8.359,+0.940
1658544660,+3.19,+21.414, +8.345,+0.941
1658544960,+3.19,+21.398, +8.314,+0.940
1658545260,+3.19,+21.356, +8.293,+0.940
1658545560,+3.19,+21.339, +8.259,+0.940
1658545860,+3.19,+21.314, +8.230,+0.940
