7450-521120
OS REV: 1.04 Sensor Cal: 1570120153
Time (sec),  BV (Volts),  T (deg C),  DO (mg/l),  Q ()
1662617640,+3.14,+21.866, +6.773,+0.932
1662617940,+3.14,+21.850, +6.754,+0.932
1662618240,+3.14,+21.825, +6.798,+0.932
1662618540,+3.14,+21.808, +6.748,+0.932
1662618840,+3.14,+21.791, +6.776,+0.932
1662619140,+3.14,+21.783, +6.770,+0.932
1662619440,+3.14,+21.774, +6.712,+0.932
1662619740,+3.14,+21.724, +6.694,+0.932
1662620040,+3.14,+21.732, +6.703,+0.932
1662620340,+3.14,+21.682, +6.746,+0.932
1662620640,+3.14,+21.682, +6.772,+0.932
1662620940,+3.14,+21.666, +6.736,+0.932
1662621240,+3.14,+21.649, +6.729,+0.932
1662621540,+3.14,+21.640, +6.747,+0.932
1662621840,+3.14,+21.615, +6.734,+0.932
1662622140,+3.14,+21.582, +6.668,+0.931
1662622440,+3.14,+21.573, +6.696,+0.932
1662622740,+3.14,+21.565, +6.700,+0.932
1662623040,+3.14,+21.532, +6.695,+0.932
1662623340,+3.14,+21.523, +6.747,+0.932
1662623640,+3.14,+21.523, +6.737,+0.932
1662623940,+3.14,+21.490, +6.786,+0.932
1662624240,+3.14,+21.473, +6.762,+0.931
1662624540,+3.14,+21.465, +6.756,+0.932
1662624840,+3.14,+21.448, +6.746,+0.932
1662625140,+3.14,+21.431, +6.763,+0.932
1662625440,+3.14,+21.406, +6.727,+0.932
1662625740,+3.14,+21.398, +6.742,+0.932
1662626040,+3.14,+21.389, +6.739,+0.932
1662626340,+3.14,+21.364, +6.762,+0.931
1662626640,+3.14,+21.356, +6.757,+0.931
1662626940,+3.14,+21.339, +6.801,+0.932
1662627240,+3.14,+21.314, +6.772,+0.932
1662627540,+3.14,+21.289, +6.767,+0.932
1662627840,+3.14,+21.281, +6.766,+0.932
1662628140,+3.14,+21.281, +6.759,+0.932
1662628440,+3.14,+21.247, +6.760,+0.932
1662628740,+3.14,+21.230, +6.795,+0.932
1662629040,+3.14,+21.205, +6.773,+0.931
1662629340,+3.14,+21.197, +6.768,+0.931
1662629640,+3.14,+21.163, +6.786,+0.932
1662629940,+3.14,+21.172, +6.757,+0.931
1662630240,+3.14,+21.138, +6.709,+0.932
1662630540,+3.14,+21.122, +6.725,+0.931
1662630840,+3.14,+21.113, +6.743,+0.931
1662631140,+3.14,+21.113, +6.779,+0.932
1662631440,+3.14,+21.080, +6.751,+0.931
1662631740,+3.13,+21.055, +6.757,+0.931
1662632040,+3.14,+21.046, +6.814,+0.932
1662632340,+3.14,+21.029, +6.772,+0.931
1662632640,+3.14,+20.988, +6.772,+0.931
1662632940,+3.14,+20.988, +6.753,+0.931
1662633240,+3.14,+20.971, +6.800,+0.932
1662633540,+3.14,+20.963, +6.772,+0.931
1662633840,+3.14,+20.929, +6.732,+0.932
1662634140,+3.14,+20.912, +6.778,+0.931
1662634440,+3.14,+20.904, +6.752,+0.931
1662634740,+3.14,+20.879, +6.767,+0.932
1662635040,+3.14,+20.870, +6.803,+0.932
1662635340,+3.14,+20.862, +6.771,+0.931
1662635640,+3.14,+20.837, +6.815,+0.931
1662635940,+3.14,+20.787, +6.792,+0.931
1662636240,+3.14,+20.787, +6.746,+0.931
1662636540,+3.14,+20.770, +6.817,+0.931
1662636840,+3.14,+20.745, +6.782,+0.931
1662637140,+3.14,+20.753, +6.781,+0.931
1662637440,+3.14,+20.737, +6.772,+0.931
1662637740,+3.14,+20.703, +6.831,+0.932
1662638040,+3.14,+20.703, +6.815,+0.931
1662638340,+3.14,+20.670, +6.791,+0.931
1662638640,+3.14,+20.636, +6.833,+0.931
1662638940,+3.14,+20.653, +6.854,+0.931
1662639240,+3.14,+20.619, +6.824,+0.931
1662639540,+3.14,+20.594, +6.855,+0.931
1662639840,+3.14,+20.603, +6.848,+0.931
1662640140,+3.14,+20.586, +6.859,+0.931
1662640440,+3.14,+20.536, +6.871,+0.931
1662640740,+3.14,+20.544, +6.858,+0.931
1662641040,+3.14,+20.510, +6.911,+0.931
1662641340,+3.14,+20.494, +6.901,+0.931
1662641640,+3.14,+20.494, +6.848,+0.931
1662641940,+3.14,+20.469, +6.877,+0.931
1662642240,+3.14,+20.452, +6.887,+0.931
1662642540,+3.14,+20.443, +6.876,+0.931
1662642840,+3.14,+20.427, +6.847,+0.931
1662643140,+3.14,+20.402, +6.897,+0.931
1662643440,+3.14,+20.385, +6.923,+0.931
1662643740,+3.14,+20.393, +6.925,+0.931
1662644040,+3.14,+20.351, +6.883,+0.931
1662644340,+3.14,+20.376, +6.891,+0.931
1662644640,+3.14,+20.335, +6.939,+0.931
1662644940,+3.14,+20.326, +6.923,+0.931
1662645240,+3.14,+20.318, +7.035,+0.931
1662645540,+3.14,+20.309, +7.041,+0.931
1662645840,+3.14,+20.268, +7.087,+0.931
1662646140,+3.14,+20.276, +7.143,+0.931
1662646440,+3.14,+20.276, +7.180,+0.931
1662646740,+3.14,+20.259, +7.214,+0.932
1662647040,+3.14,+20.251, +7.256,+0.931
1662647340,+3.14,+20.234, +7.315,+0.932
1662647640,+3.14,+20.217, +7.332,+0.931
1662647940,+3.14,+20.201, +7.394,+0.932
1662648240,+3.14,+20.201, +7.439,+0.932
1662648540,+3.14,+20.201, +7.468,+0.932
1662648840,+3.14,+20.184, +7.487,+0.932
1662649140,+3.14,+20.159, +7.537,+0.932
1662649440,+3.14,+20.167, +7.552,+0.932
1662649740,+3.14,+20.192, +7.594,+0.932
1662650040,+3.14,+20.150, +7.625,+0.931
1662650340,+3.14,+20.150, +7.672,+0.932
1662650640,+3.14,+20.142, +7.705,+0.932
1662650940,+3.14,+20.117, +7.751,+0.932
1662651240,+3.14,+20.125, +7.783,+0.932
1662651540,+3.14,+20.134, +7.800,+0.932
1662651840,+3.14,+20.142, +7.823,+0.932
1662652140,+3.14,+20.125, +7.874,+0.932
1662652440,+3.14,+20.117, +7.922,+0.932
1662652740,+3.14,+20.117, +7.967,+0.932
1662653040,+3.14,+20.125, +8.002,+0.932
1662653340,+3.14,+20.134, +8.027,+0.932
1662653640,+3.14,+20.117, +8.073,+0.932
1662653940,+3.14,+20.134, +8.106,+0.932
1662654240,+3.14,+20.150, +8.149,+0.932
1662654540,+3.14,+20.167, +8.195,+0.932
1662654840,+3.14,+20.167, +8.234,+0.932
1662655140,+3.14,+20.192, +8.288,+0.932
1662655440,+3.14,+20.201, +8.337,+0.932
1662655740,+3.14,+20.192, +8.375,+0.932
1662656040,+3.14,+20.217, +8.410,+0.933
1662656340,+3.14,+20.234, +8.478,+0.932
1662656640,+3.14,+20.276, +8.539,+0.933
1662656940,+3.14,+20.259, +8.563,+0.932
1662657240,+3.14,+20.293, +8.627,+0.933
1662657540,+3.14,+20.318, +8.665,+0.932
1662657840,+3.14,+20.335, +8.714,+0.932
1662658140,+3.14,+20.368, +8.736,+0.933
1662658440,+3.14,+20.385, +8.757,+0.933
1662658740,+3.14,+20.427, +8.789,+0.932
1662659040,+3.14,+20.435, +8.838,+0.932
1662659340,+3.14,+20.477, +8.904,+0.933
1662659640,+3.14,+20.527, +8.966,+0.933
1662659940,+3.14,+20.544, +9.030,+0.933
1662660240,+3.14,+20.586, +9.201,+0.933
1662660540,+3.14,+20.628, +9.336,+0.933
1662660840,+3.14,+20.653, +9.392,+0.933
1662661140,+3.14,+20.720, +9.435,+0.933
1662661440,+3.14,+20.762, +9.550,+0.933
1662661740,+3.14,+20.829, +9.592,+0.934
1662662040,+3.14,+20.837, +9.592,+0.933
1662662340,+3.14,+20.887, +9.620,+0.933
1662662640,+3.14,+20.963, +9.727,+0.933
1662662940,+3.13,+20.979, +9.817,+0.933
1662663240,+3.13,+21.063, +9.921,+0.934
1662663540,+3.14,+21.096,+10.123,+0.933
1662663840,+3.14,+21.172,+10.346,+0.934
1662664140,+3.14,+21.255,+10.579,+0.932
1662664440,+3.14,+21.272,+10.125,+0.934
1662664740,+3.14,+21.306,+10.042,+0.934
1662665040,+3.14,+21.339, +9.953,+0.933
1662665340,+3.14,+21.423,+10.006,+0.933
1662665640,+3.14,+21.456,+10.321,+0.933
1662665940,+3.14,+21.507,+10.275,+0.933
1662666240,+3.14,+21.557,+10.494,+0.934
1662666540,+3.14,+21.624,+10.464,+0.933
1662666840,+3.14,+21.657,+10.379,+0.933
1662667140,+3.14,+21.732,+10.891,+0.933
1662667440,+3.14,+21.799,+11.554,+0.933
1662667740,+3.13,+21.866,+12.163,+0.931
1662668040,+3.13,+21.925,+12.074,+0.931
1662668340,+3.13,+21.984,+12.269,+0.932
1662668640,+3.13,+22.050,+12.693,+0.929
1662668940,+3.13,+22.151,+13.499,+0.929
1662669240,+3.14,+22.235,+13.535,+0.928
1662669540,+3.14,+22.277,+13.212,+0.927
1662669840,+3.14,+22.343,+13.563,+0.928
1662670140,+3.14,+22.360,+13.452,+0.929
1662670440,+3.14,+22.410,+13.567,+0.929
1662670740,+3.14,+22.444,+13.537,+0.929
1662671040,+3.14,+22.561,+14.169,+0.926
1662671340,+3.14,+22.620,+14.239,+0.926
1662671640,+3.14,+22.628,+13.993,+0.927
1662671940,+3.14,+22.645,+13.471,+0.928
1662672240,+3.14,+22.754,+14.356,+0.926
1662672540,+3.13,+22.829,+14.327,+0.924
1662672840,+3.13,+22.846,+14.279,+0.925
1662673140,+3.13,+22.896,+14.265,+0.924
1662673440,+3.13,+22.905,+14.057,+0.925
1662673740,+3.13,+22.946,+14.026,+0.927
1662674040,+3.13,+23.022,+14.318,+0.924
1662674340,+3.13,+23.114,+14.836,+0.925
1662674640,+3.13,+23.164,+14.847,+0.925
1662674940,+3.13,+23.206,+14.822,+0.925
1662675240,+3.13,+23.257,+14.879,+0.924
1662675540,+3.14,+23.290,+15.057,+0.925
1662675840,+3.14,+23.298,+14.811,+0.924
1662676140,+3.14,+23.340,+14.693,+0.923
1662676440,+3.14,+23.382,+14.844,+0.923
1662676740,+3.14,+23.416,+14.911,+0.924
1662677040,+3.14,+23.449,+14.819,+0.924
1662677340,+3.14,+23.466,+14.876,+0.925
1662677640,+3.14,+23.508,+14.907,+0.925
1662677940,+3.14,+23.542,+14.913,+0.925
1662678240,+3.14,+23.592,+14.883,+0.922
1662678540,+3.14,+23.600,+15.029,+0.923
1662678840,+3.14,+23.592,+14.750,+0.924
1662679140,+3.14,+23.642,+14.640,+0.925
1662679440,+3.14,+23.626,+14.609,+0.924
1662679740,+3.14,+23.626,+14.560,+0.925
1662680040,+3.14,+23.667,+14.638,+0.925
1662680340,+3.14,+23.676,+14.586,+0.924
1662680640,+3.14,+23.659,+14.413,+0.927
1662680940,+3.13,+23.701,+14.372,+0.927
1662681240,+3.14,+23.693,+14.552,+0.926
1662681540,+3.13,+23.709,+14.301,+0.926
1662681840,+3.14,+23.693,+14.320,+0.926
1662682140,+3.14,+23.667,+14.248,+0.926
1662682440,+3.13,+23.684,+14.049,+0.926
1662682740,+3.14,+23.684,+13.983,+0.928
1662683040,+3.14,+23.667,+13.775,+0.927
1662683340,+3.13,+23.667,+13.882,+0.926
1662683640,+3.14,+23.667,+13.649,+0.928
1662683940,+3.14,+23.642,+13.649,+0.928
1662684240,+3.14,+23.626,+13.255,+0.927
1662684540,+3.14,+23.600,+13.124,+0.927
1662684840,+3.14,+23.584,+12.927,+0.928
1662685140,+3.14,+23.592,+12.744,+0.930
1662685440,+3.14,+23.542,+12.500,+0.929
1662685740,+3.14,+23.533,+12.089,+0.930
1662686040,+3.14,+23.491,+11.714,+0.930
1662686340,+3.14,+23.466,+11.496,+0.932
1662686640,+3.14,+23.441,+11.277,+0.933
1662686940,+3.14,+23.416,+10.810,+0.932
1662687240,+3.14,+23.391,+10.415,+0.933
1662687540,+3.14,+23.357, +9.047,+0.934
1662687840,+3.14,+23.332, +8.266,+0.934
1662688140,+3.14,+23.298, +8.047,+0.934
1662688440,+3.13,+23.265, +7.939,+0.933
1662688740,+3.13,+23.223, +7.901,+0.933
1662689040,+3.13,+23.198, +7.812,+0.934
1662689340,+3.13,+23.181, +7.670,+0.933
1662689640,+3.13,+23.181, +7.505,+0.933
1662689940,+3.13,+23.139, +7.422,+0.933
1662690240,+3.13,+23.122, +7.373,+0.933
1662690540,+3.13,+23.106, +7.227,+0.933
1662690840,+3.13,+23.064, +7.140,+0.933
1662691140,+3.13,+23.047, +7.212,+0.933
1662691440,+3.13,+23.022, +7.169,+0.933
1662691740,+3.13,+22.997, +7.126,+0.932
1662692040,+3.13,+22.980, +7.166,+0.932
1662692340,+3.13,+22.972, +7.110,+0.932
1662692640,+3.13,+22.930, +7.081,+0.932
1662692940,+3.13,+22.888, +7.067,+0.932
1662693240,+3.13,+22.871, +7.086,+0.932
1662693540,+3.13,+22.854, +7.021,+0.932
1662693840,+3.13,+22.854, +7.010,+0.932
1662694140,+3.13,+22.804, +7.006,+0.932
1662694440,+3.14,+22.787, +6.964,+0.932
1662694740,+3.14,+22.754, +6.995,+0.932
1662695040,+3.14,+22.729, +6.939,+0.931
1662695340,+3.14,+22.695, +6.921,+0.932
1662695640,+3.14,+22.678, +6.866,+0.932
1662695940,+3.14,+22.653, +6.907,+0.932
1662696240,+3.14,+22.628, +6.882,+0.932
1662696540,+3.14,+22.603, +6.875,+0.932
1662696840,+3.14,+22.586, +6.829,+0.932
1662697140,+3.14,+22.561, +6.788,+0.932
1662697440,+3.14,+22.528, +6.757,+0.931
1662697740,+3.14,+22.503, +6.769,+0.932
1662698040,+3.14,+22.486, +6.781,+0.932
1662698340,+3.14,+22.427, +6.795,+0.932
1662698640,+3.14,+22.427, +6.786,+0.932
1662698940,+3.14,+22.385, +6.757,+0.932
1662699240,+3.14,+22.369, +6.759,+0.932
1662699540,+3.14,+22.343, +6.770,+0.932
1662699840,+3.14,+22.335, +6.760,+0.931
1662700140,+3.14,+22.277, +6.740,+0.931
1662700440,+3.14,+22.268, +6.735,+0.931
1662700740,+3.14,+22.235, +6.748,+0.932
1662701040,+3.14,+22.226, +6.712,+0.932
1662701340,+3.14,+22.210, +6.697,+0.931
1662701640,+3.14,+22.184, +6.673,+0.932
1662701940,+3.13,+22.159, +6.663,+0.932
1662702240,+3.13,+22.126, +6.668,+0.932
1662702540,+3.13,+22.101, +6.684,+0.931
1662702840,+3.13,+22.084, +6.710,+0.932
1662703140,+3.13,+22.067, +6.701,+0.932
1662703440,+3.13,+22.042, +6.619,+0.931
1662703740,+3.13,+22.025, +6.657,+0.931
1662704040,+3.13,+22.000, +6.687,+0.932
