7450-521120
OS REV: 1.04 Sensor Cal: 1570120153
Time (sec),  BV (Volts),  T (deg C),  DO (mg/l),  Q ()
1663224540,+3.13,+18.791, +7.626,+0.931
1663224840,+3.13,+18.766, +7.646,+0.931
1663225140,+3.13,+18.749, +7.666,+0.931
1663225440,+3.13,+18.766, +7.643,+0.931
1663225740,+3.13,+18.732, +7.625,+0.931
1663226040,+3.13,+18.732, +7.619,+0.931
1663226340,+3.13,+18.715, +7.638,+0.931
1663226640,+3.13,+18.707, +7.638,+0.931
1663226940,+3.13,+18.707, +7.620,+0.931
1663227240,+3.13,+18.682, +7.619,+0.931
1663227540,+3.13,+18.673, +7.641,+0.931
1663227840,+3.13,+18.665, +7.634,+0.931
1663228140,+3.14,+18.640, +7.649,+0.931
1663228440,+3.13,+18.657, +7.627,+0.931
1663228740,+3.14,+18.623, +7.636,+0.931
1663229040,+3.14,+18.631, +7.636,+0.931
1663229340,+3.14,+18.598, +7.644,+0.931
1663229640,+3.14,+18.589, +7.627,+0.930
1663229940,+3.14,+18.564, +7.661,+0.931
1663230240,+3.14,+18.581, +7.633,+0.931
1663230540,+3.14,+18.539, +7.657,+0.931
1663230840,+3.14,+18.530, +7.661,+0.931
1663231140,+3.14,+18.522, +7.674,+0.931
1663231440,+3.14,+18.497, +7.643,+0.931
1663231740,+3.14,+18.480, +7.643,+0.931
1663232040,+3.14,+18.480, +7.629,+0.930
1663232340,+3.14,+18.480, +7.649,+0.931
1663232640,+3.14,+18.429, +7.659,+0.931
1663232940,+3.14,+18.404, +7.665,+0.931
1663233240,+3.14,+18.429, +7.632,+0.930
1663233540,+3.14,+18.429, +7.658,+0.930
1663233840,+3.14,+18.387, +7.676,+0.931
1663234140,+3.14,+18.371, +7.673,+0.931
1663234440,+3.14,+18.362, +7.667,+0.931
1663234740,+3.14,+18.328, +7.632,+0.930
1663235040,+3.14,+18.303, +7.669,+0.931
1663235340,+3.14,+18.320, +7.640,+0.931
1663235640,+3.14,+18.278, +7.650,+0.931
1663235940,+3.14,+18.278, +7.667,+0.930
1663236240,+3.14,+18.261, +7.679,+0.931
1663236540,+3.14,+18.244, +7.664,+0.931
1663236840,+3.14,+18.219, +7.659,+0.930
1663237140,+3.14,+18.211, +7.682,+0.931
1663237440,+3.14,+18.202, +7.670,+0.931
1663237740,+3.14,+18.177, +7.668,+0.930
1663238040,+3.14,+18.160, +7.662,+0.930
1663238340,+3.14,+18.135, +7.677,+0.931
1663238640,+3.14,+18.109, +7.701,+0.931
1663238940,+3.14,+18.109, +7.695,+0.930
1663239240,+3.14,+18.101, +7.719,+0.931
1663239540,+3.14,+18.067, +7.724,+0.930
1663239840,+3.14,+18.050, +7.721,+0.930
1663240140,+3.14,+18.059, +7.726,+0.930
1663240440,+3.14,+18.034, +7.734,+0.930
1663240740,+3.14,+18.025, +7.734,+0.930
1663241040,+3.14,+18.017, +7.764,+0.931
1663241340,+3.14,+17.991, +7.759,+0.930
1663241640,+3.14,+18.008, +7.766,+0.931
1663241940,+3.14,+17.966, +7.749,+0.931
1663242240,+3.14,+17.958, +7.768,+0.930
1663242540,+3.14,+17.941, +7.785,+0.931
1663242840,+3.14,+17.941, +7.787,+0.931
1663243140,+3.14,+17.915, +7.787,+0.931
1663243440,+3.14,+17.915, +7.785,+0.931
1663243740,+3.14,+17.899, +7.759,+0.931
1663244040,+3.14,+17.890, +7.771,+0.931
1663244340,+3.14,+17.882, +7.771,+0.931
1663244640,+3.14,+17.865, +7.780,+0.930
1663244940,+3.13,+17.865, +7.799,+0.930
1663245240,+3.13,+17.848, +7.789,+0.931
1663245540,+3.13,+17.848, +7.800,+0.930
1663245840,+3.13,+17.823, +7.795,+0.930
1663246140,+3.13,+17.789, +7.810,+0.930
1663246440,+3.13,+17.789, +7.798,+0.930
1663246740,+3.13,+17.780, +7.775,+0.930
1663247040,+3.13,+17.764, +7.804,+0.931
1663247340,+3.13,+17.755, +7.812,+0.931
1663247640,+3.13,+17.730, +7.810,+0.931
1663247940,+3.13,+17.704, +7.826,+0.931
1663248240,+3.13,+17.730, +7.809,+0.930
1663248540,+3.13,+17.713, +7.826,+0.931
1663248840,+3.13,+17.704, +7.795,+0.930
1663249140,+3.14,+17.671, +7.819,+0.931
1663249440,+3.13,+17.671, +7.841,+0.931
1663249740,+3.14,+17.645, +7.834,+0.931
1663250040,+3.14,+17.662, +7.893,+0.931
1663250340,+3.14,+17.645, +7.909,+0.930
1663250640,+3.14,+17.603, +7.990,+0.931
1663250940,+3.14,+17.612, +8.035,+0.931
1663251240,+3.14,+17.595, +8.110,+0.931
1663251540,+3.14,+17.569, +8.156,+0.931
1663251840,+3.14,+17.595, +8.187,+0.931
1663252140,+3.14,+17.569, +8.227,+0.931
1663252440,+3.14,+17.561, +8.295,+0.931
1663252740,+3.14,+17.544, +8.333,+0.931
1663253040,+3.14,+17.552, +8.369,+0.931
1663253340,+3.14,+17.527, +8.411,+0.931
1663253640,+3.14,+17.536, +8.440,+0.931
1663253940,+3.14,+17.527, +8.470,+0.931
1663254240,+3.14,+17.510, +8.504,+0.931
1663254540,+3.14,+17.493, +8.532,+0.930
1663254840,+3.14,+17.493, +8.569,+0.931
1663255140,+3.14,+17.476, +8.603,+0.931
1663255440,+3.14,+17.476, +8.622,+0.931
1663255740,+3.14,+17.485, +8.660,+0.931
1663256040,+3.14,+17.459, +8.716,+0.931
1663256340,+3.14,+17.476, +8.734,+0.931
1663256640,+3.14,+17.459, +8.774,+0.931
1663256940,+3.14,+17.476, +8.811,+0.931
1663257240,+3.14,+17.451, +8.871,+0.931
1663257540,+3.14,+17.476, +8.893,+0.930
1663257840,+3.14,+17.468, +8.949,+0.931
1663258140,+3.14,+17.468, +8.997,+0.931
1663258440,+3.14,+17.476, +9.042,+0.931
1663258740,+3.14,+17.493, +9.080,+0.930
1663259040,+3.14,+17.485, +9.140,+0.931
1663259340,+3.14,+17.476, +9.171,+0.931
1663259640,+3.14,+17.493, +9.213,+0.931
1663259940,+3.14,+17.527, +9.236,+0.931
1663260240,+3.14,+17.519, +9.297,+0.931
1663260540,+3.14,+17.527, +9.351,+0.931
1663260840,+3.14,+17.552, +9.384,+0.931
1663261140,+3.14,+17.569, +9.424,+0.931
1663261440,+3.14,+17.586, +9.486,+0.931
1663261740,+3.14,+17.586, +9.541,+0.931
1663262040,+3.14,+17.612, +9.569,+0.931
1663262340,+3.14,+17.603, +9.647,+0.931
1663262640,+3.14,+17.654, +9.679,+0.931
1663262940,+3.14,+17.654, +9.719,+0.931
1663263240,+3.13,+17.688, +9.753,+0.931
1663263540,+3.13,+17.696, +9.790,+0.931
1663263840,+3.13,+17.747, +9.851,+0.931
1663264140,+3.13,+17.730, +9.911,+0.931
1663264440,+3.13,+17.780, +9.977,+0.931
1663264740,+3.13,+17.823,+10.108,+0.931
1663265040,+3.14,+17.882,+10.203,+0.931
1663265340,+3.14,+17.882,+10.205,+0.931
1663265640,+3.14,+17.932,+10.240,+0.931
1663265940,+3.14,+17.966,+10.306,+0.931
1663266240,+3.14,+18.000,+10.398,+0.931
1663266540,+3.14,+18.034,+10.434,+0.931
1663266840,+3.14,+18.101,+10.575,+0.931
1663267140,+3.14,+18.168,+10.593,+0.931
1663267440,+3.14,+18.202,+10.691,+0.932
1663267740,+3.14,+18.244,+10.713,+0.931
1663268040,+3.14,+18.295,+10.677,+0.931
1663268340,+3.14,+18.320,+10.675,+0.932
1663268640,+3.14,+18.379,+10.753,+0.931
1663268940,+3.14,+18.421,+10.872,+0.931
1663269240,+3.14,+18.480,+11.041,+0.931
1663269540,+3.14,+18.522,+11.009,+0.931
1663269840,+3.13,+18.598,+11.163,+0.931
1663270140,+3.13,+18.623,+11.397,+0.930
1663270440,+3.13,+18.707,+11.541,+0.931
1663270740,+3.13,+18.758,+11.948,+0.930
1663271040,+3.13,+18.858,+12.362,+0.930
1663271340,+3.13,+18.926,+12.299,+0.930
1663271640,+3.14,+18.968,+12.422,+0.931
1663271940,+3.14,+19.094,+12.669,+0.931
1663272240,+3.14,+19.152,+12.802,+0.930
1663272540,+3.14,+19.220,+12.849,+0.929
1663272840,+3.14,+19.304,+12.878,+0.930
1663273140,+3.14,+19.345,+12.921,+0.930
1663273440,+3.14,+19.413,+12.995,+0.930
1663273740,+3.14,+19.496,+12.909,+0.930
1663274040,+3.13,+19.564,+12.873,+0.930
1663274340,+3.13,+19.547,+12.695,+0.930
1663274640,+3.13,+19.547,+12.448,+0.930
1663274940,+3.14,+19.505,+12.469,+0.931
1663275240,+3.13,+19.522,+12.276,+0.931
1663275540,+3.13,+19.530,+11.984,+0.931
1663275840,+3.13,+19.580,+12.298,+0.931
1663276140,+3.13,+19.631,+11.854,+0.932
1663276440,+3.13,+19.647,+12.016,+0.932
1663276740,+3.13,+19.689,+12.050,+0.932
1663277040,+3.13,+19.723,+12.058,+0.932
1663277340,+3.13,+19.790,+12.401,+0.931
1663277640,+3.13,+19.840,+12.655,+0.931
1663277940,+3.13,+19.916,+13.035,+0.931
1663278240,+3.13,+19.941,+12.830,+0.931
1663278540,+3.13,+20.050,+13.134,+0.931
1663278840,+3.14,+20.150,+13.278,+0.931
1663279140,+3.14,+20.226,+13.317,+0.931
1663279440,+3.14,+20.293,+13.352,+0.930
1663279740,+3.14,+20.376,+13.320,+0.931
1663280040,+3.13,+20.410,+13.254,+0.931
1663280340,+3.13,+20.427,+13.223,+0.929
1663280640,+3.13,+20.460,+13.229,+0.931
1663280940,+3.13,+20.510,+13.280,+0.931
1663281240,+3.13,+20.519,+13.212,+0.931
1663281540,+3.13,+20.544,+13.220,+0.930
1663281840,+3.13,+20.544,+13.252,+0.931
1663282140,+3.13,+20.603,+13.120,+0.931
1663282440,+3.13,+20.594,+13.142,+0.931
1663282740,+3.13,+20.619,+13.145,+0.931
1663283040,+3.13,+20.611,+13.149,+0.931
1663283340,+3.13,+20.628,+13.209,+0.931
1663283640,+3.13,+20.653,+13.191,+0.932
1663283940,+3.13,+20.661,+13.101,+0.931
1663284240,+3.13,+20.661,+13.086,+0.931
1663284540,+3.13,+20.678,+13.016,+0.931
1663284840,+3.13,+20.686,+13.057,+0.931
1663285140,+3.13,+20.661,+13.078,+0.932
1663285440,+3.13,+20.678,+12.984,+0.931
1663285740,+3.13,+20.661,+13.017,+0.931
1663286040,+3.13,+20.686,+12.944,+0.930
1663286340,+3.13,+20.644,+12.930,+0.930
1663286640,+3.13,+20.628,+12.850,+0.931
1663286940,+3.13,+20.628,+12.744,+0.931
1663287240,+3.13,+20.628,+12.852,+0.931
1663287540,+3.13,+20.611,+12.869,+0.931
1663287840,+3.13,+20.586,+12.778,+0.931
1663288140,+3.13,+20.569,+12.770,+0.931
1663288440,+3.13,+20.569,+12.743,+0.930
1663288740,+3.13,+20.527,+12.621,+0.931
1663289040,+3.13,+20.502,+12.634,+0.931
1663289340,+3.13,+20.477,+12.549,+0.930
1663289640,+3.13,+20.460,+12.398,+0.931
1663289940,+3.13,+20.410,+12.247,+0.930
1663290240,+3.13,+20.393,+12.299,+0.930
1663290540,+3.14,+20.343,+12.140,+0.931
1663290840,+3.14,+20.301,+11.855,+0.931
1663291140,+3.14,+20.284,+11.734,+0.931
1663291440,+3.14,+20.268,+11.360,+0.932
1663291740,+3.14,+20.217,+10.006,+0.932
1663292040,+3.14,+20.175, +9.645,+0.933
1663292340,+3.14,+20.125, +9.482,+0.932
1663292640,+3.14,+20.108, +9.352,+0.933
1663292940,+3.13,+20.083, +9.202,+0.932
1663293240,+3.13,+20.025, +9.096,+0.932
1663293540,+3.13,+20.008, +8.959,+0.932
1663293840,+3.13,+20.000, +8.821,+0.932
1663294140,+3.13,+19.958, +8.692,+0.931
1663294440,+3.13,+19.916, +8.576,+0.932
1663294740,+3.13,+19.882, +8.476,+0.931
1663295040,+3.13,+19.865, +8.359,+0.931
1663295340,+3.13,+19.849, +8.276,+0.931
1663295640,+3.13,+19.815, +8.222,+0.931
1663295940,+3.13,+19.790, +8.198,+0.931
1663296240,+3.13,+19.756, +8.128,+0.931
1663296540,+3.13,+19.740, +8.102,+0.931
1663296840,+3.13,+19.723, +8.098,+0.931
1663297140,+3.13,+19.689, +8.014,+0.931
1663297440,+3.13,+19.681, +8.000,+0.931
1663297740,+3.13,+19.639, +7.955,+0.931
1663298040,+3.13,+19.606, +7.912,+0.931
1663298340,+3.13,+19.589, +7.891,+0.932
1663298640,+3.13,+19.572, +7.896,+0.931
1663298940,+3.13,+19.547, +7.862,+0.931
1663299240,+3.13,+19.522, +7.829,+0.931
1663299540,+3.14,+19.480, +7.820,+0.931
1663299840,+3.13,+19.496, +7.798,+0.931
1663300140,+3.14,+19.429, +7.811,+0.931
1663300440,+3.14,+19.404, +7.787,+0.931
1663300740,+3.14,+19.396, +7.757,+0.931
1663301040,+3.14,+19.371, +7.748,+0.930
1663301340,+3.14,+19.379, +7.745,+0.931
1663301640,+3.14,+19.337, +7.744,+0.932
1663301940,+3.14,+19.295, +7.726,+0.931
1663302240,+3.14,+19.287, +7.721,+0.931
1663302540,+3.14,+19.262, +7.687,+0.931
1663302840,+3.14,+19.220, +7.699,+0.931
1663303140,+3.14,+19.194, +7.715,+0.931
1663303440,+3.14,+19.203, +7.680,+0.931
1663303740,+3.14,+19.178, +7.690,+0.931
1663304040,+3.14,+19.144, +7.684,+0.931
1663304340,+3.14,+19.127, +7.681,+0.931
1663304640,+3.14,+19.136, +7.670,+0.931
1663304940,+3.14,+19.102, +7.649,+0.931
1663305240,+3.14,+19.077, +7.649,+0.931
1663305540,+3.14,+19.068, +7.642,+0.931
1663305840,+3.14,+19.043, +7.651,+0.931
1663306140,+3.14,+19.043, +7.630,+0.931
1663306440,+3.14,+19.018, +7.623,+0.931
1663306740,+3.14,+19.018, +7.630,+0.931
1663307040,+3.13,+18.976, +7.606,+0.930
1663307340,+3.13,+18.968, +7.606,+0.931
1663307640,+3.13,+18.951, +7.634,+0.931
1663307940,+3.13,+18.917, +7.618,+0.931
1663308240,+3.13,+18.892, +7.612,+0.931
1663308540,+3.13,+18.884, +7.615,+0.931
1663308840,+3.13,+18.867, +7.601,+0.931
1663309140,+3.13,+18.858, +7.602,+0.931
1663309440,+3.13,+18.825, +7.588,+0.931
1663309740,+3.13,+18.808, +7.606,+0.931
1663310040,+3.13,+18.816, +7.587,+0.931
1663310340,+3.13,+18.783, +7.561,+0.931
1663310640,+3.13,+18.774, +7.543,+0.930
1663310940,+3.13,+18.749, +7.585,+0.930
