7450-162475
OS REV: 1.05 Sensor Cal: 1621536236
Time (sec),  BV (Volts),  T (deg C),  DO (mg/l),  Q ()
1680310140,+3.06,+17.527, +7.401,+0.919
1680310200,+3.06,+17.535, +7.394,+0.919
1680310260,+3.06,+17.493, +7.417,+0.919
1680310320,+3.06,+17.535, +7.417,+0.919
1680310380,+3.06,+17.502, +7.423,+0.919
1680310440,+3.06,+17.518, +7.455,+0.919
1680310500,+3.06,+17.502, +7.496,+0.919
1680310560,+3.06,+17.485, +7.531,+0.919
1680310620,+3.06,+17.510, +7.533,+0.920
1680310680,+3.06,+17.493, +7.557,+0.919
1680310740,+3.06,+17.502, +7.565,+0.919
1680310800,+3.06,+17.502, +7.573,+0.920
1680310860,+3.06,+17.510, +7.559,+0.919
1680310920,+3.06,+17.502, +7.562,+0.919
1680310980,+3.06,+17.510, +7.562,+0.919
1680311040,+3.06,+17.510, +7.555,+0.919
1680311100,+3.06,+17.502, +7.549,+0.919
1680311160,+3.06,+17.502, +7.540,+0.919
1680311220,+3.06,+17.510, +7.537,+0.919
1680311280,+3.06,+17.493, +7.529,+0.919
1680311340,+3.06,+17.518, +7.521,+0.919
1680311400,+3.06,+17.527, +7.501,+0.919
1680311460,+3.06,+17.518, +7.500,+0.919
1680311520,+3.06,+17.527, +7.481,+0.919
1680311580,+3.06,+17.535, +7.483,+0.920
1680311640,+3.06,+17.535, +7.470,+0.919
1680311700,+3.06,+17.552, +7.455,+0.919
1680311760,+3.06,+17.544, +7.461,+0.919
1680311820,+3.06,+17.544, +7.450,+0.919
1680311880,+3.06,+17.552, +7.436,+0.918
1680311940,+3.06,+17.552, +7.452,+0.920
1680312000,+3.06,+17.586, +7.411,+0.919
1680312060,+3.06,+17.578, +7.398,+0.919
1680312120,+3.06,+17.561, +7.409,+0.919
1680312180,+3.06,+17.586, +7.415,+0.919
1680312240,+3.06,+17.578, +7.411,+0.919
1680312300,+3.06,+17.552, +7.396,+0.919
1680312360,+3.06,+17.552, +7.417,+0.919
1680312420,+3.06,+17.544, +7.418,+0.919
1680312480,+3.06,+17.535, +7.440,+0.919
1680312540,+3.06,+17.535, +7.483,+0.919
1680312600,+3.06,+17.527, +7.538,+0.920
1680312660,+3.06,+17.544, +7.560,+0.919
1680312720,+3.06,+17.535, +7.576,+0.919
1680312780,+3.06,+17.544, +7.590,+0.920
1680312840,+3.06,+17.527, +7.578,+0.919
1680312900,+3.06,+17.518, +7.576,+0.919
1680312960,+3.06,+17.535, +7.571,+0.919
1680313020,+3.06,+17.518, +7.567,+0.919
1680313080,+3.06,+17.544, +7.550,+0.919
1680313140,+3.06,+17.552, +7.540,+0.919
1680313200,+3.06,+17.544, +7.533,+0.919
1680313260,+3.06,+17.552, +7.528,+0.919
1680313320,+3.06,+17.552, +7.502,+0.919
1680313380,+3.06,+17.561, +7.500,+0.919
1680313440,+3.06,+17.544, +7.493,+0.919
1680313500,+3.06,+17.552, +7.483,+0.919
1680313560,+3.06,+17.544, +7.476,+0.919
1680313620,+3.06,+17.569, +7.469,+0.919
1680313680,+3.06,+17.586, +7.450,+0.919
1680313740,+3.06,+17.578, +7.447,+0.919
1680313800,+3.06,+17.578, +7.443,+0.919
1680313860,+3.06,+17.594, +7.423,+0.919
1680313920,+3.06,+17.586, +7.402,+0.919
1680313980,+3.06,+17.578, +7.403,+0.919
1680314040,+3.06,+17.586, +7.405,+0.920
1680314100,+3.06,+17.594, +7.393,+0.919
1680314160,+3.06,+17.586, +7.411,+0.919
1680314220,+3.06,+17.569, +7.434,+0.919
1680314280,+3.06,+17.561, +7.448,+0.919
1680314340,+3.06,+17.578, +7.503,+0.919
1680314400,+3.06,+17.544, +7.534,+0.919
1680314460,+3.06,+17.569, +7.540,+0.919
1680314520,+3.06,+17.544, +7.558,+0.919
1680314580,+3.06,+17.544, +7.563,+0.919
1680314640,+3.06,+17.561, +7.574,+0.919
1680314700,+3.06,+17.544, +7.578,+0.919
1680314760,+3.06,+17.569, +7.572,+0.919
1680314820,+3.06,+17.561, +7.557,+0.919
1680314880,+3.06,+17.561, +7.550,+0.919
1680314940,+3.06,+17.561, +7.540,+0.919
1680315000,+3.06,+17.552, +7.519,+0.918
1680315060,+3.06,+17.569, +7.514,+0.919
1680315120,+3.06,+17.578, +7.494,+0.919
1680315180,+3.06,+17.578, +7.485,+0.919
1680315240,+3.06,+17.569, +7.467,+0.918
1680315300,+3.06,+17.594, +7.461,+0.919
1680315360,+3.06,+17.578, +7.450,+0.919
1680315420,+3.06,+17.611, +7.439,+0.919
1680315480,+3.06,+17.603, +7.428,+0.919
1680315540,+3.06,+17.586, +7.430,+0.919
1680315600,+3.06,+17.594, +7.421,+0.919
1680315660,+3.06,+17.611, +7.411,+0.919
1680315720,+3.06,+17.611, +7.393,+0.919
1680315780,+3.06,+17.620, +7.368,+0.919
1680315840,+3.06,+17.611, +7.364,+0.919
1680315900,+3.06,+17.620, +7.363,+0.919
1680315960,+3.06,+17.620, +7.351,+0.919
1680316020,+3.06,+17.620, +7.343,+0.919
1680316080,+3.06,+17.603, +7.345,+0.919
1680316140,+3.06,+17.611, +7.345,+0.919
1680316200,+3.06,+17.594, +7.326,+0.919
1680316260,+3.06,+17.620, +7.397,+0.919
1680316320,+3.06,+17.594, +7.434,+0.919
1680316380,+3.06,+17.594, +7.438,+0.919
1680316440,+3.06,+17.603, +7.446,+0.919
1680316500,+3.06,+17.603, +7.470,+0.919
1680316560,+3.06,+17.603, +7.512,+0.919
1680316620,+3.06,+17.603, +7.522,+0.918
1680316680,+3.06,+17.594, +7.534,+0.919
1680316740,+3.06,+17.586, +7.529,+0.919
1680316800,+3.06,+17.594, +7.525,+0.919
1680316860,+3.06,+17.603, +7.513,+0.919
1680316920,+3.06,+17.586, +7.504,+0.918
1680316980,+3.06,+17.611, +7.503,+0.920
1680317040,+3.06,+17.603, +7.484,+0.919
1680317100,+3.06,+17.611, +7.478,+0.919
1680317160,+3.06,+17.594, +7.467,+0.919
1680317220,+3.06,+17.611, +7.452,+0.919
1680317280,+3.06,+17.620, +7.440,+0.919
1680317340,+3.06,+17.620, +7.429,+0.919
1680317400,+3.06,+17.628, +7.414,+0.919
1680317460,+3.06,+17.654, +7.394,+0.919
1680317520,+3.06,+17.628, +7.399,+0.919
1680317580,+3.06,+17.645, +7.383,+0.919
1680317640,+3.06,+17.671, +7.374,+0.919
1680317700,+3.06,+17.662, +7.372,+0.919
1680317760,+3.06,+17.654, +7.359,+0.919
1680317820,+3.06,+17.679, +7.342,+0.919
1680317880,+3.06,+17.662, +7.340,+0.919
1680317940,+3.06,+17.671, +7.324,+0.919
1680318000,+3.06,+17.662, +7.359,+0.919
1680318060,+3.06,+17.654, +7.398,+0.919
1680318120,+3.06,+17.671, +7.421,+0.919
1680318180,+3.06,+17.662, +7.435,+0.919
1680318240,+3.06,+17.662, +7.452,+0.919
1680318300,+3.06,+17.637, +7.465,+0.919
1680318360,+3.06,+17.628, +7.494,+0.919
1680318420,+3.06,+17.628, +7.509,+0.919
1680318480,+3.06,+17.628, +7.522,+0.919
1680318540,+3.06,+17.637, +7.531,+0.919
1680318600,+3.06,+17.628, +7.530,+0.919
1680318660,+3.06,+17.645, +7.515,+0.919
1680318720,+3.06,+17.645, +7.509,+0.919
1680318780,+3.06,+17.637, +7.501,+0.919
1680318840,+3.06,+17.654, +7.481,+0.919
1680318900,+3.06,+17.662, +7.473,+0.919
1680318960,+3.06,+17.654, +7.461,+0.919
1680319020,+3.06,+17.654, +7.442,+0.919
1680319080,+3.06,+17.662, +7.431,+0.919
1680319140,+3.06,+17.654, +7.423,+0.919
1680319200,+3.06,+17.671, +7.407,+0.919
1680319260,+3.06,+17.662, +7.396,+0.919
1680319320,+3.06,+17.671, +7.383,+0.919
1680319380,+3.06,+17.696, +7.361,+0.919
1680319440,+3.06,+17.671, +7.350,+0.919
1680319500,+3.06,+17.696, +7.340,+0.919
1680319560,+3.06,+17.687, +7.341,+0.919
1680319620,+3.06,+17.687, +7.336,+0.919
1680319680,+3.06,+17.713, +7.313,+0.919
1680319740,+3.06,+17.721, +7.294,+0.919
1680319800,+3.06,+17.713, +7.305,+0.919
1680319860,+3.06,+17.721, +7.281,+0.919
1680319920,+3.06,+17.730, +7.330,+0.919
1680319980,+3.06,+17.704, +7.372,+0.919
1680320040,+3.06,+17.713, +7.399,+0.919
1680320100,+3.06,+17.704, +7.409,+0.919
1680320160,+3.06,+17.704, +7.412,+0.919
1680320220,+3.06,+17.696, +7.460,+0.919
1680320280,+3.06,+17.687, +7.492,+0.919
1680320340,+3.06,+17.679, +7.508,+0.919
1680320400,+3.06,+17.696, +7.499,+0.919
1680320460,+3.06,+17.662, +7.505,+0.919
1680320520,+3.06,+17.679, +7.490,+0.919
1680320580,+3.06,+17.679, +7.498,+0.919
1680320640,+3.06,+17.679, +7.490,+0.919
1680320700,+3.06,+17.713, +7.468,+0.919
1680320760,+3.06,+17.704, +7.463,+0.919
1680320820,+3.06,+17.696, +7.457,+0.919
1680320880,+3.06,+17.713, +7.443,+0.919
1680320940,+3.06,+17.696, +7.434,+0.919
1680321000,+3.06,+17.696, +7.430,+0.919
1680321060,+3.06,+17.713, +7.414,+0.919
1680321120,+3.06,+17.704, +7.390,+0.918
1680321180,+3.06,+17.713, +7.368,+0.918
1680321240,+3.06,+17.721, +7.362,+0.918
1680321300,+3.06,+17.713, +7.363,+0.919
1680321360,+3.06,+17.721, +7.341,+0.919
1680321420,+3.06,+17.730, +7.327,+0.919
1680321480,+3.06,+17.772, +7.312,+0.919
1680321540,+3.06,+17.763, +7.302,+0.919
1680321600,+3.06,+17.755, +7.297,+0.919
1680321660,+3.06,+17.772, +7.277,+0.919
1680321720,+3.06,+17.780, +7.275,+0.919
1680321780,+3.06,+17.772, +7.264,+0.919
1680321840,+3.06,+17.772, +7.257,+0.919
1680321900,+3.06,+17.789, +7.267,+0.919
1680321960,+3.06,+17.772, +7.295,+0.919
1680322020,+3.06,+17.763, +7.291,+0.919
1680322080,+3.06,+17.755, +7.312,+0.919
1680322140,+3.06,+17.763, +7.308,+0.918
1680322200,+3.06,+17.772, +7.326,+0.919
1680322260,+3.06,+17.738, +7.344,+0.919
1680322320,+3.06,+17.755, +7.362,+0.919
1680322380,+3.06,+17.747, +7.366,+0.919
1680322440,+3.06,+17.738, +7.372,+0.919
1680322500,+3.06,+17.738, +7.383,+0.919
1680322560,+3.06,+17.738, +7.403,+0.919
1680322620,+3.06,+17.763, +7.392,+0.919
1680322680,+3.06,+17.763, +7.384,+0.919
1680322740,+3.06,+17.755, +7.390,+0.919
1680322800,+3.06,+17.747, +7.375,+0.919
1680322860,+3.06,+17.780, +7.362,+0.919
1680322920,+3.06,+17.772, +7.345,+0.919
1680322980,+3.06,+17.763, +7.341,+0.919
1680323040,+3.06,+17.772, +7.330,+0.919
1680323100,+3.06,+17.789, +7.307,+0.918
1680323160,+3.06,+17.772, +7.309,+0.919
1680323220,+3.06,+17.789, +7.279,+0.918
1680323280,+3.06,+17.797, +7.269,+0.919
1680323340,+3.06,+17.789, +7.258,+0.919
1680323400,+3.06,+17.789, +7.247,+0.919
1680323460,+3.06,+17.789, +7.242,+0.919
1680323520,+3.06,+17.797, +7.227,+0.919
1680323580,+3.06,+17.823, +7.217,+0.919
1680323640,+3.06,+17.806, +7.206,+0.919
1680323700,+3.06,+17.831, +7.204,+0.919
1680323760,+3.06,+17.823, +7.201,+0.919
1680323820,+3.06,+17.839, +7.186,+0.919
1680323880,+3.06,+17.848, +7.171,+0.918
1680323940,+3.06,+17.856, +7.166,+0.919
1680324000,+3.06,+17.839, +7.191,+0.919
1680324060,+3.06,+17.831, +7.214,+0.919
1680324120,+3.06,+17.856, +7.217,+0.919
1680324180,+3.06,+17.848, +7.211,+0.919
1680324240,+3.06,+17.831, +7.228,+0.919
1680324300,+3.06,+17.831, +7.277,+0.919
1680324360,+3.06,+17.823, +7.303,+0.919
1680324420,+3.06,+17.814, +7.351,+0.919
1680324480,+3.06,+17.831, +7.351,+0.919
1680324540,+3.06,+17.848, +7.335,+0.919
1680324600,+3.06,+17.806, +7.385,+0.919
1680324660,+3.06,+17.806, +7.391,+0.918
1680324720,+3.06,+17.814, +7.384,+0.919
1680324780,+3.06,+17.823, +7.379,+0.919
1680324840,+3.06,+17.831, +7.383,+0.919
1680324900,+3.06,+17.839, +7.365,+0.918
1680324960,+3.06,+17.839, +7.359,+0.919
1680325020,+3.06,+17.831, +7.361,+0.919
1680325080,+3.06,+17.856, +7.345,+0.919
1680325140,+3.06,+17.848, +7.332,+0.918
1680325200,+3.06,+17.823, +7.327,+0.919
1680325260,+3.06,+17.856, +7.304,+0.919
1680325320,+3.06,+17.856, +7.294,+0.919
1680325380,+3.06,+17.865, +7.282,+0.919
1680325440,+3.06,+17.856, +7.261,+0.919
1680325500,+3.06,+17.856, +7.250,+0.919
1680325560,+3.06,+17.856, +7.238,+0.919
1680325620,+3.06,+17.882, +7.227,+0.919
1680325680,+3.06,+17.882, +7.212,+0.919
1680325740,+3.06,+17.890, +7.202,+0.919
1680325800,+3.06,+17.899, +7.187,+0.919
1680325860,+3.06,+17.915, +7.180,+0.919
1680325920,+3.07,+17.915, +7.186,+0.919
1680325980,+3.07,+17.924, +7.223,+0.919
1680326040,+3.06,+17.915, +7.262,+0.918
1680326100,+3.06,+17.915, +7.292,+0.919
1680326160,+3.06,+17.882, +7.311,+0.919
1680326220,+3.06,+17.882, +7.298,+0.919
1680326280,+3.06,+17.890, +7.300,+0.919
1680326340,+3.06,+17.890, +7.311,+0.919
1680326400,+3.06,+17.890, +7.332,+0.919
1680326460,+3.06,+17.882, +7.321,+0.919
1680326520,+3.06,+17.890, +7.312,+0.918
1680326580,+3.06,+17.882, +7.327,+0.919
1680326640,+3.06,+17.899, +7.326,+0.919
1680326700,+3.06,+17.899, +7.331,+0.919
1680326760,+3.06,+17.882, +7.324,+0.919
1680326820,+3.06,+17.907, +7.306,+0.919
1680326880,+3.06,+17.899, +7.299,+0.919
1680326940,+3.06,+17.907, +7.297,+0.919
1680327000,+3.06,+17.907, +7.289,+0.919
1680327060,+3.07,+17.907, +7.295,+0.919
1680327120,+3.06,+17.907, +7.277,+0.918
1680327180,+3.07,+17.907, +7.274,+0.919
1680327240,+3.06,+17.907, +7.258,+0.919
1680327300,+3.07,+17.924, +7.245,+0.919
1680327360,+3.07,+17.941, +7.228,+0.919
1680327420,+3.07,+17.941, +7.218,+0.919
1680327480,+3.07,+17.941, +7.208,+0.919
1680327540,+3.07,+17.949, +7.193,+0.919
1680327600,+3.07,+17.949, +7.172,+0.919
1680327660,+3.07,+17.974, +7.156,+0.918
1680327720,+3.07,+17.949, +7.154,+0.919
1680327780,+3.07,+17.983, +7.144,+0.919
1680327840,+3.07,+17.983, +7.128,+0.919
1680327900,+3.07,+17.983, +7.109,+0.919
1680327960,+3.07,+17.983, +7.093,+0.919
1680328020,+3.07,+17.983, +7.085,+0.919
1680328080,+3.07,+18.000, +7.078,+0.919
1680328140,+3.07,+17.991, +7.076,+0.919
1680328200,+3.07,+17.991, +7.066,+0.919
1680328260,+3.07,+17.991, +7.047,+0.919
1680328320,+3.07,+17.991, +7.112,+0.919
1680328380,+3.07,+17.974, +7.182,+0.919
1680328440,+3.07,+17.983, +7.211,+0.919
1680328500,+3.07,+17.966, +7.251,+0.919
1680328560,+3.07,+17.958, +7.251,+0.919
1680328620,+3.07,+17.966, +7.278,+0.919
1680328680,+3.07,+17.958, +7.301,+0.919
1680328740,+3.07,+17.949, +7.320,+0.919
1680328800,+3.07,+17.932, +7.338,+0.919
1680328860,+3.07,+17.983, +7.316,+0.919
1680328920,+3.07,+17.974, +7.316,+0.919
1680328980,+3.07,+17.974, +7.310,+0.920
1680329040,+3.07,+17.966, +7.298,+0.919
1680329100,+3.07,+17.974, +7.279,+0.919
1680329160,+3.07,+17.991, +7.262,+0.919
1680329220,+3.07,+17.991, +7.256,+0.919
1680329280,+3.07,+18.008, +7.243,+0.919
1680329340,+3.07,+17.991, +7.229,+0.919
1680329400,+3.07,+17.991, +7.213,+0.919
1680329460,+3.07,+18.000, +7.200,+0.919
1680329520,+3.07,+18.000, +7.183,+0.919
1680329580,+3.07,+18.025, +7.165,+0.919
1680329640,+3.07,+18.017, +7.153,+0.919
1680329700,+3.07,+18.025, +7.141,+0.919
1680329760,+3.07,+18.025, +7.128,+0.919
1680329820,+3.07,+18.050, +7.106,+0.919
1680329880,+3.07,+18.050, +7.109,+0.919
1680329940,+3.07,+18.059, +7.094,+0.919
1680330000,+3.07,+18.059, +7.077,+0.919
1680330060,+3.07,+18.067, +7.083,+0.919
1680330120,+3.07,+18.050, +7.125,+0.919
1680330180,+3.07,+18.042, +7.169,+0.919
1680330240,+3.07,+18.050, +7.196,+0.919
1680330300,+3.07,+18.033, +7.221,+0.918
1680330360,+3.07,+18.042, +7.246,+0.919
1680330420,+3.07,+18.033, +7.243,+0.918
1680330480,+3.07,+18.033, +7.264,+0.919
1680330540,+3.07,+18.050, +7.264,+0.919
1680330600,+3.07,+18.050, +7.258,+0.919
1680330660,+3.07,+18.025, +7.254,+0.919
1680330720,+3.07,+18.017, +7.224,+0.918
1680330780,+3.07,+18.050, +7.191,+0.918
1680330840,+3.07,+18.042, +7.219,+0.919
1680330900,+3.07,+18.033, +7.217,+0.919
1680330960,+3.07,+18.033, +7.206,+0.919
1680331020,+3.07,+18.050, +7.199,+0.918
1680331080,+3.07,+18.067, +7.193,+0.918
1680331140,+3.07,+18.050, +7.199,+0.919
1680331200,+3.07,+18.059, +7.183,+0.918
1680331260,+3.07,+18.067, +7.175,+0.919
1680331320,+3.07,+18.050, +7.169,+0.919
1680331380,+3.07,+18.067, +7.154,+0.919
1680331440,+3.07,+18.076, +7.137,+0.918
1680331500,+3.07,+18.076, +7.125,+0.918
1680331560,+3.07,+18.101, +7.111,+0.919
1680331620,+3.07,+18.092, +7.104,+0.919
1680331680,+3.07,+18.101, +7.086,+0.918
1680331740,+3.07,+18.118, +7.071,+0.919
1680331800,+3.07,+18.101, +7.071,+0.919
1680331860,+3.07,+18.118, +7.044,+0.918
1680331920,+3.07,+18.135, +7.038,+0.919
1680331980,+3.07,+18.118, +7.016,+0.919
1680332040,+3.07,+18.143, +6.996,+0.919
1680332100,+3.07,+18.118, +7.041,+0.918
1680332160,+3.07,+18.118, +7.073,+0.919
1680332220,+3.07,+18.126, +7.095,+0.918
1680332280,+3.07,+18.101, +7.118,+0.918
1680332340,+3.07,+18.101, +7.121,+0.918
1680332400,+3.07,+18.118, +7.140,+0.919
1680332460,+3.07,+18.092, +7.176,+0.919
1680332520,+3.07,+18.109, +7.186,+0.918
1680332580,+3.07,+18.109, +7.201,+0.919
1680332640,+3.07,+18.109, +7.167,+0.918
1680332700,+3.07,+18.092, +7.197,+0.918
1680332760,+3.07,+18.101, +7.197,+0.919
1680332820,+3.07,+18.101, +7.196,+0.919
1680332880,+3.07,+18.084, +7.202,+0.918
1680332940,+3.07,+18.109, +7.201,+0.918
1680333000,+3.07,+18.118, +7.201,+0.919
1680333060,+3.07,+18.135, +7.191,+0.919
1680333120,+3.07,+18.135, +7.183,+0.919
1680333180,+3.07,+18.143, +7.168,+0.919
1680333240,+3.07,+18.143, +7.162,+0.919
1680333300,+3.07,+18.135, +7.148,+0.918
1680333360,+3.07,+18.143, +7.140,+0.919
1680333420,+3.07,+18.168, +7.123,+0.919
1680333480,+3.07,+18.143, +7.113,+0.919
1680333540,+3.07,+18.160, +7.089,+0.918
1680333600,+3.07,+18.168, +7.076,+0.919
1680333660,+3.07,+18.177, +7.063,+0.919
1680333720,+3.06,+18.168, +7.047,+0.918
1680333780,+3.07,+18.168, +7.040,+0.919
1680333840,+3.07,+18.185, +7.032,+0.919
1680333900,+3.06,+18.194, +7.018,+0.919
1680333960,+3.07,+18.194, +7.003,+0.919
1680334020,+3.06,+18.210, +7.004,+0.919
1680334080,+3.06,+18.210, +6.982,+0.919
1680334140,+3.07,+18.210, +7.035,+0.918
1680334200,+3.06,+18.194, +7.121,+0.919
1680334260,+3.07,+18.194, +7.145,+0.918
1680334320,+3.06,+18.210, +7.150,+0.919
1680334380,+3.06,+18.168, +7.160,+0.919
1680334440,+3.07,+18.185, +7.173,+0.919
1680334500,+3.07,+18.185, +7.194,+0.919
1680334560,+3.07,+18.168, +7.206,+0.918
1680334620,+3.06,+18.160, +7.202,+0.919
1680334680,+3.06,+18.177, +7.176,+0.919
1680334740,+3.07,+18.168, +7.152,+0.918
1680334800,+3.07,+18.177, +7.158,+0.919
1680334860,+3.06,+18.168, +7.160,+0.919
1680334920,+3.06,+18.185, +7.175,+0.919
1680334980,+3.07,+18.143, +7.194,+0.919
1680335040,+3.07,+18.143, +7.202,+0.919
1680335100,+3.07,+18.168, +7.198,+0.919
1680335160,+3.06,+18.202, +7.185,+0.919
1680335220,+3.06,+18.185, +7.175,+0.919
1680335280,+3.07,+18.194, +7.161,+0.919
1680335340,+3.06,+18.202, +7.150,+0.919
1680335400,+3.06,+18.185, +7.136,+0.918
1680335460,+3.06,+18.202, +7.125,+0.919
1680335520,+3.06,+18.219, +7.108,+0.919
1680335580,+3.07,+18.219, +7.098,+0.919
1680335640,+3.06,+18.227, +7.077,+0.919
1680335700,+3.06,+18.227, +7.058,+0.919
1680335760,+3.06,+18.244, +7.039,+0.919
1680335820,+3.06,+18.227, +7.023,+0.918
1680335880,+3.06,+18.253, +6.998,+0.918
1680335940,+3.06,+18.269, +6.998,+0.919
1680336000,+3.06,+18.244, +6.978,+0.919
1680336060,+3.06,+18.261, +7.004,+0.919
1680336120,+3.06,+18.227, +7.057,+0.918
1680336180,+3.06,+18.244, +7.081,+0.918
1680336240,+3.06,+18.261, +7.092,+0.919
1680336300,+3.06,+18.261, +7.091,+0.918
1680336360,+3.06,+18.236, +7.103,+0.919
1680336420,+3.07,+18.236, +7.096,+0.919
1680336480,+3.06,+18.227, +7.105,+0.919
1680336540,+3.06,+18.219, +7.101,+0.919
1680336600,+3.06,+18.202, +7.135,+0.919
1680336660,+3.06,+18.219, +7.119,+0.918
1680336720,+3.06,+18.202, +7.123,+0.919
1680336780,+3.06,+18.202, +7.138,+0.919
1680336840,+3.06,+18.219, +7.111,+0.919
1680336900,+3.07,+18.219, +7.107,+0.918
1680336960,+3.06,+18.244, +7.103,+0.919
1680337020,+3.06,+18.244, +7.111,+0.919
1680337080,+3.06,+18.244, +7.109,+0.919
1680337140,+3.06,+18.227, +7.112,+0.919
1680337200,+3.06,+18.236, +7.085,+0.919
1680337260,+3.06,+18.253, +7.079,+0.919
1680337320,+3.06,+18.261, +7.063,+0.918
1680337380,+3.06,+18.261, +7.068,+0.919
1680337440,+3.06,+18.286, +7.046,+0.919
1680337500,+3.06,+18.269, +7.028,+0.919
1680337560,+3.06,+18.269, +7.015,+0.919
1680337620,+3.06,+18.269, +7.004,+0.919
1680337680,+3.06,+18.295, +6.981,+0.919
1680337740,+3.06,+18.286, +6.966,+0.919
1680337800,+3.06,+18.286, +6.949,+0.918
1680337860,+3.06,+18.312, +6.937,+0.919
1680337920,+3.06,+18.312, +6.929,+0.919
1680337980,+3.06,+18.320, +6.911,+0.919
1680338040,+3.06,+18.312, +6.889,+0.918
1680338100,+3.06,+18.337, +6.874,+0.919
1680338160,+3.06,+18.320, +6.882,+0.919
1680338220,+3.06,+18.320, +6.893,+0.919
1680338280,+3.06,+18.337, +6.915,+0.919
1680338340,+3.06,+18.303, +6.972,+0.919
1680338400,+3.06,+18.320, +7.005,+0.919
1680338460,+3.06,+18.303, +7.046,+0.919
1680338520,+3.06,+18.312, +7.049,+0.919
1680338580,+3.06,+18.303, +7.040,+0.918
1680338640,+3.06,+18.312, +7.057,+0.919
1680338700,+3.06,+18.286, +7.089,+0.919
1680338760,+3.06,+18.295, +7.097,+0.918
1680338820,+3.06,+18.303, +7.105,+0.919
1680338880,+3.06,+18.269, +7.093,+0.918
1680338940,+3.06,+18.269, +7.115,+0.919
1680339000,+3.06,+18.278, +7.123,+0.919
1680339060,+3.06,+18.278, +7.131,+0.918
1680339120,+3.06,+18.295, +7.137,+0.919
1680339180,+3.06,+18.303, +7.121,+0.919
1680339240,+3.06,+18.303, +7.117,+0.919
1680339300,+3.06,+18.303, +7.105,+0.919
1680339360,+3.06,+18.303, +7.092,+0.919
1680339420,+3.06,+18.303, +7.073,+0.918
1680339480,+3.06,+18.320, +7.060,+0.919
1680339540,+3.06,+18.328, +7.047,+0.919
1680339600,+3.06,+18.328, +7.029,+0.919
1680339660,+3.06,+18.345, +7.004,+0.918
1680339720,+3.06,+18.337, +6.993,+0.919
1680339780,+3.06,+18.328, +6.981,+0.919
1680339840,+3.06,+18.345, +6.957,+0.919
1680339900,+3.06,+18.362, +6.941,+0.919
1680339960,+3.06,+18.362, +6.922,+0.919
1680340020,+3.06,+18.354, +6.912,+0.919
1680340080,+3.06,+18.387, +6.890,+0.919
1680340140,+3.06,+18.396, +6.878,+0.919
1680340200,+3.06,+18.379, +6.870,+0.919
1680340260,+3.06,+18.379, +6.862,+0.919
1680340320,+3.06,+18.387, +6.846,+0.919
1680340380,+3.06,+18.387, +6.877,+0.919
1680340440,+3.06,+18.396, +6.919,+0.919
1680340500,+3.06,+18.387, +6.992,+0.919
1680340560,+3.06,+18.387, +7.011,+0.919
1680340620,+3.06,+18.379, +6.989,+0.918
1680340680,+3.06,+18.387, +6.990,+0.919
1680340740,+3.06,+18.387, +7.013,+0.919
1680340800,+3.06,+18.354, +7.025,+0.919
1680340860,+3.06,+18.371, +7.014,+0.919
1680340920,+3.06,+18.379, +7.000,+0.919
1680340980,+3.06,+18.354, +7.016,+0.918
1680341040,+3.06,+18.379, +7.015,+0.919
1680341100,+3.06,+18.371, +6.994,+0.919
1680341160,+3.06,+18.354, +7.007,+0.919
1680341220,+3.06,+18.362, +7.008,+0.919
1680341280,+3.06,+18.362, +7.002,+0.918
1680341340,+3.06,+18.379, +7.016,+0.919
1680341400,+3.06,+18.362, +7.003,+0.919
1680341460,+3.06,+18.371, +6.951,+0.919
1680341520,+3.06,+18.371, +6.968,+0.918
1680341580,+3.06,+18.371, +6.986,+0.919
1680341640,+3.06,+18.379, +6.977,+0.919
1680341700,+3.06,+18.379, +6.997,+0.919
1680341760,+3.06,+18.371, +7.002,+0.919
1680341820,+3.06,+18.379, +6.989,+0.919
1680341880,+3.06,+18.404, +6.966,+0.919
1680341940,+3.06,+18.404, +6.945,+0.919
1680342000,+3.06,+18.396, +6.932,+0.919
1680342060,+3.06,+18.404, +6.922,+0.919
1680342120,+3.06,+18.421, +6.915,+0.919
1680342180,+3.06,+18.404, +6.893,+0.919
1680342240,+3.06,+18.429, +6.872,+0.919
1680342300,+3.06,+18.413, +6.858,+0.919
1680342360,+3.06,+18.413, +6.844,+0.919
1680342420,+3.06,+18.438, +6.830,+0.919
1680342480,+3.06,+18.455, +6.819,+0.919
1680342540,+3.06,+18.438, +6.817,+0.919
1680342600,+3.06,+18.446, +6.805,+0.919
1680342660,+3.06,+18.446, +6.789,+0.919
1680342720,+3.06,+18.455, +6.789,+0.919
1680342780,+3.06,+18.455, +6.780,+0.919
1680342840,+3.06,+18.463, +6.773,+0.919
1680342900,+3.06,+18.455, +6.811,+0.919
1680342960,+3.06,+18.463, +6.851,+0.918
1680343020,+3.06,+18.455, +6.870,+0.919
1680343080,+3.06,+18.446, +6.890,+0.919
1680343140,+3.06,+18.446, +6.927,+0.919
1680343200,+3.06,+18.438, +6.947,+0.919
1680343260,+3.06,+18.438, +6.957,+0.918
1680343320,+3.06,+18.429, +6.928,+0.919
1680343380,+3.06,+18.438, +6.912,+0.919
1680343440,+3.06,+18.429, +6.916,+0.919
1680343500,+3.06,+18.421, +6.932,+0.918
1680343560,+3.06,+18.438, +6.947,+0.918
1680343620,+3.06,+18.446, +6.963,+0.919
1680343680,+3.06,+18.446, +6.953,+0.919
1680343740,+3.06,+18.446, +6.933,+0.919
1680343800,+3.06,+18.429, +6.939,+0.918
1680343860,+3.06,+18.438, +6.957,+0.919
1680343920,+3.06,+18.455, +6.947,+0.918
1680343980,+3.06,+18.446, +6.945,+0.918
1680344040,+3.06,+18.446, +6.939,+0.919
1680344100,+3.06,+18.463, +6.923,+0.919
1680344160,+3.06,+18.463, +6.908,+0.919
1680344220,+3.06,+18.472, +6.876,+0.918
1680344280,+3.06,+18.463, +6.880,+0.919
1680344340,+3.06,+18.472, +6.864,+0.919
1680344400,+3.06,+18.488, +6.849,+0.919
1680344460,+3.06,+18.480, +6.847,+0.919
1680344520,+3.06,+18.488, +6.815,+0.918
1680344580,+3.06,+18.505, +6.809,+0.919
1680344640,+3.06,+18.497, +6.795,+0.919
1680344700,+3.06,+18.497, +6.780,+0.919
1680344760,+3.06,+18.530, +6.768,+0.919
1680344820,+3.06,+18.522, +6.763,+0.919
1680344880,+3.06,+18.530, +6.744,+0.919
1680344940,+3.06,+18.539, +6.736,+0.919
1680345000,+3.06,+18.514, +6.758,+0.919
1680345060,+3.06,+18.530, +6.766,+0.918
1680345120,+3.06,+18.514, +6.800,+0.919
1680345180,+3.06,+18.514, +6.808,+0.919
1680345240,+3.06,+18.505, +6.832,+0.919
1680345300,+3.06,+18.522, +6.826,+0.919
1680345360,+3.06,+18.530, +6.852,+0.919
1680345420,+3.06,+18.480, +6.904,+0.919
1680345480,+3.06,+18.497, +6.935,+0.919
1680345540,+3.06,+18.505, +6.943,+0.918
1680345600,+3.06,+18.505, +6.964,+0.919
1680345660,+3.06,+18.505, +6.945,+0.919
1680345720,+3.06,+18.505, +6.946,+0.919
1680345780,+3.06,+18.497, +6.939,+0.918
1680345840,+3.06,+18.497, +6.940,+0.919
1680345900,+3.06,+18.505, +6.943,+0.919
1680345960,+3.06,+18.497, +6.931,+0.918
1680346020,+3.06,+18.522, +6.921,+0.919
1680346080,+3.06,+18.497, +6.927,+0.919
1680346140,+3.06,+18.522, +6.924,+0.919
1680346200,+3.06,+18.539, +6.926,+0.919
1680346260,+3.06,+18.539, +6.926,+0.919
1680346320,+3.06,+18.547, +6.917,+0.919
1680346380,+3.06,+18.530, +6.907,+0.918
1680346440,+3.06,+18.530, +6.898,+0.918
1680346500,+3.06,+18.539, +6.895,+0.919
1680346560,+3.06,+18.556, +6.872,+0.918
1680346620,+3.06,+18.556, +6.858,+0.918
1680346680,+3.06,+18.564, +6.848,+0.919
1680346740,+3.06,+18.572, +6.841,+0.919
1680346800,+3.06,+18.564, +6.827,+0.918
1680346860,+3.06,+18.581, +6.820,+0.919
1680346920,+3.06,+18.598, +6.805,+0.919
1680346980,+3.06,+18.572, +6.795,+0.919
1680347040,+3.06,+18.598, +6.772,+0.919
1680347100,+3.06,+18.581, +6.772,+0.918
1680347160,+3.06,+18.564, +6.778,+0.919
1680347220,+3.06,+18.564, +6.772,+0.919
1680347280,+3.06,+18.581, +6.821,+0.919
1680347340,+3.06,+18.564, +6.869,+0.919
1680347400,+3.06,+18.572, +6.892,+0.919
1680347460,+3.06,+18.572, +6.892,+0.919
1680347520,+3.06,+18.564, +6.894,+0.919
1680347580,+3.06,+18.564, +6.880,+0.919
1680347640,+3.06,+18.564, +6.874,+0.918
1680347700,+3.06,+18.589, +6.863,+0.919
1680347760,+3.06,+18.572, +6.870,+0.919
1680347820,+3.06,+18.581, +6.854,+0.919
1680347880,+3.06,+18.564, +6.851,+0.919
1680347940,+3.06,+18.572, +6.840,+0.919
1680348000,+3.06,+18.581, +6.827,+0.919
1680348060,+3.06,+18.581, +6.807,+0.919
1680348120,+3.06,+18.606, +6.787,+0.919
1680348180,+3.06,+18.606, +6.761,+0.919
1680348240,+3.06,+18.598, +6.752,+0.919
1680348300,+3.06,+18.598, +6.753,+0.919
1680348360,+3.06,+18.615, +6.731,+0.919
1680348420,+3.06,+18.631, +6.710,+0.919
1680348480,+3.06,+18.606, +6.694,+0.919
1680348540,+3.06,+18.631, +6.694,+0.919
1680348600,+3.06,+18.640, +6.718,+0.919
1680348660,+3.06,+18.623, +6.741,+0.919
1680348720,+3.06,+18.623, +6.753,+0.919
1680348780,+3.06,+18.615, +6.780,+0.919
1680348840,+3.06,+18.598, +6.803,+0.919
1680348900,+3.06,+18.606, +6.845,+0.919
1680348960,+3.06,+18.606, +6.855,+0.919
1680349020,+3.06,+18.606, +6.868,+0.919
1680349080,+3.06,+18.581, +6.887,+0.919
1680349140,+3.06,+18.598, +6.882,+0.919
1680349200,+3.06,+18.606, +6.874,+0.919
1680349260,+3.06,+18.598, +6.884,+0.918
1680349320,+3.06,+18.598, +6.906,+0.918
1680349380,+3.06,+18.606, +6.917,+0.918
1680349440,+3.06,+18.606, +6.918,+0.918
1680349500,+3.06,+18.615, +6.928,+0.919
1680349560,+3.06,+18.598, +6.929,+0.918
1680349620,+3.06,+18.615, +6.923,+0.918
1680349680,+3.06,+18.631, +6.920,+0.919
1680349740,+3.06,+18.623, +6.909,+0.918
1680349800,+3.06,+18.648, +6.901,+0.919
1680349860,+3.06,+18.623, +6.895,+0.919
1680349920,+3.06,+18.640, +6.880,+0.919
1680349980,+3.06,+18.640, +6.852,+0.918
1680350040,+3.06,+18.648, +6.851,+0.919
1680350100,+3.06,+18.665, +6.831,+0.919
1680350160,+3.06,+18.648, +6.821,+0.919
1680350220,+3.06,+18.648, +6.807,+0.919
1680350280,+3.06,+18.673, +6.778,+0.919
1680350340,+3.06,+18.690, +6.744,+0.919
1680350400,+3.06,+18.673, +6.736,+0.919
1680350460,+3.06,+18.690, +6.709,+0.919
1680350520,+3.06,+18.690, +6.702,+0.919
1680350580,+3.06,+18.665, +6.761,+0.919
1680350640,+3.06,+18.648, +6.793,+0.919
1680350700,+3.06,+18.665, +6.838,+0.918
1680350760,+3.06,+18.657, +6.886,+0.919
1680350820,+3.06,+18.657, +6.872,+0.918
1680350880,+3.06,+18.648, +6.860,+0.919
1680350940,+3.06,+18.640, +6.859,+0.919
1680351000,+3.06,+18.631, +6.873,+0.919
1680351060,+3.06,+18.640, +6.891,+0.919
1680351120,+3.06,+18.640, +6.866,+0.919
1680351180,+3.06,+18.631, +6.850,+0.919
1680351240,+3.06,+18.648, +6.851,+0.919
1680351300,+3.06,+18.665, +6.838,+0.918
1680351360,+3.06,+18.657, +6.860,+0.919
1680351420,+3.06,+18.657, +6.862,+0.919
1680351480,+3.06,+18.648, +6.866,+0.918
1680351540,+3.06,+18.690, +6.851,+0.918
1680351600,+3.06,+18.657, +6.856,+0.919
1680351660,+3.06,+18.682, +6.844,+0.919
1680351720,+3.06,+18.673, +6.838,+0.919
1680351780,+3.06,+18.699, +6.819,+0.919
1680351840,+3.06,+18.690, +6.824,+0.919
1680351900,+3.06,+18.707, +6.800,+0.918
1680351960,+3.06,+18.673, +6.816,+0.919
1680352020,+3.06,+18.699, +6.802,+0.919
1680352080,+3.06,+18.707, +6.797,+0.919
1680352140,+3.06,+18.707, +6.786,+0.919
1680352200,+3.06,+18.715, +6.768,+0.919
1680352260,+3.06,+18.707, +6.746,+0.919
1680352320,+3.06,+18.699, +6.740,+0.918
1680352380,+3.06,+18.707, +6.730,+0.919
1680352440,+3.06,+18.707, +6.729,+0.919
1680352500,+3.06,+18.707, +6.733,+0.919
1680352560,+3.06,+18.690, +6.758,+0.919
1680352620,+3.06,+18.673, +6.785,+0.919
1680352680,+3.06,+18.665, +6.807,+0.919
1680352740,+3.06,+18.673, +6.818,+0.919
1680352800,+3.06,+18.699, +6.813,+0.919
1680352860,+3.06,+18.699, +6.822,+0.919
1680352920,+3.06,+18.690, +6.822,+0.919
1680352980,+3.06,+18.715, +6.813,+0.919
1680353040,+3.06,+18.707, +6.806,+0.919
1680353100,+3.06,+18.724, +6.786,+0.919
1680353160,+3.06,+18.707, +6.773,+0.919
1680353220,+3.06,+18.715, +6.755,+0.918
1680353280,+3.06,+18.715, +6.745,+0.919
1680353340,+3.06,+18.732, +6.730,+0.919
1680353400,+3.06,+18.741, +6.707,+0.919
1680353460,+3.06,+18.732, +6.696,+0.919
1680353520,+3.06,+18.724, +6.693,+0.919
1680353580,+3.06,+18.749, +6.677,+0.919
1680353640,+3.06,+18.741, +6.669,+0.919
1680353700,+3.06,+18.757, +6.642,+0.918
1680353760,+3.06,+18.774, +6.628,+0.918
1680353820,+3.06,+18.766, +6.639,+0.919
1680353880,+3.06,+18.749, +6.629,+0.919
1680353940,+3.06,+18.774, +6.589,+0.919
1680354000,+3.06,+18.766, +6.570,+0.919
1680354060,+3.06,+18.766, +6.597,+0.919
1680354120,+3.06,+18.749, +6.671,+0.919
1680354180,+3.06,+18.749, +6.714,+0.919
1680354240,+3.06,+18.749, +6.724,+0.919
1680354300,+3.06,+18.732, +6.750,+0.918
1680354360,+3.06,+18.732, +6.793,+0.919
1680354420,+3.06,+18.741, +6.790,+0.919
1680354480,+3.06,+18.732, +6.757,+0.919
1680354540,+3.06,+18.732, +6.771,+0.919
1680354600,+3.06,+18.732, +6.785,+0.919
1680354660,+3.06,+18.749, +6.774,+0.918
1680354720,+3.06,+18.724, +6.774,+0.919
1680354780,+3.06,+18.741, +6.801,+0.919
1680354840,+3.06,+18.749, +6.800,+0.919
1680354900,+3.06,+18.741, +6.816,+0.919
1680354960,+3.06,+18.724, +6.849,+0.919
1680355020,+3.06,+18.749, +6.841,+0.918
1680355080,+3.06,+18.757, +6.835,+0.919
1680355140,+3.06,+18.749, +6.841,+0.919
1680355200,+3.06,+18.749, +6.814,+0.919
1680355260,+3.06,+18.766, +6.799,+0.919
1680355320,+3.06,+18.766, +6.780,+0.919
1680355380,+3.06,+18.774, +6.763,+0.919
1680355440,+3.06,+18.783, +6.737,+0.919
1680355500,+3.06,+18.791, +6.710,+0.919
1680355560,+3.06,+18.783, +6.696,+0.919
1680355620,+3.06,+18.783, +6.676,+0.919
1680355680,+3.06,+18.808, +6.654,+0.919
1680355740,+3.06,+18.800, +6.639,+0.919
1680355800,+3.06,+18.800, +6.626,+0.919
1680355860,+3.06,+18.800, +6.607,+0.919
1680355920,+3.06,+18.825, +6.581,+0.919
1680355980,+3.06,+18.791, +6.607,+0.919
1680356040,+3.06,+18.783, +6.643,+0.919
1680356100,+3.06,+18.791, +6.696,+0.919
1680356160,+3.06,+18.774, +6.723,+0.919
1680356220,+3.06,+18.783, +6.725,+0.919
1680356280,+3.06,+18.791, +6.729,+0.919
1680356340,+3.06,+18.774, +6.729,+0.918
1680356400,+3.06,+18.791, +6.742,+0.919
1680356460,+3.06,+18.808, +6.722,+0.918
1680356520,+3.06,+18.791, +6.724,+0.919
1680356580,+3.06,+18.783, +6.721,+0.919
1680356640,+3.06,+18.774, +6.734,+0.919
1680356700,+3.06,+18.791, +6.728,+0.919
1680356760,+3.06,+18.800, +6.724,+0.919
1680356820,+3.06,+18.800, +6.709,+0.919
1680356880,+3.06,+18.800, +6.702,+0.919
1680356940,+3.06,+18.825, +6.685,+0.919
1680357000,+3.06,+18.825, +6.674,+0.918
1680357060,+3.06,+18.825, +6.668,+0.919
1680357120,+3.06,+18.842, +6.656,+0.919
1680357180,+3.06,+18.833, +6.643,+0.919
1680357240,+3.06,+18.842, +6.632,+0.919
1680357300,+3.06,+18.850, +6.595,+0.919
1680357360,+3.06,+18.842, +6.560,+0.919
1680357420,+3.06,+18.816, +6.562,+0.919
1680357480,+3.06,+18.825, +6.652,+0.919
1680357540,+3.06,+18.816, +6.686,+0.919
1680357600,+3.06,+18.808, +6.713,+0.919
1680357660,+3.06,+18.816, +6.716,+0.919
1680357720,+3.06,+18.791, +6.707,+0.919
1680357780,+3.06,+18.808, +6.721,+0.919
1680357840,+3.06,+18.791, +6.721,+0.919
1680357900,+3.06,+18.800, +6.705,+0.919
1680357960,+3.06,+18.800, +6.690,+0.919
1680358020,+3.06,+18.791, +6.682,+0.918
1680358080,+3.06,+18.800, +6.686,+0.919
1680358140,+3.06,+18.816, +6.679,+0.919
1680358200,+3.06,+18.816, +6.682,+0.919
1680358260,+3.06,+18.816, +6.685,+0.919
1680358320,+3.06,+18.833, +6.718,+0.919
1680358380,+3.06,+18.825, +6.729,+0.919
1680358440,+3.06,+18.825, +6.726,+0.919
1680358500,+3.06,+18.825, +6.727,+0.919
1680358560,+3.06,+18.825, +6.706,+0.919
1680358620,+3.06,+18.833, +6.696,+0.919
1680358680,+3.06,+18.833, +6.704,+0.919
1680358740,+3.06,+18.858, +6.717,+0.919
1680358800,+3.06,+18.842, +6.733,+0.919
1680358860,+3.06,+18.842, +6.725,+0.919
1680358920,+3.06,+18.842, +6.725,+0.919
1680358980,+3.06,+18.867, +6.728,+0.919
1680359040,+3.06,+18.850, +6.726,+0.919
1680359100,+3.06,+18.875, +6.723,+0.919
1680359160,+3.06,+18.850, +6.717,+0.919
1680359220,+3.06,+18.858, +6.712,+0.919
1680359280,+3.06,+18.875, +6.667,+0.919
1680359340,+3.06,+18.858, +6.662,+0.919
1680359400,+3.06,+18.875, +6.645,+0.919
1680359460,+3.06,+18.867, +6.638,+0.919
1680359520,+3.06,+18.884, +6.622,+0.919
1680359580,+3.06,+18.858, +6.614,+0.919
1680359640,+3.06,+18.867, +6.609,+0.919
1680359700,+3.06,+18.850, +6.613,+0.918
1680359760,+3.06,+18.850, +6.632,+0.919
1680359820,+3.06,+18.858, +6.642,+0.919
1680359880,+3.06,+18.867, +6.668,+0.919
1680359940,+3.06,+18.867, +6.684,+0.919
1680360000,+3.06,+18.850, +6.692,+0.919
1680360060,+3.06,+18.842, +6.710,+0.919
1680360120,+3.06,+18.875, +6.694,+0.918
1680360180,+3.06,+18.884, +6.699,+0.919
1680360240,+3.06,+18.875, +6.684,+0.919
1680360300,+3.06,+18.875, +6.671,+0.919
1680360360,+3.06,+18.884, +6.649,+0.919
1680360420,+3.06,+18.917, +6.626,+0.919
1680360480,+3.06,+18.909, +6.627,+0.919
1680360540,+3.06,+18.900, +6.600,+0.918
1680360600,+3.06,+18.892, +6.611,+0.919
1680360660,+3.06,+18.884, +6.615,+0.919
1680360720,+3.06,+18.900, +6.611,+0.919
1680360780,+3.06,+18.884, +6.585,+0.919
1680360840,+3.06,+18.892, +6.556,+0.919
1680360900,+3.06,+18.892, +6.590,+0.919
1680360960,+3.06,+18.875, +6.627,+0.919
1680361020,+3.06,+18.884, +6.625,+0.919
1680361080,+3.06,+18.892, +6.637,+0.919
1680361140,+3.06,+18.900, +6.621,+0.919
1680361200,+3.06,+18.884, +6.629,+0.919
1680361260,+3.06,+18.858, +6.644,+0.919
1680361320,+3.06,+18.875, +6.645,+0.918
1680361380,+3.06,+18.867, +6.660,+0.919
1680361440,+3.06,+18.858, +6.654,+0.918
1680361500,+3.06,+18.858, +6.664,+0.919
1680361560,+3.06,+18.858, +6.661,+0.919
1680361620,+3.06,+18.867, +6.669,+0.919
1680361680,+3.06,+18.850, +6.682,+0.919
1680361740,+3.06,+18.875, +6.683,+0.919
1680361800,+3.06,+18.884, +6.675,+0.919
1680361860,+3.06,+18.884, +6.666,+0.919
1680361920,+3.06,+18.892, +6.663,+0.919
1680361980,+3.06,+18.884, +6.664,+0.919
1680362040,+3.06,+18.892, +6.673,+0.919
1680362100,+3.06,+18.884, +6.683,+0.919
1680362160,+3.06,+18.909, +6.670,+0.919
1680362220,+3.06,+18.909, +6.657,+0.919
1680362280,+3.06,+18.917, +6.643,+0.919
1680362340,+3.06,+18.917, +6.632,+0.918
1680362400,+3.06,+18.942, +6.630,+0.919
1680362460,+3.06,+18.926, +6.634,+0.918
1680362520,+3.06,+18.926, +6.654,+0.919
1680362580,+3.06,+18.909, +6.656,+0.919
1680362640,+3.06,+18.934, +6.624,+0.919
1680362700,+3.06,+18.926, +6.605,+0.919
1680362760,+3.06,+18.934, +6.562,+0.918
1680362820,+3.06,+18.917, +6.524,+0.918
1680362880,+3.06,+18.900, +6.543,+0.919
1680362940,+3.06,+18.900, +6.573,+0.918
1680363000,+3.06,+18.892, +6.613,+0.919
1680363060,+3.06,+18.909, +6.615,+0.918
1680363120,+3.06,+18.892, +6.641,+0.918
1680363180,+3.06,+18.884, +6.648,+0.919
1680363240,+3.06,+18.900, +6.633,+0.918
1680363300,+3.06,+18.900, +6.645,+0.919
1680363360,+3.06,+18.909, +6.644,+0.919
1680363420,+3.06,+18.909, +6.623,+0.918
1680363480,+3.06,+18.917, +6.626,+0.919
1680363540,+3.06,+18.909, +6.619,+0.918
1680363600,+3.06,+18.934, +6.621,+0.918
1680363660,+3.06,+18.926, +6.630,+0.919
1680363720,+3.06,+18.909, +6.632,+0.919
1680363780,+3.06,+18.934, +6.611,+0.919
1680363840,+3.06,+18.917, +6.592,+0.918
1680363900,+3.06,+18.934, +6.575,+0.919
1680363960,+3.06,+18.934, +6.562,+0.919
1680364020,+3.06,+18.942, +6.550,+0.919
1680364080,+3.06,+18.951, +6.531,+0.918
1680364140,+3.06,+18.926, +6.540,+0.919
1680364200,+3.06,+18.926, +6.563,+0.919
1680364260,+3.06,+18.917, +6.602,+0.919
1680364320,+3.06,+18.917, +6.602,+0.918
1680364380,+3.06,+18.926, +6.598,+0.919
1680364440,+3.06,+18.909, +6.596,+0.918
1680364500,+3.06,+18.917, +6.602,+0.919
1680364560,+3.06,+18.917, +6.596,+0.919
1680364620,+3.06,+18.909, +6.590,+0.919
1680364680,+3.06,+18.917, +6.600,+0.919
1680364740,+3.06,+18.942, +6.603,+0.919
1680364800,+3.06,+18.917, +6.600,+0.919
1680364860,+3.06,+18.917, +6.604,+0.918
1680364920,+3.06,+18.917, +6.619,+0.919
1680364980,+3.06,+18.934, +6.607,+0.919
1680365040,+3.06,+18.942, +6.597,+0.919
1680365100,+3.06,+18.934, +6.586,+0.919
1680365160,+3.06,+18.951, +6.578,+0.919
1680365220,+3.06,+18.942, +6.574,+0.919
1680365280,+3.06,+18.968, +6.550,+0.919
1680365340,+3.06,+18.959, +6.541,+0.918
1680365400,+3.06,+18.959, +6.537,+0.919
1680365460,+3.06,+18.976, +6.527,+0.918
1680365520,+3.06,+18.968, +6.502,+0.919
1680365580,+3.06,+18.968, +6.478,+0.919
1680365640,+3.06,+18.951, +6.436,+0.919
1680365700,+3.06,+18.942, +6.452,+0.919
1680365760,+3.06,+18.934, +6.508,+0.918
1680365820,+3.06,+18.934, +6.547,+0.918
1680365880,+3.06,+18.917, +6.571,+0.918
1680365940,+3.06,+18.934, +6.588,+0.919
1680366000,+3.06,+18.926, +6.612,+0.919
1680366060,+3.06,+18.909, +6.601,+0.919
1680366120,+3.06,+18.917, +6.567,+0.918
1680366180,+3.06,+18.926, +6.580,+0.919
1680366240,+3.06,+18.942, +6.562,+0.918
1680366300,+3.06,+18.951, +6.554,+0.918
1680366360,+3.06,+18.959, +6.541,+0.919
1680366420,+3.06,+18.959, +6.529,+0.918
1680366480,+3.06,+18.917, +6.559,+0.919
1680366540,+3.06,+18.959, +6.566,+0.918
1680366600,+3.06,+18.951, +6.589,+0.919
1680366660,+3.06,+18.959, +6.573,+0.919
1680366720,+3.06,+18.968, +6.560,+0.919
1680366780,+3.06,+18.968, +6.550,+0.919
1680366840,+3.06,+18.976, +6.525,+0.919
1680366900,+3.06,+18.984, +6.513,+0.919
1680366960,+3.06,+18.968, +6.499,+0.919
1680367020,+3.06,+18.984, +6.461,+0.918
1680367080,+3.06,+18.984, +6.450,+0.919
1680367140,+3.06,+18.984, +6.446,+0.919
1680367200,+3.06,+19.010, +6.433,+0.919
1680367260,+3.06,+18.993, +6.460,+0.919
1680367320,+3.06,+18.984, +6.468,+0.918
1680367380,+3.06,+18.959, +6.491,+0.919
1680367440,+3.06,+18.959, +6.478,+0.918
1680367500,+3.06,+18.959, +6.504,+0.919
1680367560,+3.06,+18.942, +6.545,+0.919
1680367620,+3.06,+18.959, +6.569,+0.919
1680367680,+3.06,+18.926, +6.592,+0.919
1680367740,+3.06,+18.926, +6.572,+0.919
1680367800,+3.06,+18.934, +6.536,+0.919
1680367860,+3.06,+18.926, +6.551,+0.918
1680367920,+3.06,+18.951, +6.543,+0.919
1680367980,+3.06,+18.926, +6.562,+0.919
1680368040,+3.06,+18.951, +6.556,+0.918
1680368100,+3.06,+18.942, +6.567,+0.919
1680368160,+3.06,+18.942, +6.555,+0.918
1680368220,+3.06,+18.934, +6.523,+0.919
1680368280,+3.06,+18.959, +6.494,+0.919
1680368340,+3.06,+18.976, +6.485,+0.919
1680368400,+3.06,+18.959, +6.476,+0.919
1680368460,+3.06,+18.976, +6.466,+0.919
1680368520,+3.06,+18.976, +6.451,+0.919
1680368580,+3.06,+18.976, +6.427,+0.918
1680368640,+3.06,+18.976, +6.421,+0.919
1680368700,+3.06,+18.984, +6.402,+0.919
1680368760,+3.06,+19.001, +6.386,+0.919
1680368820,+3.06,+19.010, +6.368,+0.918
1680368880,+3.06,+19.010, +6.356,+0.919
1680368940,+3.06,+19.010, +6.324,+0.918
1680369000,+3.06,+19.010, +6.289,+0.918
1680369060,+3.06,+19.001, +6.262,+0.918
1680369120,+3.06,+18.993, +6.291,+0.918
1680369180,+3.06,+18.968, +6.324,+0.919
1680369240,+3.06,+18.976, +6.340,+0.919
1680369300,+3.06,+18.968, +6.425,+0.919
1680369360,+3.06,+18.959, +6.471,+0.919
1680369420,+3.06,+18.942, +6.490,+0.919
1680369480,+3.06,+18.951, +6.487,+0.919
1680369540,+3.06,+18.942, +6.528,+0.919
1680369600,+3.06,+18.926, +6.537,+0.919
1680369660,+3.06,+18.942, +6.543,+0.919
1680369720,+3.06,+18.926, +6.571,+0.919
1680369780,+3.06,+18.926, +6.590,+0.919
1680369840,+3.06,+18.934, +6.574,+0.918
1680369900,+3.06,+18.926, +6.578,+0.919
1680369960,+3.06,+18.934, +6.561,+0.918
1680370020,+3.06,+18.951, +6.533,+0.918
1680370080,+3.06,+18.942, +6.529,+0.919
1680370140,+3.06,+18.959, +6.498,+0.918
1680370200,+3.06,+18.968, +6.469,+0.919
1680370260,+3.06,+18.867, +6.736,+0.918
1680370320,+3.06,+18.926, +6.798,+0.917
1680370380,+3.06,+18.951, +6.793,+0.918
1680370440,+3.06,+18.984, +6.766,+0.917
1680370500,+3.06,+19.001, +6.748,+0.917
1680370560,+3.06,+19.001, +6.729,+0.918
1680370620,+3.06,+19.035, +6.705,+0.918
1680370680,+3.06,+19.060, +6.676,+0.917
1680370740,+3.06,+19.060, +6.659,+0.918
1680370800,+3.06,+19.052, +6.634,+0.917
1680370860,+3.06,+19.060, +6.612,+0.917
1680370920,+3.06,+19.077, +6.591,+0.917
1680370980,+3.06,+19.077, +6.578,+0.918
1680371040,+3.06,+19.077, +6.544,+0.917
1680371100,+3.06,+19.068, +6.534,+0.917
1680371160,+3.06,+19.094, +6.505,+0.917
1680371220,+3.06,+19.110, +6.486,+0.917
1680371280,+3.06,+19.110, +6.466,+0.917
1680371340,+3.06,+19.119, +6.450,+0.918
1680371400,+3.06,+19.119, +6.424,+0.917
1680371460,+3.06,+19.136, +6.403,+0.917
1680371520,+3.06,+19.127, +6.389,+0.917
1680371580,+3.06,+19.136, +6.367,+0.917
1680371640,+3.06,+19.144, +6.353,+0.917
1680371700,+3.06,+19.127, +6.329,+0.916
1680371760,+3.06,+19.136, +6.313,+0.917
1680371820,+3.06,+19.161, +6.290,+0.917
1680371880,+3.06,+19.169, +6.263,+0.916
1680371940,+3.06,+19.136, +6.264,+0.917
1680372000,+3.06,+19.161, +6.242,+0.917
1680372060,+3.06,+19.161, +6.226,+0.917
1680372120,+3.06,+19.169, +6.213,+0.917
1680372180,+3.06,+19.161, +6.193,+0.917
1680372240,+3.06,+19.161, +6.182,+0.917
1680372300,+3.06,+19.177, +6.154,+0.917
1680372360,+3.06,+19.161, +6.144,+0.917
1680372420,+3.06,+19.186, +6.122,+0.917
1680372480,+3.06,+19.186, +6.108,+0.917
1680372540,+3.06,+19.169, +6.091,+0.917
1680372600,+3.06,+19.177, +6.070,+0.917
1680372660,+3.06,+19.186, +6.060,+0.917
1680372720,+3.06,+19.194, +6.041,+0.917
1680372780,+3.06,+19.211, +6.021,+0.917
1680372840,+3.06,+19.186, +6.011,+0.917
1680372900,+3.06,+19.177, +5.991,+0.917
1680372960,+3.06,+19.203, +5.974,+0.917
1680373020,+3.06,+19.219, +5.956,+0.917
1680373080,+3.06,+19.236, +5.932,+0.917
1680373140,+3.06,+19.228, +5.921,+0.917
1680373200,+3.06,+19.228, +5.906,+0.917
1680373260,+3.06,+19.228, +5.889,+0.917
1680373320,+3.06,+19.236, +5.867,+0.917
1680373380,+3.06,+19.253, +5.852,+0.917
1680373440,+3.06,+19.253, +5.832,+0.917
1680373500,+3.06,+19.261, +5.815,+0.917
1680373560,+3.06,+19.253, +5.795,+0.917
1680373620,+3.06,+19.270, +5.788,+0.918
1680373680,+3.06,+19.270, +5.764,+0.917
1680373740,+3.06,+19.270, +5.751,+0.917
1680373800,+3.06,+19.303, +5.725,+0.917
1680373860,+3.06,+19.287, +5.718,+0.917
1680373920,+3.06,+19.295, +5.694,+0.917
1680373980,+3.06,+19.295, +5.681,+0.917
1680374040,+3.06,+19.303, +5.662,+0.917
1680374100,+3.06,+19.303, +5.645,+0.917
1680374160,+3.06,+19.312, +5.625,+0.917
1680374220,+3.06,+19.312, +5.608,+0.917
1680374280,+3.06,+19.320, +5.597,+0.918
1680374340,+3.06,+19.320, +5.578,+0.918
1680374400,+3.06,+19.312, +5.562,+0.917
1680374460,+3.06,+19.329, +5.543,+0.918
1680374520,+3.06,+19.320, +5.523,+0.917
1680374580,+3.06,+19.329, +5.506,+0.917
1680374640,+3.06,+19.303, +5.492,+0.917
1680374700,+3.06,+19.329, +5.471,+0.917
1680374760,+3.06,+19.320, +5.457,+0.917
1680374820,+3.06,+19.345, +5.437,+0.918
1680374880,+3.06,+19.337, +5.421,+0.918
1680374940,+3.06,+19.337, +5.401,+0.918
1680375000,+3.06,+19.337, +5.383,+0.918
1680375060,+3.06,+19.320, +5.367,+0.918
1680375120,+3.06,+19.329, +5.348,+0.917
1680375180,+3.06,+19.337, +5.330,+0.918
1680375240,+3.06,+19.362, +5.309,+0.918
1680375300,+3.06,+19.362, +5.292,+0.918
1680375360,+3.06,+19.345, +5.272,+0.918
1680375420,+3.06,+19.370, +5.248,+0.918
1680375480,+3.06,+19.362, +5.234,+0.918
1680375540,+3.06,+19.387, +5.209,+0.918
1680375600,+3.06,+19.412, +5.185,+0.918
1680375660,+3.06,+19.387, +5.172,+0.918
1680375720,+3.06,+19.404, +5.148,+0.918
1680375780,+3.06,+19.412, +5.123,+0.918
1680375840,+3.06,+19.429, +5.101,+0.918
1680375900,+3.06,+19.438, +5.078,+0.918
1680375960,+3.06,+19.421, +5.058,+0.918
1680376020,+3.06,+19.454, +5.027,+0.918
1680376080,+3.06,+19.454, +5.006,+0.919
1680376140,+3.06,+19.454, +4.974,+0.918
1680376200,+3.06,+19.438, +4.952,+0.918
1680376260,+3.06,+19.446, +4.923,+0.918
1680376320,+3.06,+19.463, +4.889,+0.918
1680376380,+3.06,+19.463, +4.864,+0.919
1680376440,+3.06,+19.471, +4.832,+0.918
1680376500,+3.06,+19.471, +4.793,+0.918
1680376560,+3.06,+19.471, +4.758,+0.918
1680376620,+3.06,+19.471, +4.721,+0.919
1680376680,+3.06,+19.471, +4.677,+0.918
1680376740,+3.06,+19.471, +4.632,+0.918
1680376800,+3.06,+19.496, +4.579,+0.918
1680376860,+3.06,+19.488, +4.530,+0.918
1680376920,+3.06,+19.480, +4.475,+0.918
1680376980,+3.06,+19.496, +4.412,+0.918
1680377040,+3.06,+19.505, +4.348,+0.918
1680377100,+3.06,+19.505, +4.281,+0.918
1680377160,+3.06,+19.513, +4.203,+0.917
1680377220,+3.06,+19.513, +4.120,+0.916
1680377280,+3.06,+19.521, +4.036,+0.916
1680377340,+3.06,+19.505, +3.946,+0.916
1680377400,+3.06,+19.521, +3.850,+0.915
1680377460,+3.06,+19.555, +3.742,+0.914
1680377520,+3.06,+19.538, +3.635,+0.914
1680377580,+3.06,+19.538, +3.523,+0.913
1680377640,+3.06,+19.547, +3.404,+0.912
1680377700,+3.06,+19.563, +3.277,+0.911
1680377760,+3.06,+19.555, +3.152,+0.910
1680377820,+3.06,+19.589, +3.012,+0.909
1680377880,+3.06,+19.589, +2.878,+0.908
1680377940,+3.06,+19.589, +2.736,+0.906
1680378000,+3.06,+19.597, +2.592,+0.905
1680378060,+3.06,+19.597, +2.447,+0.904
1680378120,+3.06,+19.597, +2.301,+0.903
1680378180,+3.06,+19.614, +2.151,+0.901
1680378240,+3.06,+19.605, +2.006,+0.900
1680378300,+3.06,+19.614, +1.859,+0.899
1680378360,+3.06,+19.622, +1.715,+0.898
1680378420,+3.06,+19.614, +1.577,+0.897
1680378480,+3.06,+19.630, +1.443,+0.896
1680378540,+3.06,+19.547, +7.338,+0.916
1680378600,+3.06,+19.320, +7.570,+0.918
1680378660,+3.06,+19.320, +7.562,+0.918
1680378720,+3.06,+19.094, +7.615,+0.918
1680378780,+3.06,+18.976, +7.640,+0.918
1680378840,+3.06,+18.884, +7.662,+0.918
1680378900,+3.06,+18.842, +7.690,+0.918
1680378960,+3.06,+18.816, +7.677,+0.918
1680379020,+3.06,+18.699, +7.779,+0.918
1680379080,+3.06,+18.707, +7.795,+0.917
1680379140,+3.06,+18.757, +7.810,+0.918
1680379200,+3.06,+18.842, +7.780,+0.917
1680379260,+3.06,+18.942, +7.744,+0.918
