7450-529728
OS REV: 1.05 Sensor Cal: 1580916347
Time (sec),  BV (Volts),  T (deg C),  DO (mg/l),  Q ()
1705460760,+2.69,+21.259, +7.145,+0.911
1705460820,+2.69,+21.259, +7.137,+0.910
1705460880,+2.69,+21.259, +7.146,+0.911
1705460940,+2.69,+21.234, +7.146,+0.911
1705461000,+2.69,+21.217, +7.147,+0.911
1705461060,+2.69,+21.184, +7.141,+0.910
1705461120,+2.69,+21.175, +7.137,+0.910
1705461180,+2.69,+21.125, +7.133,+0.910
1705461240,+2.69,+21.100, +7.138,+0.911
1705461300,+2.69,+21.058, +7.144,+0.910
1705461360,+2.70,+18.108, +6.692,+0.902
1705461420,+2.70,+14.694, +7.544,+0.906
1705461480,+2.70,+12.768, +8.045,+0.907
1705461540,+2.70,+11.552, +8.416,+0.908
1705461600,+2.70,+10.760, +8.641,+0.909
1705461660,+2.71,+10.215, +8.808,+0.909
1705461720,+2.70, +9.831, +8.923,+0.909
1705461780,+2.70, +9.537, +9.020,+0.909
1705461840,+2.71, +9.325, +9.089,+0.909
1705461900,+2.71, +9.177, +9.141,+0.909
1705461960,+2.71, +9.056, +9.182,+0.909
1705462020,+2.71, +8.954, +9.219,+0.909
1705462080,+2.70, +8.898, +9.243,+0.909
1705462140,+2.70, +8.814, +9.272,+0.910
1705462200,+2.70, +8.777, +9.274,+0.909
1705462260,+2.70, +8.730, +9.296,+0.909
1705462320,+2.70, +8.702, +9.297,+0.909
1705462380,+2.70, +8.693, +9.310,+0.909
1705462440,+2.70, +8.656, +9.323,+0.909
1705462500,+2.70, +8.637, +9.319,+0.909
1705462560,+2.70, +8.627, +9.324,+0.909
1705462620,+2.70, +8.618, +9.331,+0.909
1705462680,+2.70, +8.618, +9.333,+0.909
1705462740,+2.70, +8.599, +9.339,+0.909
1705462800,+2.70, +8.590, +9.341,+0.909
1705462860,+2.70, +8.599, +9.339,+0.909
1705462920,+2.70, +8.590, +9.337,+0.909
1705462980,+2.70, +8.590, +9.347,+0.909
1705463040,+2.70, +8.571, +9.347,+0.909
1705463100,+2.70, +8.599, +9.341,+0.909
1705463160,+2.70, +8.581, +9.340,+0.908
1705463220,+2.70, +8.571, +9.350,+0.908
1705463280,+2.70, +8.599, +9.331,+0.908
1705463340,+2.70, +8.609, +9.344,+0.909
1705463400,+2.70, +8.618, +9.335,+0.908
1705463460,+2.70, +8.599, +9.333,+0.908
1705463520,+2.70, +8.618, +9.339,+0.909
1705463580,+2.70, +8.627, +9.329,+0.908
1705463640,+2.70, +8.637, +9.318,+0.908
1705463700,+2.70, +8.637, +9.337,+0.909
1705463760,+2.70, +8.646, +9.324,+0.908
1705463820,+2.70, +8.646, +9.334,+0.909
1705463880,+2.70, +8.665, +9.316,+0.908
1705463940,+2.70, +8.674, +9.317,+0.908
1705464000,+2.70, +8.665, +9.322,+0.908
1705464060,+2.70, +8.684, +9.312,+0.908
1705464120,+2.70, +8.693, +9.310,+0.908
1705464180,+2.70, +8.674, +9.317,+0.908
1705464240,+2.70, +8.712, +9.315,+0.909
1705464300,+2.70, +8.712, +9.297,+0.908
1705464360,+2.70, +8.721, +9.299,+0.908
1705464420,+2.70, +8.730, +9.297,+0.908
1705464480,+2.70, +8.740, +9.292,+0.908
1705464540,+2.70, +8.758, +9.286,+0.908
1705464600,+2.70, +8.749, +9.288,+0.908
1705464660,+2.70, +8.768, +9.283,+0.908
1705464720,+2.70, +8.777, +9.292,+0.909
1705464780,+2.70, +8.768, +9.278,+0.908
1705464840,+2.70, +8.786, +9.280,+0.908
1705464900,+2.70, +8.805, +9.274,+0.908
1705464960,+2.70, +8.814, +9.268,+0.908
1705465020,+2.70, +8.824, +9.270,+0.908
1705465080,+2.70, +8.824, +9.259,+0.908
1705465140,+2.70, +8.824, +9.259,+0.908
1705465200,+2.70, +8.861, +9.263,+0.908
1705465260,+2.70, +8.851, +9.265,+0.908
1705465320,+2.70, +8.870, +9.257,+0.908
1705465380,+2.70, +8.870, +9.251,+0.908
1705465440,+2.70, +8.889, +9.245,+0.908
1705465500,+2.70, +8.889, +9.244,+0.908
1705465560,+2.70, +8.898, +9.250,+0.908
1705465620,+2.70, +8.917, +9.239,+0.908
1705465680,+2.70, +8.917, +9.246,+0.908
1705465740,+2.71, +8.945, +9.230,+0.908
1705465800,+2.71, +8.963, +9.223,+0.908
1705465860,+2.71, +8.963, +9.231,+0.908
1705465920,+2.71, +8.963, +9.227,+0.908
1705465980,+2.71, +8.982, +9.219,+0.908
1705466040,+2.71, +8.991, +9.222,+0.908
1705466100,+2.71, +8.991, +9.213,+0.907
1705466160,+2.71, +9.010, +9.211,+0.908
1705466220,+2.71, +9.028, +9.218,+0.908
1705466280,+2.71, +9.038, +9.206,+0.908
1705466340,+2.71, +9.038, +9.208,+0.908
1705466400,+2.71, +9.056, +9.202,+0.908
1705466460,+2.71, +9.065, +9.204,+0.908
1705466520,+2.71, +9.075, +9.204,+0.908
1705466580,+2.71, +9.093, +9.195,+0.908
1705466640,+2.71, +9.103, +9.199,+0.908
1705466700,+2.71, +9.093, +9.206,+0.908
1705466760,+2.71, +9.121, +9.192,+0.908
1705466820,+2.71, +9.130, +9.188,+0.908
1705466880,+2.71, +9.158, +9.179,+0.908
1705466940,+2.71, +9.158, +9.182,+0.908
1705467000,+2.71, +9.149, +9.183,+0.908
1705467060,+2.71, +9.177, +9.178,+0.908
1705467120,+2.71, +9.186, +9.173,+0.908
1705467180,+2.71, +9.186, +9.172,+0.908
1705467240,+2.71, +9.205, +9.166,+0.908
1705467300,+2.71, +9.214, +9.164,+0.908
1705467360,+2.71, +9.232, +9.157,+0.908
1705467420,+2.71, +9.232, +9.156,+0.908
1705467480,+2.71, +9.269, +9.145,+0.907
1705467540,+2.71, +9.251, +9.158,+0.908
1705467600,+2.71, +9.279, +9.146,+0.908
1705467660,+2.71, +9.269, +9.158,+0.908
1705467720,+2.71, +9.316, +9.142,+0.908
1705467780,+2.71, +9.316, +9.145,+0.908
1705467840,+2.71, +9.316, +9.129,+0.907
1705467900,+2.71, +9.325, +9.122,+0.907
1705467960,+2.71, +9.343, +9.126,+0.907
1705468020,+2.71, +9.343, +9.132,+0.908
1705468080,+2.71, +9.371, +9.119,+0.908
1705468140,+2.71, +9.362, +9.133,+0.908
1705468200,+2.71, +9.371, +9.125,+0.908
1705468260,+2.71, +9.371, +9.123,+0.907
1705468320,+2.71, +9.399, +9.113,+0.907
1705468380,+2.70, +9.408, +9.109,+0.907
1705468440,+2.70, +9.408, +9.100,+0.907
1705468500,+2.70, +9.426, +9.102,+0.907
1705468560,+2.70, +9.417, +9.120,+0.908
1705468620,+2.70, +9.426, +9.101,+0.907
1705468680,+2.70, +9.445, +9.091,+0.907
1705468740,+2.70, +9.445, +9.108,+0.908
1705468800,+2.70, +9.463, +9.094,+0.907
1705468860,+2.70, +9.473, +9.095,+0.907
1705468920,+2.70, +9.491, +9.098,+0.908
1705468980,+2.70, +9.491, +9.098,+0.908
1705469040,+2.70, +9.509, +9.090,+0.908
1705469100,+2.70, +9.519, +9.085,+0.907
1705469160,+2.70, +9.519, +9.089,+0.908
1705469220,+2.70, +9.528, +9.078,+0.907
1705469280,+2.70, +9.537, +9.083,+0.908
1705469340,+2.70, +9.574, +9.065,+0.907
1705469400,+2.70, +9.565, +9.076,+0.908
1705469460,+2.70, +9.574, +9.064,+0.907
1705469520,+2.70, +9.592, +9.069,+0.908
1705469580,+2.70, +9.602, +9.069,+0.908
1705469640,+2.70, +9.611, +9.066,+0.907
1705469700,+2.70, +9.629, +9.063,+0.907
1705469760,+2.70, +9.629, +9.060,+0.908
1705469820,+2.70, +9.657, +9.052,+0.908
1705469880,+2.70, +9.648, +9.053,+0.907
1705469940,+2.70, +9.675, +9.048,+0.908
1705470000,+2.70, +9.666, +9.052,+0.907
1705470060,+2.70, +9.675, +9.064,+0.908
1705470120,+2.70, +9.694, +9.046,+0.907
1705470180,+2.70, +9.703, +9.037,+0.907
1705470240,+2.70, +9.740, +9.035,+0.908
1705470300,+2.70, +9.730, +9.037,+0.907
1705470360,+2.70, +9.730, +9.045,+0.908
1705470420,+2.70, +9.767, +9.022,+0.907
1705470480,+2.70, +9.758, +9.031,+0.908
1705470540,+2.70, +9.776, +9.034,+0.908
1705470600,+2.70, +9.776, +9.015,+0.907
1705470660,+2.70, +9.776, +9.033,+0.908
1705470720,+2.70, +9.813, +9.011,+0.907
1705470780,+2.70, +9.822, +9.011,+0.907
1705470840,+2.70, +9.813, +9.003,+0.906
1705470900,+2.70, +9.831, +9.005,+0.907
1705470960,+2.70, +9.850, +9.006,+0.907
1705471020,+2.70, +9.859, +9.007,+0.908
1705471080,+2.70, +9.859, +9.000,+0.907
1705471140,+2.70, +9.877, +9.001,+0.907
1705471200,+2.70, +9.886, +9.000,+0.907
1705471260,+2.70, +9.914, +8.988,+0.907
1705471320,+2.70, +9.914, +8.991,+0.907
1705471380,+2.70, +9.914, +8.990,+0.907
1705471440,+2.70, +9.932, +8.989,+0.907
1705471500,+2.70, +9.914, +8.989,+0.907
1705471560,+2.70, +9.950, +8.990,+0.908
1705471620,+2.70, +9.960, +8.982,+0.908
1705471680,+2.70, +9.969, +8.984,+0.907
1705471740,+2.70,+10.005, +8.970,+0.908
1705471800,+2.70, +9.969, +8.994,+0.908
1705471860,+2.70, +9.996, +8.977,+0.908
1705471920,+2.70,+10.005, +8.974,+0.907
1705471980,+2.70,+10.005, +8.984,+0.908
1705472040,+2.70,+10.024, +8.970,+0.907
1705472100,+2.70,+10.033, +8.954,+0.907
1705472160,+2.70,+10.033, +8.962,+0.907
1705472220,+2.70,+10.051, +8.949,+0.907
1705472280,+2.70,+10.060, +8.962,+0.907
1705472340,+2.70,+10.060, +8.961,+0.907
1705472400,+2.70,+10.069, +8.965,+0.908
1705472460,+2.70,+10.088, +8.956,+0.908
1705472520,+2.70,+10.088, +8.948,+0.907
1705472580,+2.70,+10.133, +8.944,+0.908
1705472640,+2.71,+10.133, +8.929,+0.907
1705472700,+2.71,+10.124, +8.949,+0.908
1705472760,+2.71,+10.142, +8.933,+0.907
1705472820,+2.71,+10.133, +8.956,+0.908
1705472880,+2.71,+10.152, +8.935,+0.907
1705472940,+2.71,+10.170, +8.934,+0.907
1705473000,+2.71,+10.179, +8.937,+0.908
1705473060,+2.71,+10.197, +8.916,+0.907
1705473120,+2.71,+10.197, +8.940,+0.908
1705473180,+2.71,+10.215, +8.934,+0.908
1705473240,+2.71,+10.234, +8.921,+0.907
1705473300,+2.71,+10.252, +8.902,+0.907
1705473360,+2.71,+10.252, +8.918,+0.908
1705473420,+2.71,+10.252, +8.917,+0.908
1705473480,+2.71,+10.252, +8.913,+0.907
1705473540,+2.71,+10.279, +8.921,+0.908
1705473600,+2.71,+10.288, +8.900,+0.907
1705473660,+2.71,+10.288, +8.901,+0.907
1705473720,+2.71,+10.307, +8.899,+0.907
1705473780,+2.71,+10.325, +8.893,+0.907
1705473840,+2.71,+10.325, +8.898,+0.907
1705473900,+2.71,+10.334, +8.892,+0.907
1705473960,+2.70,+10.361, +8.893,+0.907
1705474020,+2.70,+10.352, +8.888,+0.907
1705474080,+2.70,+10.388, +8.878,+0.907
1705474140,+2.70,+10.379, +8.890,+0.907
1705474200,+2.70,+10.407, +8.866,+0.907
1705474260,+2.70,+10.388, +8.884,+0.907
1705474320,+2.70,+10.416, +8.877,+0.907
1705474380,+2.70,+10.425, +8.873,+0.907
1705474440,+2.70,+10.416, +8.868,+0.907
1705474500,+2.70,+10.443, +8.870,+0.907
1705474560,+2.70,+10.452, +8.861,+0.907
1705474620,+2.70,+10.461, +8.878,+0.908
1705474680,+2.70,+10.488, +8.848,+0.907
1705474740,+2.70,+10.498, +8.859,+0.907
1705474800,+2.70,+10.488, +8.866,+0.907
1705474860,+2.70,+10.488, +8.862,+0.907
1705474920,+2.70,+10.525, +8.846,+0.907
1705474980,+2.70,+10.507, +8.858,+0.907
1705475040,+2.70,+10.534, +8.853,+0.907
1705475100,+2.70,+10.552, +8.838,+0.907
1705475160,+2.70,+10.534, +8.857,+0.908
1705475220,+2.70,+10.561, +8.850,+0.908
1705475280,+2.70,+10.561, +8.858,+0.908
1705475340,+2.70,+10.579, +8.841,+0.907
1705475400,+2.70,+10.597, +8.846,+0.907
1705475460,+2.70,+10.579, +8.848,+0.908
1705475520,+2.70,+10.579, +8.836,+0.907
1705475580,+2.70,+10.606, +8.837,+0.907
1705475640,+2.70,+10.615, +8.836,+0.907
1705475700,+2.70,+10.615, +8.834,+0.907
1705475760,+2.70,+10.643, +8.831,+0.907
1705475820,+2.70,+10.670, +8.825,+0.907
1705475880,+2.70,+10.661, +8.822,+0.907
1705475940,+2.70,+10.670, +8.812,+0.907
1705476000,+2.70,+10.679, +8.815,+0.907
1705476060,+2.70,+10.679, +8.818,+0.907
1705476120,+2.70,+10.715, +8.799,+0.907
1705476180,+2.70,+10.715, +8.812,+0.907
1705476240,+2.70,+10.715, +8.809,+0.907
1705476300,+2.70,+10.733, +8.798,+0.907
1705476360,+2.70,+10.733, +8.805,+0.907
1705476420,+2.70,+10.742, +8.807,+0.907
1705476480,+2.70,+10.760, +8.799,+0.907
1705476540,+2.70,+10.769, +8.780,+0.906
1705476600,+2.70,+10.769, +8.796,+0.907
1705476660,+2.70,+10.778, +8.802,+0.908
1705476720,+2.70,+10.787, +8.799,+0.907
1705476780,+2.70,+10.797, +8.798,+0.907
1705476840,+2.70,+10.824, +8.787,+0.907
1705476900,+2.70,+10.842, +8.786,+0.908
1705476960,+2.70,+10.833, +8.788,+0.907
1705477020,+2.70,+10.833, +8.792,+0.907
1705477080,+2.70,+10.869, +8.770,+0.907
1705477140,+2.70,+10.869, +8.782,+0.908
1705477200,+2.70,+10.869, +8.781,+0.907
1705477260,+2.70,+10.896, +8.775,+0.907
1705477320,+2.70,+10.905, +8.772,+0.907
1705477380,+2.70,+10.923, +8.762,+0.907
1705477440,+2.70,+10.905, +8.774,+0.907
1705477500,+2.70,+10.932, +8.765,+0.907
1705477560,+2.70,+10.941, +8.776,+0.908
1705477620,+2.70,+10.959, +8.771,+0.908
1705477680,+2.70,+10.950, +8.767,+0.907
1705477740,+2.70,+10.968, +8.765,+0.908
1705477800,+2.70,+10.977, +8.757,+0.907
1705477860,+2.70,+10.995, +8.740,+0.907
1705477920,+2.70,+10.986, +8.759,+0.907
1705477980,+2.70,+11.013, +8.739,+0.907
1705478040,+2.70,+10.986, +8.758,+0.907
1705478100,+2.70,+11.040, +8.732,+0.907
1705478160,+2.70,+11.040, +8.737,+0.907
1705478220,+2.70,+11.049, +8.739,+0.907
1705478280,+2.70,+11.049, +8.740,+0.907
1705478340,+2.70,+11.067, +8.728,+0.907
1705478400,+2.70,+11.076, +8.721,+0.907
1705478460,+2.70,+11.076, +8.730,+0.907
1705478520,+2.70,+11.067, +8.732,+0.907
1705478580,+2.70,+11.094, +8.720,+0.907
1705478640,+2.70,+11.112, +8.713,+0.907
1705478700,+2.70,+11.121, +8.714,+0.907
1705478760,+2.70,+11.130, +8.713,+0.907
1705478820,+2.70,+11.148, +8.715,+0.907
1705478880,+2.70,+11.130, +8.720,+0.907
1705478940,+2.70,+11.148, +8.703,+0.906
1705479000,+2.70,+11.148, +8.711,+0.907
1705479060,+2.70,+11.175, +8.703,+0.907
1705479120,+2.70,+11.175, +8.713,+0.907
1705479180,+2.70,+11.193, +8.710,+0.908
1705479240,+2.70,+11.220, +8.688,+0.907
1705479300,+2.70,+11.211, +8.703,+0.907
1705479360,+2.70,+11.202, +8.702,+0.907
1705479420,+2.70,+11.229, +8.690,+0.907
1705479480,+2.70,+11.229, +8.690,+0.907
1705479540,+2.70,+11.247, +8.688,+0.907
1705479600,+2.70,+11.265, +8.680,+0.907
1705479660,+2.70,+11.265, +8.682,+0.907
1705479720,+2.70,+11.265, +8.685,+0.907
1705479780,+2.70,+11.265, +8.694,+0.907
1705479840,+2.70,+11.274, +8.681,+0.907
1705479900,+2.70,+11.292, +8.673,+0.907
1705479960,+2.70,+11.310, +8.667,+0.906
1705480020,+2.70,+11.319, +8.676,+0.907
1705480080,+2.70,+11.310, +8.680,+0.907
1705480140,+2.70,+11.328, +8.674,+0.907
1705480200,+2.70,+11.328, +8.669,+0.907
1705480260,+2.70,+11.346, +8.673,+0.907
1705480320,+2.70,+11.337, +8.676,+0.907
1705480380,+2.70,+11.373, +8.660,+0.907
1705480440,+2.70,+11.382, +8.669,+0.907
1705480500,+2.70,+11.382, +8.653,+0.907
1705480560,+2.70,+11.382, +8.653,+0.907
1705480620,+2.70,+11.391, +8.666,+0.907
1705480680,+2.70,+11.409, +8.655,+0.907
1705480740,+2.70,+11.409, +8.659,+0.907
1705480800,+2.70,+11.445, +8.647,+0.907
1705480860,+2.70,+11.453, +8.643,+0.907
1705480920,+2.70,+11.445, +8.655,+0.907
1705480980,+2.70,+11.471, +8.629,+0.907
1705481040,+2.70,+11.480, +8.629,+0.906
1705481100,+2.70,+11.480, +8.639,+0.907
1705481160,+2.70,+11.498, +8.632,+0.907
1705481220,+2.70,+11.498, +8.642,+0.907
1705481280,+2.70,+11.516, +8.623,+0.906
1705481340,+2.70,+11.507, +8.640,+0.907
1705481400,+2.70,+11.525, +8.625,+0.907
1705481460,+2.70,+11.543, +8.634,+0.908
1705481520,+2.70,+11.543, +8.625,+0.907
1705481580,+2.70,+11.552, +8.621,+0.907
1705481640,+2.70,+11.561, +8.626,+0.907
1705481700,+2.70,+11.579, +8.616,+0.907
1705481760,+2.70,+11.561, +8.611,+0.906
1705481820,+2.70,+11.588, +8.621,+0.907
1705481880,+2.70,+11.597, +8.626,+0.908
1705481940,+2.70,+11.615, +8.599,+0.906
1705482000,+2.70,+11.615, +8.608,+0.907
1705482060,+2.70,+11.632, +8.604,+0.907
1705482120,+2.70,+11.641, +8.599,+0.907
1705482180,+2.70,+11.632, +8.603,+0.907
1705482240,+2.70,+11.641, +8.617,+0.908
1705482300,+2.70,+11.641, +8.604,+0.907
1705482360,+2.70,+11.659, +8.610,+0.908
1705482420,+2.70,+11.677, +8.586,+0.907
1705482480,+2.70,+11.677, +8.595,+0.907
1705482540,+2.70,+11.695, +8.585,+0.907
1705482600,+2.70,+11.686, +8.608,+0.908
1705482660,+2.70,+11.713, +8.592,+0.907
1705482720,+2.70,+11.722, +8.587,+0.907
1705482780,+2.70,+11.722, +8.588,+0.907
1705482840,+2.70,+11.740, +8.578,+0.907
1705482900,+2.70,+11.731, +8.584,+0.907
1705482960,+2.70,+11.740, +8.575,+0.907
1705483020,+2.70,+11.757, +8.568,+0.907
1705483080,+2.70,+11.757, +8.575,+0.907
1705483140,+2.70,+11.757, +8.582,+0.907
1705483200,+2.70,+11.775, +8.558,+0.906
1705483260,+2.70,+11.793, +8.554,+0.907
1705483320,+2.70,+11.793, +8.567,+0.907
1705483380,+2.70,+11.802, +8.562,+0.907
1705483440,+2.70,+11.820, +8.563,+0.907
1705483500,+2.70,+11.802, +8.565,+0.907
1705483560,+2.70,+11.820, +8.560,+0.907
1705483620,+2.70,+11.829, +8.565,+0.907
1705483680,+2.70,+11.847, +8.554,+0.907
1705483740,+2.70,+11.856, +8.551,+0.907
1705483800,+2.70,+11.856, +8.546,+0.907
1705483860,+2.70,+11.856, +8.546,+0.907
1705483920,+2.70,+11.891, +8.543,+0.907
1705483980,+2.70,+11.873, +8.540,+0.907
1705484040,+2.70,+11.873, +8.555,+0.907
1705484100,+2.70,+11.882, +8.549,+0.907
1705484160,+2.70,+11.900, +8.545,+0.907
1705484220,+2.70,+11.927, +8.534,+0.907
1705484280,+2.70,+11.918, +8.550,+0.908
1705484340,+2.70,+11.927, +8.538,+0.907
1705484400,+2.70,+11.918, +8.535,+0.906
1705484460,+2.70,+11.953, +8.533,+0.907
1705484520,+2.70,+11.962, +8.542,+0.908
1705484580,+2.70,+11.980, +8.520,+0.907
1705484640,+2.70,+11.971, +8.531,+0.907
1705484700,+2.70,+11.980, +8.522,+0.907
1705484760,+2.70,+12.007, +8.522,+0.907
1705484820,+2.70,+11.998, +8.521,+0.907
1705484880,+2.70,+12.016, +8.511,+0.906
1705484940,+2.70,+12.025, +8.520,+0.907
1705485000,+2.70,+12.034, +8.509,+0.906
1705485060,+2.70,+12.042, +8.520,+0.907
1705485120,+2.70,+12.060, +8.517,+0.907
1705485180,+2.70,+12.060, +8.510,+0.907
1705485240,+2.70,+12.042, +8.513,+0.907
1705485300,+2.70,+12.069, +8.505,+0.906
1705485360,+2.70,+12.087, +8.496,+0.906
1705485420,+2.70,+12.087, +8.509,+0.907
1705485480,+2.70,+12.105, +8.501,+0.907
1705485540,+2.70,+12.105, +8.495,+0.906
1705485600,+2.70,+12.113, +8.502,+0.907
1705485660,+2.70,+12.131, +8.499,+0.907
1705485720,+2.70,+12.131, +8.499,+0.907
1705485780,+2.70,+12.149, +8.486,+0.906
1705485840,+2.70,+12.131, +8.507,+0.907
1705485900,+2.70,+12.158, +8.487,+0.906
1705485960,+2.70,+12.167, +8.484,+0.906
1705486020,+2.70,+12.193, +8.481,+0.907
1705486080,+2.70,+12.176, +8.488,+0.907
1705486140,+2.70,+12.211, +8.479,+0.907
1705486200,+2.70,+12.211, +8.475,+0.907
1705486260,+2.70,+12.202, +8.486,+0.907
1705486320,+2.70,+12.211, +8.475,+0.907
1705486380,+2.70,+12.220, +8.475,+0.907
1705486440,+2.70,+12.238, +8.483,+0.907
1705486500,+2.70,+12.238, +8.471,+0.907
1705486560,+2.70,+12.247, +8.467,+0.907
1705486620,+2.70,+12.247, +8.465,+0.906
1705486680,+2.70,+12.238, +8.473,+0.907
1705486740,+2.70,+12.273, +8.466,+0.907
1705486800,+2.70,+12.264, +8.473,+0.907
1705486860,+2.70,+12.273, +8.459,+0.906
1705486920,+2.70,+12.282, +8.468,+0.907
1705486980,+2.70,+12.291, +8.458,+0.907
1705487040,+2.70,+12.291, +8.466,+0.907
1705487100,+2.70,+12.309, +8.447,+0.906
1705487160,+2.70,+12.317, +8.450,+0.906
1705487220,+2.70,+12.326, +8.448,+0.906
1705487280,+2.70,+12.317, +8.455,+0.907
1705487340,+2.70,+12.326, +8.457,+0.907
1705487400,+2.70,+12.353, +8.447,+0.907
1705487460,+2.70,+12.353, +8.446,+0.907
1705487520,+2.70,+12.353, +8.451,+0.907
1705487580,+2.70,+12.362, +8.450,+0.907
1705487640,+2.70,+12.362, +8.440,+0.907
1705487700,+2.70,+12.371, +8.449,+0.907
1705487760,+2.70,+12.388, +8.442,+0.907
1705487820,+2.70,+12.388, +8.446,+0.907
1705487880,+2.70,+12.397, +8.443,+0.907
1705487940,+2.70,+12.415, +8.439,+0.907
1705488000,+2.70,+12.424, +8.437,+0.907
1705488060,+2.70,+12.415, +8.436,+0.907
1705488120,+2.70,+12.424, +8.439,+0.907
1705488180,+2.70,+12.450, +8.426,+0.906
1705488240,+2.70,+12.441, +8.433,+0.907
1705488300,+2.70,+12.468, +8.426,+0.906
1705488360,+2.70,+12.477, +8.428,+0.907
1705488420,+2.70,+12.486, +8.419,+0.906
1705488480,+2.70,+12.494, +8.417,+0.906
1705488540,+2.70,+12.486, +8.428,+0.907
1705488600,+2.70,+12.521, +8.420,+0.907
1705488660,+2.70,+12.503, +8.432,+0.907
1705488720,+2.70,+12.539, +8.402,+0.906
1705488780,+2.70,+12.521, +8.421,+0.907
1705488840,+2.70,+12.539, +8.412,+0.906
1705488900,+2.70,+12.556, +8.408,+0.906
1705488960,+2.70,+12.539, +8.431,+0.907
1705489020,+2.70,+12.547, +8.423,+0.907
1705489080,+2.70,+12.574, +8.410,+0.907
1705489140,+2.70,+12.565, +8.412,+0.906
1705489200,+2.70,+12.600, +8.411,+0.907
1705489260,+2.70,+12.592, +8.408,+0.907
1705489320,+2.70,+12.618, +8.398,+0.907
1705489380,+2.70,+12.609, +8.408,+0.907
1705489440,+2.70,+12.627, +8.394,+0.906
1705489500,+2.70,+12.627, +8.399,+0.907
1705489560,+2.70,+12.653, +8.381,+0.906
1705489620,+2.70,+12.645, +8.394,+0.906
1705489680,+2.70,+12.662, +8.393,+0.907
1705489740,+2.70,+12.653, +8.386,+0.906
1705489800,+2.70,+12.662, +8.400,+0.907
1705489860,+2.70,+12.680, +8.381,+0.906
1705489920,+2.70,+12.671, +8.388,+0.907
1705489980,+2.70,+12.697, +8.389,+0.907
1705490040,+2.70,+12.697, +8.390,+0.907
1705490100,+2.70,+12.724, +8.381,+0.907
1705490160,+2.70,+12.724, +8.379,+0.906
1705490220,+2.70,+12.733, +8.375,+0.907
1705490280,+2.70,+12.715, +8.378,+0.906
1705490340,+2.70,+12.733, +8.374,+0.906
1705490400,+2.70,+12.733, +8.368,+0.906
1705490460,+2.70,+12.759, +8.369,+0.906
1705490520,+2.70,+12.777, +8.366,+0.907
1705490580,+2.70,+12.768, +8.366,+0.906
1705490640,+2.70,+12.768, +8.371,+0.907
1705490700,+2.70,+12.786, +8.371,+0.907
1705490760,+2.70,+12.794, +8.351,+0.906
1705490820,+2.70,+12.794, +8.362,+0.906
1705490880,+2.70,+12.821, +8.353,+0.906
1705490940,+2.70,+12.794, +8.362,+0.906
1705491000,+2.70,+12.812, +8.362,+0.907
1705491060,+2.70,+12.821, +8.345,+0.906
1705491120,+2.70,+12.821, +8.357,+0.907
1705491180,+2.70,+12.830, +8.358,+0.907
1705491240,+2.70,+12.838, +8.361,+0.907
1705491300,+2.70,+12.856, +8.346,+0.906
1705491360,+2.70,+12.865, +8.343,+0.906
1705491420,+2.70,+12.865, +8.338,+0.906
1705491480,+2.70,+12.882, +8.336,+0.906
1705491540,+2.70,+12.874, +8.343,+0.906
1705491600,+2.70,+12.900, +8.341,+0.906
1705491660,+2.70,+12.909, +8.338,+0.907
1705491720,+2.70,+12.909, +8.340,+0.907
1705491780,+2.70,+12.909, +8.336,+0.906
1705491840,+2.70,+12.926, +8.339,+0.907
1705491900,+2.70,+12.935, +8.335,+0.907
1705491960,+2.70,+12.961, +8.324,+0.906
1705492020,+2.70,+12.953, +8.327,+0.906
1705492080,+2.70,+12.961, +8.340,+0.907
1705492140,+2.70,+12.970, +8.327,+0.907
1705492200,+2.70,+12.970, +8.332,+0.907
1705492260,+2.70,+12.961, +8.328,+0.906
1705492320,+2.70,+12.979, +8.324,+0.906
1705492380,+2.70,+12.988, +8.331,+0.907
1705492440,+2.70,+12.979, +8.333,+0.907
1705492500,+2.70,+12.988, +8.333,+0.907
1705492560,+2.70,+13.032, +8.307,+0.906
1705492620,+2.70,+13.023, +8.304,+0.905
1705492680,+2.70,+13.032, +8.313,+0.906
1705492740,+2.70,+13.032, +8.311,+0.906
1705492800,+2.70,+13.041, +8.319,+0.907
1705492860,+2.70,+13.058, +8.307,+0.906
1705492920,+2.70,+13.067, +8.312,+0.906
1705492980,+2.70,+13.076, +8.308,+0.906
1705493040,+2.70,+13.084, +8.313,+0.907
1705493100,+2.70,+13.084, +8.302,+0.906
1705493160,+2.70,+13.093, +8.313,+0.907
1705493220,+2.70,+13.111, +8.307,+0.907
1705493280,+2.70,+13.120, +8.296,+0.906
1705493340,+2.70,+13.128, +8.287,+0.906
1705493400,+2.70,+13.128, +8.293,+0.906
1705493460,+2.70,+13.120, +8.307,+0.907
1705493520,+2.70,+13.146, +8.294,+0.906
1705493580,+2.70,+13.163, +8.280,+0.906
1705493640,+2.70,+13.163, +8.289,+0.906
1705493700,+2.70,+13.172, +8.294,+0.906
1705493760,+2.70,+13.181, +8.288,+0.906
1705493820,+2.70,+13.190, +8.287,+0.906
1705493880,+2.70,+13.190, +8.279,+0.906
1705493940,+2.70,+13.207, +8.283,+0.906
1705494000,+2.70,+13.216, +8.275,+0.906
1705494060,+2.70,+13.198, +8.283,+0.906
1705494120,+2.70,+13.225, +8.276,+0.906
1705494180,+2.70,+13.233, +8.273,+0.906
1705494240,+2.70,+13.225, +8.280,+0.906
1705494300,+2.70,+13.269, +8.246,+0.905
1705494360,+2.70,+13.251, +8.271,+0.906
1705494420,+2.70,+13.260, +8.270,+0.906
1705494480,+2.70,+13.277, +8.262,+0.906
1705494540,+2.70,+13.260, +8.265,+0.906
1705494600,+2.70,+13.295, +8.262,+0.906
1705494660,+2.69,+13.286, +8.262,+0.906
1705494720,+2.70,+13.312, +8.254,+0.906
1705494780,+2.70,+13.295, +8.255,+0.906
1705494840,+2.70,+13.312, +8.270,+0.907
1705494900,+2.70,+13.339, +8.241,+0.906
1705494960,+2.70,+13.339, +8.253,+0.906
1705495020,+2.69,+13.330, +8.258,+0.906
1705495080,+2.70,+13.347, +8.249,+0.907
1705495140,+2.69,+13.356, +8.260,+0.907
1705495200,+2.69,+13.356, +8.246,+0.906
1705495260,+2.69,+13.374, +8.258,+0.907
1705495320,+2.69,+13.365, +8.244,+0.906
1705495380,+2.69,+13.374, +8.252,+0.907
1705495440,+2.69,+13.391, +8.240,+0.906
1705495500,+2.69,+13.391, +8.249,+0.906
1705495560,+2.69,+13.417, +8.237,+0.906
1705495620,+2.69,+13.409, +8.242,+0.906
1705495680,+2.69,+13.426, +8.245,+0.906
1705495740,+2.69,+13.409, +8.252,+0.906
1705495800,+2.69,+13.444, +8.226,+0.906
1705495860,+2.69,+13.444, +8.225,+0.906
1705495920,+2.69,+13.435, +8.237,+0.906
1705495980,+2.69,+13.461, +8.229,+0.906
1705496040,+2.69,+13.452, +8.238,+0.906
1705496100,+2.70,+13.487, +8.225,+0.906
1705496160,+2.70,+13.487, +8.235,+0.907
1705496220,+2.70,+13.505, +8.223,+0.906
1705496280,+2.70,+13.505, +8.232,+0.906
1705496340,+2.70,+13.522, +8.229,+0.907
1705496400,+2.70,+13.522, +8.236,+0.907
1705496460,+2.70,+13.540, +8.232,+0.907
1705496520,+2.70,+13.531, +8.219,+0.906
1705496580,+2.70,+13.540, +8.222,+0.906
1705496640,+2.70,+13.540, +8.214,+0.906
1705496700,+2.70,+13.548, +8.229,+0.907
1705496760,+2.70,+13.575, +8.218,+0.906
1705496820,+2.70,+13.583, +8.214,+0.906
1705496880,+2.70,+13.592, +8.209,+0.906
1705496940,+2.70,+13.601, +8.204,+0.906
1705497000,+2.70,+13.618, +8.206,+0.906
1705497060,+2.70,+13.609, +8.209,+0.906
1705497120,+2.70,+13.601, +8.215,+0.906
1705497180,+2.70,+13.627, +8.200,+0.906
1705497240,+2.70,+13.644, +8.192,+0.906
1705497300,+2.70,+13.662, +8.197,+0.906
1705497360,+2.70,+13.653, +8.204,+0.906
1705497420,+2.70,+13.679, +8.198,+0.906
1705497480,+2.70,+13.679, +8.191,+0.906
1705497540,+2.70,+13.679, +8.202,+0.906
1705497600,+2.70,+13.697, +8.197,+0.906
1705497660,+2.70,+13.705, +8.196,+0.906
1705497720,+2.70,+13.705, +8.193,+0.906
1705497780,+2.70,+13.731, +8.192,+0.906
1705497840,+2.70,+13.723, +8.197,+0.907
1705497900,+2.70,+13.740, +8.181,+0.906
1705497960,+2.70,+13.740, +8.191,+0.906
1705498020,+2.70,+13.749, +8.189,+0.906
1705498080,+2.70,+13.749, +8.186,+0.906
1705498140,+2.70,+13.784, +8.177,+0.906
1705498200,+2.70,+13.775, +8.192,+0.907
1705498260,+2.70,+13.792, +8.167,+0.906
1705498320,+2.70,+13.792, +8.171,+0.906
1705498380,+2.70,+13.792, +8.183,+0.906
1705498440,+2.70,+13.810, +8.175,+0.906
1705498500,+2.70,+13.819, +8.167,+0.906
1705498560,+2.70,+13.827, +8.180,+0.907
1705498620,+2.70,+13.836, +8.174,+0.907
1705498680,+2.70,+13.836, +8.172,+0.906
1705498740,+2.70,+13.853, +8.161,+0.906
1705498800,+2.70,+13.888, +8.160,+0.906
1705498860,+2.70,+13.879, +8.159,+0.906
1705498920,+2.70,+13.879, +8.161,+0.906
1705498980,+2.70,+13.879, +8.164,+0.906
1705499040,+2.70,+13.862, +8.172,+0.906
1705499100,+2.70,+13.906, +8.157,+0.906
1705499160,+2.70,+13.906, +8.164,+0.906
1705499220,+2.70,+13.888, +8.163,+0.906
1705499280,+2.70,+13.906, +8.155,+0.906
1705499340,+2.70,+13.923, +8.156,+0.906
1705499400,+2.70,+13.914, +8.155,+0.906
1705499460,+2.70,+13.940, +8.152,+0.906
1705499520,+2.70,+13.949, +8.146,+0.906
1705499580,+2.70,+13.940, +8.156,+0.906
1705499640,+2.70,+13.966, +8.148,+0.906
1705499700,+2.70,+13.975, +8.149,+0.906
1705499760,+2.70,+13.984, +8.144,+0.906
1705499820,+2.70,+13.992, +8.140,+0.906
1705499880,+2.70,+13.984, +8.144,+0.906
1705499940,+2.70,+14.010, +8.133,+0.906
1705500000,+2.70,+13.984, +8.148,+0.906
1705500060,+2.70,+14.010, +8.152,+0.907
1705500120,+2.70,+14.010, +8.136,+0.906
1705500180,+2.70,+14.027, +8.123,+0.905
1705500240,+2.70,+14.010, +8.139,+0.906
1705500300,+2.70,+14.036, +8.137,+0.906
1705500360,+2.70,+14.036, +8.127,+0.905
1705500420,+2.70,+14.062, +8.120,+0.905
1705500480,+2.70,+14.062, +8.122,+0.905
1705500540,+2.70,+14.062, +8.128,+0.906
1705500600,+2.70,+14.079, +8.137,+0.906
1705500660,+2.70,+14.105, +8.123,+0.906
1705500720,+2.70,+14.097, +8.138,+0.907
1705500780,+2.70,+14.105, +8.134,+0.907
1705500840,+2.70,+14.105, +8.118,+0.906
1705500900,+2.70,+14.123, +8.123,+0.906
1705500960,+2.70,+14.123, +8.112,+0.906
1705501020,+2.70,+14.131, +8.124,+0.906
1705501080,+2.70,+14.140, +8.116,+0.906
1705501140,+2.70,+14.157, +8.116,+0.906
1705501200,+2.70,+14.157, +8.106,+0.905
1705501260,+2.70,+14.175, +8.112,+0.906
1705501320,+2.70,+14.166, +8.118,+0.906
1705501380,+2.70,+14.175, +8.118,+0.906
1705501440,+2.70,+14.201, +8.101,+0.906
1705501500,+2.70,+14.192, +8.107,+0.906
1705501560,+2.70,+14.218, +8.112,+0.906
1705501620,+2.69,+14.201, +8.117,+0.906
1705501680,+2.69,+14.227, +8.112,+0.906
1705501740,+2.69,+14.227, +8.112,+0.906
1705501800,+2.69,+14.253, +8.115,+0.907
1705501860,+2.69,+14.253, +8.104,+0.906
1705501920,+2.69,+14.270, +8.103,+0.906
1705501980,+2.69,+14.253, +8.107,+0.906
1705502040,+2.69,+14.287, +8.101,+0.906
1705502100,+2.69,+14.313, +8.095,+0.906
1705502160,+2.69,+14.287, +8.105,+0.907
1705502220,+2.69,+14.322, +8.085,+0.906
1705502280,+2.69,+14.313, +8.083,+0.906
1705502340,+2.69,+14.339, +8.090,+0.906
1705502400,+2.69,+14.348, +8.088,+0.906
1705502460,+2.69,+14.357, +8.082,+0.906
1705502520,+2.69,+14.348, +8.094,+0.906
1705502580,+2.69,+14.365, +8.084,+0.906
1705502640,+2.69,+14.357, +8.086,+0.906
1705502700,+2.69,+14.374, +8.085,+0.906
1705502760,+2.69,+14.391, +8.091,+0.907
1705502820,+2.69,+14.409, +8.076,+0.906
1705502880,+2.69,+14.400, +8.072,+0.906
1705502940,+2.69,+14.426, +8.071,+0.906
1705503000,+2.69,+14.435, +8.072,+0.906
1705503060,+2.69,+14.426, +8.071,+0.906
1705503120,+2.69,+14.452, +8.069,+0.906
1705503180,+2.69,+14.426, +8.081,+0.907
1705503240,+2.69,+14.461, +8.090,+0.907
1705503300,+2.69,+14.469, +8.067,+0.906
1705503360,+2.69,+14.478, +8.068,+0.906
1705503420,+2.69,+14.487, +8.058,+0.906
1705503480,+2.69,+14.504, +8.063,+0.906
1705503540,+2.69,+14.504, +8.076,+0.907
1705503600,+2.69,+14.521, +8.052,+0.906
1705503660,+2.69,+14.538, +8.044,+0.905
1705503720,+2.69,+14.530, +8.053,+0.906
1705503780,+2.69,+14.521, +8.050,+0.906
1705503840,+2.69,+14.538, +8.056,+0.906
1705503900,+2.69,+14.564, +8.044,+0.906
1705503960,+2.69,+14.573, +8.045,+0.906
1705504020,+2.69,+14.582, +8.047,+0.906
1705504080,+2.69,+14.582, +8.041,+0.906
1705504140,+2.69,+14.582, +8.041,+0.906
1705504200,+2.69,+14.607, +8.028,+0.906
1705504260,+2.70,+14.616, +8.031,+0.906
1705504320,+2.69,+14.599, +8.038,+0.906
1705504380,+2.70,+14.616, +8.044,+0.907
1705504440,+2.70,+14.651, +8.026,+0.906
1705504500,+2.69,+14.633, +8.038,+0.906
1705504560,+2.70,+14.651, +8.027,+0.906
1705504620,+2.70,+14.651, +8.035,+0.906
1705504680,+2.70,+14.651, +8.030,+0.906
1705504740,+2.70,+14.659, +8.025,+0.906
1705504800,+2.70,+14.668, +8.026,+0.906
1705504860,+2.70,+14.694, +8.032,+0.907
1705504920,+2.70,+14.702, +8.021,+0.906
1705504980,+2.70,+14.702, +8.016,+0.906
1705505040,+2.70,+14.694, +8.018,+0.906
1705505100,+2.70,+14.694, +8.020,+0.906
1705505160,+2.70,+14.694, +8.021,+0.906
1705505220,+2.70,+14.737, +8.024,+0.907
1705505280,+2.70,+14.720, +8.016,+0.906
1705505340,+2.70,+14.737, +8.016,+0.906
1705505400,+2.70,+14.754, +8.003,+0.906
1705505460,+2.70,+14.746, +8.009,+0.906
1705505520,+2.70,+14.754, +8.010,+0.906
1705505580,+2.70,+14.763, +8.007,+0.906
1705505640,+2.70,+14.789, +8.014,+0.907
1705505700,+2.70,+14.771, +8.010,+0.906
1705505760,+2.70,+14.771, +8.012,+0.906
1705505820,+2.70,+14.789, +8.006,+0.906
1705505880,+2.70,+14.815, +7.990,+0.906
1705505940,+2.70,+14.823, +7.994,+0.906
1705506000,+2.70,+14.832, +7.997,+0.906
1705506060,+2.70,+14.832, +7.998,+0.906
1705506120,+2.70,+14.840, +7.998,+0.906
1705506180,+2.70,+14.840, +7.991,+0.906
1705506240,+2.70,+14.849, +7.993,+0.906
1705506300,+2.70,+14.875, +7.986,+0.906
1705506360,+2.70,+14.858, +8.004,+0.906
1705506420,+2.70,+14.883, +7.996,+0.906
1705506480,+2.70,+14.866, +7.999,+0.906
1705506540,+2.70,+14.901, +7.985,+0.906
1705506600,+2.70,+14.901, +7.989,+0.906
1705506660,+2.70,+14.918, +7.976,+0.905
1705506720,+2.70,+14.909, +7.988,+0.906
1705506780,+2.70,+14.944, +7.974,+0.906
1705506840,+2.70,+14.944, +7.974,+0.906
1705506900,+2.70,+14.935, +7.984,+0.906
1705506960,+2.70,+14.944, +7.987,+0.906
1705507020,+2.70,+14.961, +7.968,+0.905
1705507080,+2.70,+14.978, +7.976,+0.906
1705507140,+2.70,+14.978, +7.971,+0.906
1705507200,+2.70,+14.995, +7.972,+0.906
1705507260,+2.70,+15.013, +7.960,+0.906
1705507320,+2.70,+15.021, +7.969,+0.906
1705507380,+2.70,+15.030, +7.967,+0.906
1705507440,+2.70,+15.030, +7.958,+0.906
1705507500,+2.70,+15.038, +7.964,+0.906
1705507560,+2.70,+15.047, +7.962,+0.906
1705507620,+2.70,+15.047, +7.960,+0.906
1705507680,+2.70,+15.073, +7.948,+0.905
1705507740,+2.70,+15.056, +7.967,+0.906
1705507800,+2.70,+15.081, +7.957,+0.906
1705507860,+2.70,+15.090, +7.957,+0.906
1705507920,+2.70,+15.099, +7.962,+0.907
1705507980,+2.70,+15.107, +7.954,+0.906
1705508040,+2.70,+15.107, +7.950,+0.906
1705508100,+2.70,+15.116, +7.955,+0.907
1705508160,+2.70,+15.116, +7.948,+0.906
1705508220,+2.70,+15.133, +7.950,+0.906
1705508280,+2.69,+15.150, +7.949,+0.906
1705508340,+2.69,+15.159, +7.940,+0.906
1705508400,+2.69,+15.159, +7.946,+0.906
1705508460,+2.69,+15.185, +7.939,+0.906
1705508520,+2.69,+15.202, +7.933,+0.906
1705508580,+2.69,+15.185, +7.936,+0.906
1705508640,+2.69,+15.193, +7.935,+0.906
1705508700,+2.69,+15.202, +7.936,+0.906
1705508760,+2.69,+15.210, +7.932,+0.906
1705508820,+2.69,+15.219, +7.927,+0.906
1705508880,+2.69,+15.236, +7.924,+0.906
1705508940,+2.69,+15.236, +7.929,+0.906
1705509000,+2.69,+15.245, +7.937,+0.907
1705509060,+2.69,+15.245, +7.915,+0.905
1705509120,+2.69,+15.270, +7.925,+0.906
1705509180,+2.69,+15.262, +7.927,+0.906
1705509240,+2.69,+15.262, +7.919,+0.906
1705509300,+2.69,+15.279, +7.914,+0.906
1705509360,+2.69,+15.270, +7.921,+0.906
1705509420,+2.69,+15.279, +7.909,+0.905
1705509480,+2.69,+15.296, +7.914,+0.906
1705509540,+2.69,+15.296, +7.914,+0.906
1705509600,+2.69,+15.305, +7.917,+0.906
1705509660,+2.69,+15.330, +7.905,+0.906
1705509720,+2.69,+15.330, +7.909,+0.906
1705509780,+2.69,+15.330, +7.902,+0.906
1705509840,+2.69,+15.330, +7.912,+0.906
1705509900,+2.69,+15.330, +7.908,+0.906
1705509960,+2.69,+15.348, +7.913,+0.906
1705510020,+2.69,+15.356, +7.905,+0.906
1705510080,+2.69,+15.356, +7.901,+0.906
1705510140,+2.69,+15.382, +7.912,+0.907
1705510200,+2.69,+15.382, +7.897,+0.906
1705510260,+2.69,+15.382, +7.904,+0.906
1705510320,+2.69,+15.382, +7.898,+0.906
1705510380,+2.69,+15.391, +7.897,+0.906
1705510440,+2.69,+15.399, +7.908,+0.907
1705510500,+2.69,+15.416, +7.896,+0.906
1705510560,+2.69,+15.416, +7.898,+0.906
1705510620,+2.69,+15.425, +7.899,+0.906
1705510680,+2.69,+15.442, +7.890,+0.906
1705510740,+2.69,+15.451, +7.893,+0.906
1705510800,+2.69,+15.459, +7.881,+0.906
1705510860,+2.69,+15.468, +7.894,+0.906
1705510920,+2.69,+15.468, +7.888,+0.906
1705510980,+2.69,+15.476, +7.893,+0.906
1705511040,+2.69,+15.485, +7.885,+0.906
1705511100,+2.69,+15.485, +7.880,+0.905
1705511160,+2.69,+15.519, +7.876,+0.906
1705511220,+2.69,+15.502, +7.883,+0.906
1705511280,+2.69,+15.528, +7.868,+0.905
1705511340,+2.69,+15.528, +7.889,+0.907
1705511400,+2.69,+15.545, +7.872,+0.906
1705511460,+2.69,+15.528, +7.879,+0.906
1705511520,+2.69,+15.553, +7.869,+0.906
1705511580,+2.69,+15.562, +7.881,+0.906
1705511640,+2.69,+15.570, +7.877,+0.906
1705511700,+2.69,+15.570, +7.881,+0.907
1705511760,+2.69,+15.579, +7.870,+0.906
1705511820,+2.69,+15.588, +7.866,+0.906
1705511880,+2.69,+15.588, +7.873,+0.906
1705511940,+2.69,+15.605, +7.869,+0.906
1705512000,+2.69,+15.622, +7.863,+0.906
1705512060,+2.69,+15.630, +7.860,+0.906
1705512120,+2.69,+15.639, +7.865,+0.906
1705512180,+2.69,+15.647, +7.854,+0.906
1705512240,+2.69,+15.656, +7.857,+0.906
1705512300,+2.69,+15.656, +7.858,+0.906
1705512360,+2.69,+15.665, +7.861,+0.907
1705512420,+2.69,+15.673, +7.857,+0.906
1705512480,+2.69,+15.665, +7.862,+0.906
1705512540,+2.69,+15.647, +7.867,+0.907
1705512600,+2.69,+15.673, +7.845,+0.906
1705512660,+2.69,+15.682, +7.848,+0.906
1705512720,+2.69,+15.699, +7.841,+0.906
1705512780,+2.69,+15.673, +7.851,+0.906
1705512840,+2.69,+15.707, +7.841,+0.906
1705512900,+2.69,+15.707, +7.842,+0.906
1705512960,+2.69,+15.699, +7.837,+0.906
1705513020,+2.69,+15.707, +7.842,+0.907
1705513080,+2.69,+15.707, +7.839,+0.906
1705513140,+2.69,+15.699, +7.830,+0.906
1705513200,+2.69,+15.707, +7.831,+0.906
1705513260,+2.69,+15.707, +7.821,+0.906
1705513320,+2.69,+15.699, +7.828,+0.906
1705513380,+2.69,+15.699, +7.832,+0.907
1705513440,+2.69,+15.699, +7.830,+0.906
1705513500,+2.69,+15.699, +7.822,+0.906
1705513560,+2.69,+15.707, +7.815,+0.906
1705513620,+2.69,+15.707, +7.819,+0.906
1705513680,+2.69,+15.707, +7.813,+0.906
1705513740,+2.69,+15.707, +7.813,+0.906
1705513800,+2.69,+15.707, +7.811,+0.906
1705513860,+2.69,+15.690, +7.813,+0.906
1705513920,+2.69,+15.682, +7.802,+0.906
1705513980,+2.69,+15.682, +7.804,+0.906
1705514040,+2.69,+15.682, +7.800,+0.906
1705514100,+2.69,+15.673, +7.787,+0.905
1705514160,+2.69,+15.673, +7.799,+0.906
1705514220,+2.69,+15.682, +7.786,+0.906
1705514280,+2.69,+15.673, +7.795,+0.906
1705514340,+2.69,+15.673, +7.794,+0.906
1705514400,+2.69,+15.665, +7.794,+0.906
1705514460,+2.69,+15.665, +7.798,+0.906
1705514520,+2.69,+15.665, +7.800,+0.907
1705514580,+2.69,+15.665, +7.787,+0.906
1705514640,+2.69,+15.673, +7.786,+0.906
1705514700,+2.69,+15.665, +7.790,+0.906
1705514760,+2.69,+15.647, +7.792,+0.906
1705514820,+2.69,+15.647, +7.776,+0.906
1705514880,+2.69,+15.639, +7.796,+0.907
1705514940,+2.69,+15.639, +7.788,+0.906
1705515000,+2.69,+15.639, +7.780,+0.906
1705515060,+2.69,+15.639, +7.780,+0.906
1705515120,+2.69,+15.639, +7.783,+0.906
1705515180,+2.69,+15.630, +7.786,+0.907
1705515240,+2.69,+15.622, +7.781,+0.906
1705515300,+2.69,+15.622, +7.772,+0.906
1705515360,+2.69,+15.613, +7.785,+0.906
1705515420,+2.69,+15.605, +7.783,+0.906
1705515480,+2.69,+15.605, +7.783,+0.906
1705515540,+2.69,+15.596, +7.773,+0.906
1705515600,+2.69,+15.588, +7.782,+0.906
1705515660,+2.69,+15.605, +7.761,+0.905
1705515720,+2.69,+15.605, +7.771,+0.906
1705515780,+2.69,+15.596, +7.768,+0.906
1705515840,+2.69,+15.579, +7.778,+0.906
1705515900,+2.69,+15.588, +7.769,+0.906
1705515960,+2.69,+15.596, +7.764,+0.906
1705516020,+2.69,+15.579, +7.764,+0.906
1705516080,+2.69,+15.579, +7.763,+0.906
1705516140,+2.69,+15.588, +7.773,+0.907
1705516200,+2.69,+15.570, +7.765,+0.906
1705516260,+2.69,+15.588, +7.766,+0.906
1705516320,+2.69,+15.562, +7.761,+0.906
1705516380,+2.69,+15.562, +7.771,+0.907
1705516440,+2.69,+15.536, +7.777,+0.906
1705516500,+2.69,+15.562, +7.759,+0.906
1705516560,+2.69,+15.570, +7.757,+0.906
1705516620,+2.69,+15.536, +7.764,+0.906
1705516680,+2.69,+15.562, +7.755,+0.906
1705516740,+2.69,+15.553, +7.753,+0.906
1705516800,+2.69,+15.545, +7.750,+0.906
1705516860,+2.69,+15.545, +7.760,+0.906
1705516920,+2.69,+15.536, +7.760,+0.906
1705516980,+2.69,+15.536, +7.756,+0.906
1705517040,+2.69,+15.536, +7.752,+0.906
1705517100,+2.69,+15.528, +7.753,+0.906
1705517160,+2.69,+15.519, +7.762,+0.906
1705517220,+2.69,+15.519, +7.758,+0.907
1705517280,+2.69,+15.536, +7.754,+0.906
1705517340,+2.69,+15.519, +7.747,+0.906
1705517400,+2.69,+15.528, +7.747,+0.906
1705517460,+2.69,+15.528, +7.741,+0.906
1705517520,+2.69,+15.519, +7.755,+0.907
1705517580,+2.69,+15.493, +7.749,+0.906
1705517640,+2.69,+15.493, +7.743,+0.906
1705517700,+2.69,+15.502, +7.745,+0.906
1705517760,+2.69,+15.485, +7.747,+0.906
1705517820,+2.69,+15.493, +7.744,+0.906
1705517880,+2.69,+15.485, +7.747,+0.906
1705517940,+2.69,+15.485, +7.752,+0.906
1705518000,+2.69,+15.476, +7.752,+0.906
1705518060,+2.69,+15.468, +7.754,+0.907
1705518120,+2.69,+15.476, +7.745,+0.906
1705518180,+2.69,+15.485, +7.745,+0.906
1705518240,+2.69,+15.476, +7.748,+0.906
1705518300,+2.69,+15.468, +7.746,+0.907
1705518360,+2.69,+15.468, +7.746,+0.906
1705518420,+2.69,+15.468, +7.748,+0.907
1705518480,+2.69,+15.459, +7.741,+0.906
1705518540,+2.69,+15.459, +7.743,+0.906
1705518600,+2.69,+15.433, +7.759,+0.907
1705518660,+2.69,+15.442, +7.753,+0.907
1705518720,+2.69,+15.451, +7.737,+0.906
1705518780,+2.69,+15.433, +7.747,+0.907
1705518840,+2.69,+15.451, +7.743,+0.906
1705518900,+2.69,+15.442, +7.738,+0.906
1705518960,+2.69,+15.433, +7.735,+0.906
1705519020,+2.69,+15.442, +7.735,+0.906
1705519080,+2.69,+15.433, +7.740,+0.906
1705519140,+2.69,+15.425, +7.757,+0.907
1705519200,+2.69,+15.442, +7.735,+0.907
1705519260,+2.69,+15.425, +7.735,+0.906
1705519320,+2.69,+15.416, +7.728,+0.906
1705519380,+2.69,+15.408, +7.734,+0.906
1705519440,+2.69,+15.408, +7.741,+0.906
1705519500,+2.69,+15.408, +7.747,+0.907
1705519560,+2.69,+15.408, +7.738,+0.906
1705519620,+2.69,+15.416, +7.735,+0.906
1705519680,+2.69,+15.399, +7.736,+0.906
1705519740,+2.69,+15.399, +7.730,+0.906
1705519800,+2.69,+15.391, +7.733,+0.906
1705519860,+2.69,+15.399, +7.735,+0.907
1705519920,+2.69,+15.399, +7.734,+0.906
1705519980,+2.69,+15.382, +7.738,+0.907
1705520040,+2.69,+15.391, +7.739,+0.907
1705520100,+2.69,+15.391, +7.727,+0.906
1705520160,+2.69,+15.391, +7.738,+0.906
1705520220,+2.69,+15.391, +7.740,+0.907
1705520280,+2.69,+15.365, +7.745,+0.907
1705520340,+2.69,+15.382, +7.735,+0.907
1705520400,+2.69,+15.382, +7.733,+0.906
1705520460,+2.69,+15.348, +7.733,+0.906
1705520520,+2.69,+15.365, +7.736,+0.907
1705520580,+2.69,+15.365, +7.724,+0.906
1705520640,+2.69,+15.373, +7.730,+0.907
1705520700,+2.69,+15.356, +7.730,+0.906
1705520760,+2.69,+15.356, +7.737,+0.907
1705520820,+2.69,+15.348, +7.740,+0.907
1705520880,+2.69,+15.339, +7.732,+0.906
1705520940,+2.69,+15.348, +7.726,+0.906
1705521000,+2.69,+15.339, +7.739,+0.907
1705521060,+2.69,+15.322, +7.738,+0.907
1705521120,+2.69,+15.348, +7.722,+0.906
1705521180,+2.69,+15.339, +7.721,+0.906
1705521240,+2.69,+15.330, +7.727,+0.906
1705521300,+2.69,+15.330, +7.727,+0.906
1705521360,+2.69,+15.313, +7.745,+0.907
1705521420,+2.69,+15.339, +7.733,+0.907
1705521480,+2.69,+15.330, +7.726,+0.907
1705521540,+2.69,+15.330, +7.726,+0.907
1705521600,+2.69,+15.322, +7.725,+0.907
1705521660,+2.69,+15.313, +7.734,+0.907
1705521720,+2.69,+15.313, +7.727,+0.906
1705521780,+2.69,+15.305, +7.729,+0.906
1705521840,+2.69,+15.313, +7.719,+0.906
1705521900,+2.69,+15.296, +7.731,+0.907
1705521960,+2.69,+15.305, +7.724,+0.906
1705522020,+2.69,+15.305, +7.732,+0.907
1705522080,+2.69,+15.296, +7.728,+0.907
1705522140,+2.69,+15.296, +7.720,+0.906
1705522200,+2.69,+15.296, +7.714,+0.906
1705522260,+2.69,+15.305, +7.730,+0.907
1705522320,+2.69,+15.288, +7.712,+0.906
1705522380,+2.69,+15.279, +7.727,+0.907
1705522440,+2.69,+15.279, +7.730,+0.907
1705522500,+2.69,+15.279, +7.719,+0.906
1705522560,+2.69,+15.270, +7.735,+0.907
1705522620,+2.69,+15.288, +7.722,+0.907
1705522680,+2.69,+15.270, +7.723,+0.906
1705522740,+2.69,+15.253, +7.733,+0.907
1705522800,+2.69,+15.262, +7.720,+0.906
1705522860,+2.69,+15.270, +7.712,+0.906
1705522920,+2.69,+15.270, +7.722,+0.906
1705522980,+2.69,+15.262, +7.719,+0.906
1705523040,+2.69,+15.245, +7.724,+0.907
1705523100,+2.69,+15.262, +7.709,+0.906
1705523160,+2.69,+15.245, +7.727,+0.907
1705523220,+2.69,+15.245, +7.729,+0.907
1705523280,+2.69,+15.253, +7.721,+0.907
1705523340,+2.69,+15.245, +7.721,+0.907
1705523400,+2.69,+15.227, +7.724,+0.906
1705523460,+2.69,+15.245, +7.728,+0.907
1705523520,+2.69,+15.245, +7.727,+0.907
1705523580,+2.69,+15.236, +7.720,+0.907
1705523640,+2.69,+15.236, +7.718,+0.906
1705523700,+2.69,+15.219, +7.727,+0.907
1705523760,+2.69,+15.227, +7.724,+0.907
1705523820,+2.69,+15.227, +7.727,+0.907
1705523880,+2.69,+15.236, +7.717,+0.906
1705523940,+2.69,+15.236, +7.723,+0.907
1705524000,+2.69,+15.236, +7.717,+0.907
1705524060,+2.69,+15.210, +7.727,+0.907
1705524120,+2.69,+15.219, +7.722,+0.907
1705524180,+2.69,+15.227, +7.722,+0.907
1705524240,+2.69,+15.219, +7.722,+0.907
1705524300,+2.69,+15.227, +7.714,+0.906
1705524360,+2.69,+15.219, +7.729,+0.907
1705524420,+2.69,+15.193, +7.726,+0.907
1705524480,+2.69,+15.219, +7.717,+0.907
1705524540,+2.69,+15.219, +7.715,+0.906
1705524600,+2.69,+15.210, +7.718,+0.907
1705524660,+2.69,+15.227, +7.714,+0.907
1705524720,+2.69,+15.210, +7.724,+0.907
1705524780,+2.69,+15.219, +7.716,+0.907
1705524840,+2.69,+15.193, +7.728,+0.907
1705524900,+2.69,+15.210, +7.722,+0.907
1705524960,+2.69,+15.202, +7.728,+0.907
1705525020,+2.69,+15.210, +7.714,+0.907
1705525080,+2.69,+15.202, +7.721,+0.907
1705525140,+2.69,+15.202, +7.718,+0.907
1705525200,+2.69,+15.185, +7.728,+0.907
1705525260,+2.69,+15.185, +7.722,+0.907
1705525320,+2.69,+15.185, +7.728,+0.907
1705525380,+2.69,+15.202, +7.715,+0.907
1705525440,+2.69,+15.193, +7.732,+0.907
1705525500,+2.69,+15.176, +7.723,+0.907
1705525560,+2.69,+15.176, +7.716,+0.906
1705525620,+2.69,+15.167, +7.716,+0.906
1705525680,+2.69,+15.193, +7.719,+0.907
1705525740,+2.69,+15.176, +7.717,+0.907
1705525800,+2.69,+15.193, +7.716,+0.907
1705525860,+2.69,+15.159, +7.721,+0.907
1705525920,+2.69,+15.185, +7.715,+0.907
1705525980,+2.69,+15.167, +7.706,+0.906
1705526040,+2.69,+15.150, +7.719,+0.907
1705526100,+2.69,+15.142, +7.723,+0.906
1705526160,+2.69,+15.159, +7.724,+0.907
1705526220,+2.69,+15.167, +7.719,+0.907
1705526280,+2.69,+15.150, +7.731,+0.907
1705526340,+2.69,+15.133, +7.737,+0.907
1705526400,+2.69,+15.167, +7.718,+0.907
1705526460,+2.69,+15.167, +7.720,+0.907
1705526520,+2.69,+15.142, +7.729,+0.907
1705526580,+2.69,+15.142, +7.726,+0.907
1705526640,+2.69,+15.150, +7.732,+0.907
1705526700,+2.69,+15.150, +7.720,+0.907
1705526760,+2.69,+15.159, +7.712,+0.906
1705526820,+2.69,+15.142, +7.729,+0.907
1705526880,+2.69,+15.150, +7.723,+0.907
1705526940,+2.69,+15.150, +7.715,+0.906
1705527000,+2.69,+15.159, +7.710,+0.906
1705527060,+2.69,+15.133, +7.729,+0.907
1705527120,+2.69,+15.150, +7.725,+0.907
1705527180,+2.69,+15.142, +7.724,+0.907
1705527240,+2.69,+15.142, +7.723,+0.907
1705527300,+2.69,+15.133, +7.726,+0.907
1705527360,+2.69,+15.142, +7.721,+0.907
1705527420,+2.69,+15.133, +7.719,+0.907
1705527480,+2.69,+15.116, +7.732,+0.907
1705527540,+2.69,+15.124, +7.725,+0.907
1705527600,+2.69,+15.116, +7.726,+0.907
1705527660,+2.69,+15.116, +7.719,+0.907
1705527720,+2.69,+15.142, +7.720,+0.907
1705527780,+2.69,+15.124, +7.725,+0.907
1705527840,+2.69,+15.133, +7.710,+0.906
1705527900,+2.69,+15.124, +7.719,+0.907
1705527960,+2.69,+15.116, +7.730,+0.907
1705528020,+2.69,+15.133, +7.721,+0.907
1705528080,+2.69,+15.107, +7.725,+0.907
1705528140,+2.69,+15.107, +7.723,+0.906
1705528200,+2.69,+15.107, +7.726,+0.907
1705528260,+2.69,+15.107, +7.722,+0.907
1705528320,+2.69,+15.116, +7.737,+0.908
1705528380,+2.69,+15.107, +7.721,+0.907
1705528440,+2.69,+15.107, +7.723,+0.907
1705528500,+2.69,+15.116, +7.726,+0.907
1705528560,+2.69,+15.107, +7.726,+0.907
1705528620,+2.69,+15.107, +7.728,+0.907
1705528680,+2.69,+15.107, +7.724,+0.907
1705528740,+2.69,+15.107, +7.726,+0.907
1705528800,+2.69,+15.099, +7.732,+0.907
1705528860,+2.69,+15.099, +7.728,+0.907
1705528920,+2.69,+15.099, +7.724,+0.907
1705528980,+2.69,+15.081, +7.740,+0.907
1705529040,+2.69,+15.099, +7.726,+0.907
1705529100,+2.69,+15.081, +7.733,+0.907
1705529160,+2.69,+15.099, +7.731,+0.907
1705529220,+2.69,+15.081, +7.726,+0.907
1705529280,+2.69,+15.099, +7.722,+0.907
1705529340,+2.69,+15.081, +7.722,+0.907
1705529400,+2.69,+15.073, +7.732,+0.907
1705529460,+2.69,+15.081, +7.730,+0.907
1705529520,+2.69,+15.064, +7.728,+0.907
1705529580,+2.69,+15.081, +7.728,+0.907
1705529640,+2.69,+15.081, +7.728,+0.907
1705529700,+2.69,+15.081, +7.730,+0.907
1705529760,+2.69,+15.064, +7.728,+0.907
1705529820,+2.69,+15.056, +7.738,+0.907
1705529880,+2.69,+15.081, +7.735,+0.907
1705529940,+2.69,+15.073, +7.734,+0.908
1705530000,+2.69,+15.056, +7.731,+0.907
1705530060,+2.69,+15.064, +7.733,+0.907
1705530120,+2.69,+15.073, +7.738,+0.908
1705530180,+2.69,+15.073, +7.737,+0.908
1705530240,+2.70,+15.064, +7.728,+0.907
1705530300,+2.70,+15.038, +7.734,+0.907
1705530360,+2.69,+15.064, +7.739,+0.908
1705530420,+2.69,+15.056, +7.719,+0.907
1705530480,+2.70,+15.038, +7.732,+0.907
1705530540,+2.69,+15.056, +7.713,+0.907
1705530600,+2.70,+15.030, +7.736,+0.908
1705530660,+2.70,+15.021, +7.730,+0.907
1705530720,+2.70,+15.021, +7.721,+0.907
1705530780,+2.70,+15.004, +7.718,+0.907
1705530840,+2.70,+14.987, +7.718,+0.907
1705530900,+2.70,+14.978, +7.712,+0.907
1705530960,+2.70,+14.961, +7.724,+0.907
1705531020,+2.70,+14.935, +7.721,+0.907
1705531080,+2.70,+14.935, +7.715,+0.907
1705531140,+2.70,+14.909, +7.713,+0.907
1705531200,+2.70,+14.918, +7.698,+0.906
1705531260,+2.70,+14.901, +7.716,+0.908
1705531320,+2.70,+14.883, +7.715,+0.907
1705531380,+2.70,+14.883, +7.701,+0.907
1705531440,+2.70,+14.858, +7.714,+0.907
1705531500,+2.70,+14.858, +7.712,+0.907
1705531560,+2.70,+14.823, +7.712,+0.907
1705531620,+2.70,+14.815, +7.702,+0.907
1705531680,+2.70,+14.832, +7.707,+0.907
1705531740,+2.70,+14.771, +7.729,+0.908
1705531800,+2.70,+14.780, +7.712,+0.907
1705531860,+2.70,+14.771, +7.708,+0.907
1705531920,+2.70,+14.746, +7.708,+0.907
1705531980,+2.70,+14.737, +7.714,+0.907
1705532040,+2.70,+14.720, +7.722,+0.907
1705532100,+2.70,+14.694, +7.722,+0.907
1705532160,+2.70,+14.685, +7.729,+0.908
1705532220,+2.70,+14.677, +7.728,+0.907
1705532280,+2.70,+14.677, +7.731,+0.908
1705532340,+2.70,+14.659, +7.729,+0.907
1705532400,+2.69,+14.625, +7.733,+0.907
1705532460,+2.69,+14.633, +7.717,+0.907
1705532520,+2.69,+14.607, +7.733,+0.907
1705532580,+2.69,+14.599, +7.730,+0.907
1705532640,+2.69,+14.582, +7.740,+0.907
1705532700,+2.69,+14.573, +7.743,+0.907
1705532760,+2.69,+14.556, +7.748,+0.908
1705532820,+2.69,+14.582, +7.735,+0.907
1705532880,+2.69,+14.547, +7.741,+0.907
1705532940,+2.69,+14.556, +7.745,+0.908
1705533000,+2.69,+14.547, +7.731,+0.907
1705533060,+2.69,+14.530, +7.744,+0.907
1705533120,+2.69,+14.512, +7.743,+0.907
1705533180,+2.69,+14.504, +7.743,+0.907
1705533240,+2.69,+14.495, +7.753,+0.908
1705533300,+2.69,+14.487, +7.746,+0.907
1705533360,+2.69,+14.469, +7.728,+0.906
1705533420,+2.69,+14.461, +7.751,+0.907
1705533480,+2.69,+14.452, +7.749,+0.907
1705533540,+2.69,+14.435, +7.757,+0.908
1705533600,+2.69,+14.435, +7.751,+0.907
1705533660,+2.69,+14.417, +7.747,+0.907
1705533720,+2.69,+14.409, +7.745,+0.907
1705533780,+2.69,+14.383, +7.759,+0.907
1705533840,+2.69,+14.409, +7.751,+0.907
1705533900,+2.69,+14.374, +7.755,+0.907
1705533960,+2.69,+14.365, +7.757,+0.907
1705534020,+2.69,+14.348, +7.757,+0.907
1705534080,+2.69,+14.339, +7.759,+0.907
1705534140,+2.69,+14.339, +7.760,+0.907
1705534200,+2.69,+14.331, +7.759,+0.907
1705534260,+2.69,+14.331, +7.753,+0.907
1705534320,+2.69,+14.322, +7.766,+0.908
1705534380,+2.69,+14.313, +7.763,+0.908
1705534440,+2.69,+14.305, +7.752,+0.907
1705534500,+2.69,+14.305, +7.749,+0.907
1705534560,+2.69,+14.296, +7.755,+0.907
1705534620,+2.69,+14.270, +7.758,+0.907
1705534680,+2.69,+14.287, +7.750,+0.907
1705534740,+2.69,+14.270, +7.747,+0.907
1705534800,+2.69,+14.244, +7.750,+0.907
1705534860,+2.69,+14.235, +7.761,+0.908
1705534920,+2.69,+14.235, +7.760,+0.908
1705534980,+2.69,+14.209, +7.774,+0.908
1705535040,+2.69,+14.227, +7.753,+0.907
1705535100,+2.69,+14.209, +7.749,+0.907
1705535160,+2.69,+14.183, +7.766,+0.908
1705535220,+2.69,+14.183, +7.762,+0.907
1705535280,+2.69,+14.183, +7.758,+0.907
1705535340,+2.69,+14.157, +7.760,+0.907
1705535400,+2.69,+14.183, +7.751,+0.907
1705535460,+2.69,+14.149, +7.760,+0.907
1705535520,+2.69,+14.149, +7.758,+0.907
1705535580,+2.69,+14.123, +7.768,+0.908
1705535640,+2.69,+14.123, +7.765,+0.907
1705535700,+2.69,+14.123, +7.756,+0.908
1705535760,+2.69,+14.114, +7.752,+0.907
1705535820,+2.69,+14.105, +7.757,+0.907
1705535880,+2.69,+14.105, +7.760,+0.907
1705535940,+2.69,+14.088, +7.760,+0.907
1705536000,+2.70,+14.079, +7.758,+0.907
1705536060,+2.70,+14.053, +7.763,+0.907
1705536120,+2.69,+14.071, +7.766,+0.908
1705536180,+2.70,+14.045, +7.759,+0.907
1705536240,+2.70,+14.045, +7.756,+0.907
1705536300,+2.70,+14.053, +7.762,+0.907
1705536360,+2.70,+14.019, +7.766,+0.908
1705536420,+2.70,+14.027, +7.766,+0.908
1705536480,+2.70,+14.001, +7.767,+0.907
1705536540,+2.70,+14.019, +7.760,+0.907
1705536600,+2.70,+14.001, +7.772,+0.908
1705536660,+2.70,+13.984, +7.765,+0.907
1705536720,+2.70,+13.984, +7.770,+0.908
1705536780,+2.70,+13.966, +7.765,+0.907
1705536840,+2.70,+13.984, +7.763,+0.907
1705536900,+2.70,+13.958, +7.773,+0.908
1705536960,+2.70,+13.958, +7.768,+0.907
1705537020,+2.70,+13.949, +7.774,+0.908
1705537080,+2.70,+13.932, +7.783,+0.908
1705537140,+2.70,+13.914, +7.777,+0.908
1705537200,+2.70,+13.914, +7.775,+0.907
1705537260,+2.70,+13.914, +7.767,+0.907
1705537320,+2.70,+13.923, +7.765,+0.907
1705537380,+2.70,+13.914, +7.766,+0.907
1705537440,+2.70,+13.879, +7.782,+0.908
1705537500,+2.70,+13.888, +7.777,+0.908
1705537560,+2.70,+13.888, +7.770,+0.907
1705537620,+2.70,+13.862, +7.773,+0.907
1705537680,+2.70,+13.862, +7.773,+0.907
1705537740,+2.70,+13.845, +7.781,+0.908
1705537800,+2.70,+13.845, +7.780,+0.907
1705537860,+2.70,+13.827, +7.785,+0.908
1705537920,+2.70,+13.827, +7.782,+0.907
1705537980,+2.70,+13.819, +7.784,+0.908
1705538040,+2.70,+13.836, +7.779,+0.908
1705538100,+2.70,+13.801, +7.782,+0.907
1705538160,+2.70,+13.792, +7.783,+0.908
1705538220,+2.70,+13.784, +7.792,+0.908
1705538280,+2.70,+13.801, +7.783,+0.908
1705538340,+2.70,+13.801, +7.784,+0.908
1705538400,+2.70,+13.784, +7.776,+0.907
1705538460,+2.70,+13.784, +7.781,+0.907
1705538520,+2.70,+13.775, +7.788,+0.908
1705538580,+2.70,+13.758, +7.792,+0.908
1705538640,+2.70,+13.758, +7.787,+0.907
1705538700,+2.70,+13.749, +7.783,+0.907
1705538760,+2.70,+13.749, +7.781,+0.907
1705538820,+2.70,+13.731, +7.796,+0.908
1705538880,+2.70,+13.731, +7.781,+0.907
1705538940,+2.70,+13.714, +7.793,+0.908
1705539000,+2.70,+13.731, +7.777,+0.907
1705539060,+2.70,+13.731, +7.789,+0.908
1705539120,+2.70,+13.697, +7.796,+0.908
1705539180,+2.70,+13.723, +7.791,+0.907
1705539240,+2.70,+13.697, +7.797,+0.908
1705539300,+2.70,+13.697, +7.795,+0.908
1705539360,+2.70,+13.697, +7.792,+0.908
1705539420,+2.70,+13.714, +7.792,+0.908
1705539480,+2.70,+13.688, +7.798,+0.908
1705539540,+2.70,+13.679, +7.792,+0.908
1705539600,+2.70,+13.688, +7.778,+0.907
1705539660,+2.70,+13.662, +7.806,+0.908
1705539720,+2.70,+13.670, +7.788,+0.907
1705539780,+2.70,+13.670, +7.794,+0.908
1705539840,+2.70,+13.679, +7.784,+0.907
1705539900,+2.70,+13.653, +7.789,+0.907
1705539960,+2.70,+13.653, +7.794,+0.908
1705540020,+2.70,+13.644, +7.793,+0.907
1705540080,+2.70,+13.644, +7.798,+0.908
1705540140,+2.70,+13.653, +7.800,+0.908
1705540200,+2.70,+13.653, +7.778,+0.907
1705540260,+2.70,+13.644, +7.788,+0.907
1705540320,+2.70,+13.662, +7.784,+0.908
1705540380,+2.70,+13.618, +7.802,+0.908
1705540440,+2.70,+13.627, +7.797,+0.908
1705540500,+2.70,+13.644, +7.782,+0.907
1705540560,+2.70,+13.636, +7.782,+0.908
1705540620,+2.70,+13.627, +7.786,+0.908
1705540680,+2.70,+13.618, +7.791,+0.908
1705540740,+2.70,+13.609, +7.802,+0.908
1705540800,+2.70,+13.627, +7.793,+0.908
1705540860,+2.70,+13.636, +7.786,+0.908
1705540920,+2.70,+13.618, +7.781,+0.907
1705540980,+2.70,+13.618, +7.776,+0.907
1705541040,+2.70,+13.627, +7.775,+0.907
1705541100,+2.70,+13.618, +7.779,+0.907
1705541160,+2.70,+13.609, +7.779,+0.907
1705541220,+2.70,+13.618, +7.775,+0.907
1705541280,+2.70,+13.601, +7.777,+0.907
1705541340,+2.70,+13.601, +7.778,+0.907
1705541400,+2.70,+13.609, +7.770,+0.907
1705541460,+2.70,+13.609, +7.772,+0.907
1705541520,+2.70,+13.609, +7.773,+0.907
1705541580,+2.70,+13.592, +7.783,+0.908
1705541640,+2.70,+13.601, +7.769,+0.907
1705541700,+2.70,+13.609, +7.767,+0.907
1705541760,+2.70,+13.618, +7.773,+0.908
1705541820,+2.70,+13.601, +7.776,+0.908
1705541880,+2.70,+13.601, +7.765,+0.907
1705541940,+2.70,+13.583, +7.772,+0.907
1705542000,+2.70,+13.592, +7.770,+0.907
1705542060,+2.70,+13.583, +7.772,+0.907
1705542120,+2.70,+13.601, +7.768,+0.907
1705542180,+2.70,+13.583, +7.774,+0.908
1705542240,+2.70,+13.601, +7.769,+0.907
1705542300,+2.70,+13.601, +7.771,+0.908
1705542360,+2.70,+13.601, +7.774,+0.908
1705542420,+2.70,+13.583, +7.766,+0.907
1705542480,+2.70,+13.601, +7.770,+0.908
1705542540,+2.70,+13.601, +7.758,+0.907
1705542600,+2.70,+13.592, +7.768,+0.908
1705542660,+2.70,+13.592, +7.766,+0.907
1705542720,+2.70,+13.592, +7.772,+0.908
1705542780,+2.70,+13.583, +7.773,+0.908
1705542840,+2.70,+13.592, +7.758,+0.907
1705542900,+2.70,+13.592, +7.769,+0.908
1705542960,+2.70,+13.592, +7.764,+0.908
1705543020,+2.70,+13.583, +7.764,+0.908
1705543080,+2.70,+13.592, +7.761,+0.907
1705543140,+2.70,+13.592, +7.767,+0.908
1705543200,+2.70,+13.592, +7.760,+0.907
1705543260,+2.70,+13.592, +7.750,+0.907
1705543320,+2.70,+13.592, +7.767,+0.908
1705543380,+2.70,+13.601, +7.766,+0.908
1705543440,+2.70,+13.601, +7.759,+0.907
1705543500,+2.70,+13.601, +7.757,+0.907
1705543560,+2.70,+13.583, +7.765,+0.907
1705543620,+2.70,+13.583, +7.764,+0.908
1705543680,+2.70,+13.592, +7.762,+0.907
1705543740,+2.70,+13.592, +7.759,+0.908
1705543800,+2.70,+13.583, +7.769,+0.908
1705543860,+2.70,+13.601, +7.763,+0.908
1705543920,+2.70,+13.583, +7.754,+0.907
1705543980,+2.70,+13.575, +7.756,+0.907
1705544040,+2.70,+13.592, +7.762,+0.908
1705544100,+2.70,+13.601, +7.755,+0.908
1705544160,+2.70,+13.592, +7.759,+0.908
1705544220,+2.70,+13.575, +7.752,+0.907
1705544280,+2.70,+13.592, +7.755,+0.907
1705544340,+2.70,+13.592, +7.753,+0.907
1705544400,+2.70,+13.592, +7.761,+0.908
1705544460,+2.70,+13.592, +7.755,+0.907
1705544520,+2.70,+13.601, +7.750,+0.907
1705544580,+2.70,+13.601, +7.761,+0.908
1705544640,+2.70,+13.592, +7.746,+0.907
1705544700,+2.70,+13.592, +7.763,+0.908
1705544760,+2.70,+13.592, +7.757,+0.908
1705544820,+2.70,+13.575, +7.754,+0.907
1705544880,+2.70,+13.601, +7.754,+0.908
1705544940,+2.70,+13.601, +7.762,+0.908
1705545000,+2.70,+13.592, +7.760,+0.908
1705545060,+2.70,+13.583, +7.756,+0.908
1705545120,+2.70,+13.583, +7.755,+0.907
1705545180,+2.70,+13.601, +7.746,+0.907
1705545240,+2.70,+13.618, +7.741,+0.907
1705545300,+2.70,+13.592, +7.748,+0.907
1705545360,+2.70,+13.609, +7.743,+0.907
1705545420,+2.70,+13.609, +7.744,+0.907
1705545480,+2.70,+13.618, +7.748,+0.908
1705545540,+2.70,+13.601, +7.757,+0.908
1705545600,+2.70,+13.609, +7.744,+0.907
1705545660,+2.70,+13.601, +7.752,+0.908
1705545720,+2.70,+13.609, +7.742,+0.907
1705545780,+2.70,+13.627, +7.746,+0.908
1705545840,+2.70,+13.627, +7.738,+0.907
1705545900,+2.70,+13.636, +7.735,+0.907
1705545960,+2.70,+13.627, +7.744,+0.907
1705546020,+2.70,+13.609, +7.754,+0.908
1705546080,+2.70,+13.627, +7.747,+0.908
1705546140,+2.70,+13.636, +7.746,+0.908
1705546200,+2.70,+13.627, +7.744,+0.908
1705546260,+2.70,+13.627, +7.742,+0.908
1705546320,+2.70,+13.644, +7.741,+0.908
1705546380,+2.70,+13.636, +7.742,+0.908
1705546440,+2.70,+13.636, +7.733,+0.907
1705546500,+2.70,+13.644, +7.734,+0.907
1705546560,+2.70,+13.653, +7.740,+0.908
1705546620,+2.70,+13.644, +7.742,+0.908
1705546680,+2.70,+13.636, +7.733,+0.907
1705546740,+2.70,+13.636, +7.744,+0.908
1705546800,+2.70,+13.644, +7.742,+0.908
1705546860,+2.70,+13.636, +7.751,+0.908
1705546920,+2.70,+13.644, +7.737,+0.907
1705546980,+2.70,+13.662, +7.742,+0.908
1705547040,+2.70,+13.679, +7.731,+0.907
1705547100,+2.70,+13.670, +7.737,+0.908
