7450-663402
OS REV: 1.04 Sensor Cal: 1570117751
Time (sec),  BV (Volts),  T (deg C),  DO (mg/l),  Q ()
1680223500,+3.05,+20.681, +7.263,+1.036
1680223560,+3.05,+20.731, +7.204,+1.036
1680223620,+3.05,+20.773, +7.190,+0.982
1680223680,+3.05,+20.798, +7.181,+0.987
1680223740,+3.05,+20.840, +7.175,+0.987
1680223800,+3.06,+20.263, +6.313,+1.025
1680223860,+3.06,+16.433, +7.334,+1.026
1680223920,+3.06,+14.507, +7.957,+1.028
1680223980,+3.06,+13.282, +8.240,+1.029
1680224040,+3.07,+12.439, +8.517,+1.031
1680224100,+3.06,+12.049, +8.507,+1.017
1680224160,+3.06,+12.094, +8.382,+1.027
1680224220,+3.07,+11.551, +8.681,+1.028
1680224280,+3.07,+11.237, +8.828,+1.029
1680224340,+3.06,+11.058, +8.927,+1.030
1680224400,+3.07,+10.923, +8.971,+1.030
1680224460,+3.07,+10.832, +9.010,+1.031
1680224520,+3.07,+10.760, +9.027,+1.031
1680224580,+3.07,+10.724, +9.028,+1.031
1680224640,+3.07,+10.688, +9.050,+1.032
1680224700,+3.07,+10.643, +9.064,+1.033
1680224760,+3.07,+10.634, +9.054,+1.032
1680224820,+3.07,+10.588, +9.071,+1.033
1680224880,+3.07,+10.570, +9.083,+1.034
1680224940,+3.07,+10.561, +9.074,+1.033
1680225000,+3.07,+10.561, +9.071,+1.034
1680225060,+3.07,+10.561, +9.077,+1.034
1680225120,+3.07,+10.543, +9.069,+1.034
1680225180,+3.07,+10.552, +9.073,+1.034
1680225240,+3.07,+10.534, +9.073,+1.034
1680225300,+3.07,+10.543, +9.067,+1.035
1680225360,+3.07,+10.534, +9.070,+1.035
1680225420,+3.07,+10.534, +9.069,+1.035
1680225480,+3.07,+10.552, +9.064,+1.035
1680225540,+3.07,+10.543, +9.061,+1.035
1680225600,+3.07,+10.543, +9.062,+1.035
1680225660,+3.07,+10.534, +9.067,+1.035
1680225720,+3.07,+10.543, +9.062,+1.036
1680225780,+3.07,+10.552, +9.052,+1.035
1680225840,+3.07,+10.561, +9.054,+1.036
1680225900,+3.07,+10.579, +9.042,+1.035
1680225960,+3.07,+10.552, +9.060,+1.036
1680226020,+3.07,+10.588, +9.041,+1.036
1680226080,+3.07,+10.597, +9.032,+1.036
1680226140,+3.07,+10.616, +9.029,+1.036
1680226200,+3.07,+10.616, +9.032,+1.036
1680226260,+3.07,+10.597, +9.038,+1.036
1680226320,+3.07,+10.625, +9.025,+1.036
1680226380,+3.07,+10.634, +9.028,+1.036
1680226440,+3.07,+10.652, +9.016,+1.036
1680226500,+3.07,+10.661, +9.014,+1.036
1680226560,+3.07,+10.697, +9.003,+1.036
1680226620,+3.07,+10.688, +9.002,+1.036
1680226680,+3.07,+10.697, +9.006,+1.036
1680226740,+3.07,+10.697, +9.006,+1.036
1680226800,+3.07,+10.697, +9.004,+1.036
1680226860,+3.07,+10.742, +8.991,+1.037
1680226920,+3.07,+10.724, +8.994,+1.036
1680226980,+3.07,+10.742, +8.984,+1.036
1680227040,+3.07,+10.733, +8.993,+1.037
1680227100,+3.07,+10.769, +8.979,+1.036
1680227160,+3.07,+10.778, +8.973,+1.036
1680227220,+3.07,+10.787, +8.979,+1.037
1680227280,+3.07,+10.796, +8.964,+1.036
1680227340,+3.07,+10.796, +8.969,+1.037
1680227400,+3.07,+10.796, +8.972,+1.037
1680227460,+3.07,+10.823, +8.958,+1.036
1680227520,+3.07,+10.832, +8.956,+1.036
1680227580,+3.07,+10.850, +8.950,+1.037
1680227640,+3.06,+10.878, +8.942,+1.036
1680227700,+3.07,+10.868, +8.942,+1.036
1680227760,+3.07,+10.859, +8.947,+1.036
1680227820,+3.07,+10.878, +8.944,+1.037
1680227880,+3.07,+10.887, +8.946,+1.037
1680227940,+3.07,+10.914, +8.938,+1.037
1680228000,+3.06,+10.905, +8.938,+1.037
1680228060,+3.07,+10.914, +8.939,+1.037
1680228120,+3.07,+10.959, +8.919,+1.036
1680228180,+3.06,+10.959, +8.922,+1.036
1680228240,+3.06,+10.977, +8.918,+1.037
1680228300,+3.06,+10.995, +8.913,+1.037
1680228360,+3.06,+10.986, +8.914,+1.036
1680228420,+3.06,+11.013, +8.916,+1.037
1680228480,+3.06,+11.013, +8.919,+1.037
1680228540,+3.06,+11.013, +8.910,+1.037
1680228600,+3.06,+11.058, +8.901,+1.037
1680228660,+3.06,+11.058, +8.898,+1.037
1680228720,+3.06,+11.058, +8.906,+1.037
1680228780,+3.06,+11.085, +8.886,+1.036
1680228840,+3.06,+11.067, +8.892,+1.036
1680228900,+3.06,+11.103, +8.889,+1.037
1680228960,+3.06,+11.112, +8.889,+1.037
1680229020,+3.06,+11.103, +8.891,+1.037
1680229080,+3.06,+11.121, +8.884,+1.037
1680229140,+3.06,+11.139, +8.877,+1.037
1680229200,+3.06,+11.148, +8.872,+1.036
1680229260,+3.06,+11.157, +8.876,+1.037
1680229320,+3.06,+11.165, +8.862,+1.036
1680229380,+3.06,+11.183, +8.870,+1.037
1680229440,+3.06,+11.183, +8.865,+1.036
1680229500,+3.06,+11.183, +8.862,+1.037
1680229560,+3.06,+11.210, +8.860,+1.037
1680229620,+3.06,+11.210, +8.851,+1.036
1680229680,+3.07,+11.210, +8.863,+1.037
1680229740,+3.07,+11.237, +8.852,+1.037
1680229800,+3.07,+11.237, +8.859,+1.037
1680229860,+3.07,+11.264, +8.845,+1.037
1680229920,+3.07,+11.264, +8.847,+1.037
1680229980,+3.07,+11.282, +8.838,+1.037
1680230040,+3.07,+11.291, +8.848,+1.037
1680230100,+3.07,+11.300, +8.844,+1.037
1680230160,+3.07,+11.300, +8.841,+1.037
1680230220,+3.07,+11.327, +8.834,+1.037
1680230280,+3.07,+11.345, +8.825,+1.036
1680230340,+3.07,+11.354, +8.830,+1.037
1680230400,+3.07,+11.363, +8.823,+1.036
1680230460,+3.07,+11.390, +8.824,+1.037
1680230520,+3.07,+11.381, +8.829,+1.037
1680230580,+3.07,+11.390, +8.822,+1.037
1680230640,+3.07,+11.399, +8.814,+1.036
1680230700,+3.07,+11.434, +8.806,+1.036
1680230760,+3.07,+11.434, +8.815,+1.037
1680230820,+3.07,+11.461, +8.800,+1.036
1680230880,+3.07,+11.470, +8.800,+1.037
1680230940,+3.07,+11.479, +8.804,+1.037
1680231000,+3.07,+11.461, +8.802,+1.036
1680231060,+3.07,+11.488, +8.795,+1.036
1680231120,+3.07,+11.506, +8.791,+1.036
1680231180,+3.07,+11.506, +8.795,+1.037
1680231240,+3.07,+11.497, +8.796,+1.036
1680231300,+3.07,+11.542, +8.782,+1.036
1680231360,+3.07,+11.533, +8.791,+1.037
1680231420,+3.07,+11.533, +8.790,+1.037
1680231480,+3.07,+11.524, +8.793,+1.037
1680231540,+3.07,+11.577, +8.781,+1.037
1680231600,+3.07,+11.595, +8.775,+1.037
1680231660,+3.07,+11.577, +8.774,+1.036
1680231720,+3.07,+11.586, +8.781,+1.037
1680231780,+3.07,+11.595, +8.774,+1.037
1680231840,+3.07,+11.631, +8.761,+1.036
1680231900,+3.07,+11.640, +8.770,+1.037
1680231960,+3.07,+11.640, +8.767,+1.037
1680232020,+3.07,+11.667, +8.758,+1.037
1680232080,+3.07,+11.658, +8.761,+1.037
1680232140,+3.07,+11.658, +8.761,+1.037
1680232200,+3.07,+11.676, +8.761,+1.037
1680232260,+3.07,+11.693, +8.750,+1.036
1680232320,+3.07,+11.702, +8.753,+1.037
1680232380,+3.07,+11.711, +8.758,+1.037
1680232440,+3.07,+11.720, +8.756,+1.037
1680232500,+3.07,+11.765, +8.742,+1.037
1680232560,+3.07,+11.756, +8.749,+1.037
1680232620,+3.07,+11.765, +8.740,+1.036
1680232680,+3.07,+11.765, +8.737,+1.036
1680232740,+3.07,+11.774, +8.740,+1.036
1680232800,+3.07,+11.791, +8.733,+1.036
1680232860,+3.07,+11.809, +8.728,+1.037
1680232920,+3.07,+11.827, +8.723,+1.037
1680232980,+3.07,+11.836, +8.722,+1.037
1680233040,+3.07,+11.827, +8.727,+1.037
1680233100,+3.07,+11.845, +8.723,+1.037
1680233160,+3.07,+11.845, +8.724,+1.037
1680233220,+3.07,+11.863, +8.722,+1.037
1680233280,+3.07,+11.872, +8.717,+1.037
1680233340,+3.07,+11.880, +8.713,+1.037
1680233400,+3.07,+11.872, +8.720,+1.037
1680233460,+3.06,+11.907, +8.712,+1.037
1680233520,+3.07,+11.907, +8.709,+1.036
1680233580,+3.06,+11.916, +8.706,+1.037
1680233640,+3.06,+11.934, +8.704,+1.037
1680233700,+3.07,+11.925, +8.709,+1.037
1680233760,+3.06,+11.934, +8.706,+1.037
1680233820,+3.06,+11.960, +8.698,+1.037
1680233880,+3.06,+11.987, +8.690,+1.036
1680233940,+3.06,+11.987, +8.697,+1.037
1680234000,+3.06,+11.996, +8.691,+1.037
1680234060,+3.06,+12.005, +8.696,+1.037
1680234120,+3.06,+12.005, +8.696,+1.037
1680234180,+3.06,+12.031, +8.685,+1.037
1680234240,+3.06,+12.014, +8.693,+1.037
1680234300,+3.06,+12.049, +8.680,+1.036
1680234360,+3.06,+12.067, +8.678,+1.037
1680234420,+3.06,+12.058, +8.686,+1.037
1680234480,+3.06,+12.076, +8.680,+1.037
1680234540,+3.06,+12.111, +8.672,+1.037
1680234600,+3.06,+12.085, +8.679,+1.037
1680234660,+3.06,+12.120, +8.673,+1.037
1680234720,+3.06,+12.129, +8.664,+1.036
1680234780,+3.06,+12.147, +8.657,+1.036
1680234840,+3.06,+12.138, +8.662,+1.036
1680234900,+3.06,+12.156, +8.668,+1.037
1680234960,+3.06,+12.173, +8.662,+1.037
1680235020,+3.06,+12.191, +8.652,+1.037
1680235080,+3.06,+12.200, +8.653,+1.037
1680235140,+3.06,+12.209, +8.649,+1.036
1680235200,+3.06,+12.209, +8.648,+1.037
1680235260,+3.06,+12.226, +8.647,+1.037
1680235320,+3.06,+12.200, +8.650,+1.036
1680235380,+3.06,+12.226, +8.641,+1.036
1680235440,+3.06,+12.244, +8.641,+1.037
1680235500,+3.06,+12.262, +8.635,+1.037
1680235560,+3.06,+12.253, +8.643,+1.037
1680235620,+3.06,+12.235, +8.653,+1.037
1680235680,+3.06,+12.262, +8.640,+1.037
1680235740,+3.06,+12.306, +8.633,+1.037
1680235800,+3.06,+12.271, +8.640,+1.037
1680235860,+3.06,+12.306, +8.631,+1.037
1680235920,+3.06,+12.315, +8.627,+1.036
1680235980,+3.06,+12.324, +8.619,+1.036
1680236040,+3.06,+12.333, +8.629,+1.037
1680236100,+3.06,+12.342, +8.622,+1.037
1680236160,+3.06,+12.342, +8.625,+1.036
1680236220,+3.06,+12.368, +8.619,+1.037
1680236280,+3.06,+12.377, +8.623,+1.037
1680236340,+3.06,+12.377, +8.624,+1.037
1680236400,+3.07,+12.412, +8.611,+1.037
1680236460,+3.07,+12.403, +8.612,+1.036
1680236520,+3.07,+12.430, +8.610,+1.037
1680236580,+3.07,+12.430, +8.613,+1.037
1680236640,+3.07,+12.448, +8.613,+1.037
1680236700,+3.07,+12.456, +8.603,+1.037
1680236760,+3.07,+12.448, +8.617,+1.037
1680236820,+3.07,+12.465, +8.605,+1.037
1680236880,+3.07,+12.474, +8.602,+1.037
1680236940,+3.07,+12.492, +8.596,+1.036
1680237000,+3.07,+12.492, +8.595,+1.036
1680237060,+3.07,+12.500, +8.600,+1.037
1680237120,+3.07,+12.527, +8.590,+1.037
1680237180,+3.07,+12.509, +8.603,+1.037
1680237240,+3.07,+12.536, +8.586,+1.037
1680237300,+3.07,+12.545, +8.590,+1.037
1680237360,+3.07,+12.553, +8.590,+1.037
1680237420,+3.07,+12.562, +8.590,+1.037
1680237480,+3.07,+12.562, +8.588,+1.037
1680237540,+3.07,+12.571, +8.588,+1.037
1680237600,+3.07,+12.597, +8.579,+1.037
1680237660,+3.07,+12.589, +8.586,+1.037
1680237720,+3.07,+12.606, +8.576,+1.037
1680237780,+3.07,+12.624, +8.583,+1.037
1680237840,+3.07,+12.642, +8.571,+1.037
1680237900,+3.07,+12.624, +8.570,+1.036
1680237960,+3.07,+12.668, +8.568,+1.037
1680238020,+3.07,+12.659, +8.567,+1.036
1680238080,+3.07,+12.677, +8.564,+1.037
1680238140,+3.07,+12.686, +8.558,+1.036
1680238200,+3.07,+12.694, +8.555,+1.036
1680238260,+3.07,+12.712, +8.557,+1.037
1680238320,+3.07,+12.703, +8.566,+1.037
1680238380,+3.07,+12.738, +8.553,+1.037
1680238440,+3.07,+12.747, +8.550,+1.037
1680238500,+3.07,+12.756, +8.547,+1.037
1680238560,+3.07,+12.765, +8.545,+1.037
1680238620,+3.07,+12.765, +8.544,+1.036
1680238680,+3.07,+12.765, +8.550,+1.037
1680238740,+3.07,+12.765, +8.548,+1.037
1680238800,+3.07,+12.800, +8.545,+1.037
1680238860,+3.07,+12.791, +8.543,+1.037
1680238920,+3.07,+12.800, +8.539,+1.037
1680238980,+3.07,+12.809, +8.536,+1.037
1680239040,+3.07,+12.826, +8.536,+1.037
1680239100,+3.07,+12.835, +8.530,+1.037
1680239160,+3.07,+12.835, +8.539,+1.037
1680239220,+3.07,+12.853, +8.528,+1.037
1680239280,+3.07,+12.870, +8.525,+1.037
1680239340,+3.07,+12.870, +8.520,+1.036
1680239400,+3.07,+12.879, +8.521,+1.036
1680239460,+3.06,+12.897, +8.521,+1.037
1680239520,+3.06,+12.940, +8.509,+1.037
1680239580,+3.06,+12.914, +8.521,+1.037
1680239640,+3.06,+12.923, +8.521,+1.037
1680239700,+3.06,+12.914, +8.522,+1.037
1680239760,+3.06,+12.940, +8.521,+1.037
1680239820,+3.06,+12.967, +8.513,+1.037
1680239880,+3.06,+12.949, +8.514,+1.037
1680239940,+3.06,+12.984, +8.506,+1.037
1680240000,+3.06,+12.976, +8.514,+1.037
1680240060,+3.06,+12.993, +8.507,+1.036
1680240120,+3.06,+13.028, +8.499,+1.037
1680240180,+3.06,+13.028, +8.504,+1.037
1680240240,+3.06,+13.028, +8.495,+1.036
1680240300,+3.06,+13.028, +8.502,+1.037
1680240360,+3.06,+13.063, +8.487,+1.036
1680240420,+3.06,+13.046, +8.493,+1.036
1680240480,+3.06,+13.063, +8.503,+1.037
1680240540,+3.06,+13.081, +8.489,+1.037
1680240600,+3.06,+13.072, +8.491,+1.037
1680240660,+3.06,+13.090, +8.481,+1.036
1680240720,+3.06,+13.116, +8.473,+1.036
1680240780,+3.06,+13.090, +8.487,+1.037
1680240840,+3.06,+13.125, +8.477,+1.037
1680240900,+3.06,+13.125, +8.481,+1.037
1680240960,+3.06,+13.133, +8.477,+1.037
1680241020,+3.06,+13.133, +8.486,+1.037
1680241080,+3.06,+13.160, +8.475,+1.037
1680241140,+3.06,+13.168, +8.468,+1.036
1680241200,+3.06,+13.168, +8.470,+1.037
1680241260,+3.06,+13.195, +8.458,+1.036
1680241320,+3.06,+13.186, +8.473,+1.037
1680241380,+3.06,+13.212, +8.463,+1.037
1680241440,+3.06,+13.212, +8.465,+1.037
1680241500,+3.06,+13.230, +8.462,+1.037
1680241560,+3.06,+13.238, +8.459,+1.037
1680241620,+3.06,+13.256, +8.461,+1.037
1680241680,+3.06,+13.256, +8.459,+1.037
1680241740,+3.06,+13.282, +8.453,+1.037
1680241800,+3.06,+13.282, +8.461,+1.037
1680241860,+3.06,+13.282, +8.455,+1.037
1680241920,+3.06,+13.300, +8.447,+1.037
1680241980,+3.06,+13.308, +8.447,+1.037
1680242040,+3.06,+13.317, +8.437,+1.036
1680242100,+3.06,+13.308, +8.446,+1.037
1680242160,+3.06,+13.343, +8.438,+1.037
1680242220,+3.06,+13.343, +8.436,+1.037
1680242280,+3.06,+13.352, +8.436,+1.037
1680242340,+3.06,+13.370, +8.439,+1.037
1680242400,+3.06,+13.370, +8.435,+1.037
1680242460,+3.06,+13.378, +8.434,+1.037
1680242520,+3.06,+13.387, +8.438,+1.037
1680242580,+3.06,+13.404, +8.430,+1.037
1680242640,+3.06,+13.413, +8.421,+1.037
1680242700,+3.06,+13.431, +8.422,+1.037
1680242760,+3.06,+13.422, +8.430,+1.037
1680242820,+3.06,+13.439, +8.422,+1.037
1680242880,+3.06,+13.457, +8.420,+1.037
1680242940,+3.06,+13.466, +8.419,+1.037
1680243000,+3.06,+13.448, +8.431,+1.037
1680243060,+3.06,+13.500, +8.409,+1.037
1680243120,+3.06,+13.492, +8.414,+1.037
1680243180,+3.06,+13.527, +8.404,+1.037
1680243240,+3.06,+13.518, +8.412,+1.037
1680243300,+3.06,+13.509, +8.409,+1.036
1680243360,+3.06,+13.553, +8.401,+1.037
1680243420,+3.07,+13.553, +8.400,+1.037
1680243480,+3.07,+13.561, +8.401,+1.037
1680243540,+3.07,+13.596, +8.388,+1.036
1680243600,+3.07,+13.570, +8.404,+1.037
1680243660,+3.07,+13.561, +8.408,+1.037
1680243720,+3.07,+13.596, +8.391,+1.037
1680243780,+3.07,+13.596, +8.395,+1.037
1680243840,+3.07,+13.614, +8.392,+1.037
1680243900,+3.07,+13.622, +8.393,+1.037
1680243960,+3.07,+13.622, +8.388,+1.037
1680244020,+3.07,+13.631, +8.380,+1.036
1680244080,+3.07,+13.657, +8.383,+1.037
1680244140,+3.07,+13.657, +8.378,+1.037
1680244200,+3.07,+13.675, +8.376,+1.037
1680244260,+3.07,+13.692, +8.374,+1.037
1680244320,+3.07,+13.675, +8.377,+1.037
1680244380,+3.07,+13.692, +8.374,+1.037
1680244440,+3.07,+13.701, +8.375,+1.037
1680244500,+3.07,+13.683, +8.368,+1.036
1680244560,+3.07,+13.718, +8.363,+1.036
1680244620,+3.07,+13.727, +8.366,+1.037
1680244680,+3.07,+13.727, +8.375,+1.037
1680244740,+3.07,+13.744, +8.367,+1.037
1680244800,+3.06,+13.753, +8.369,+1.037
1680244860,+3.06,+13.770, +8.363,+1.037
1680244920,+3.06,+13.779, +8.359,+1.037
1680244980,+3.07,+13.788, +8.356,+1.037
1680245040,+3.06,+13.814, +8.346,+1.036
1680245100,+3.06,+13.814, +8.355,+1.037
1680245160,+3.06,+13.831, +8.351,+1.037
1680245220,+3.06,+13.849, +8.342,+1.037
1680245280,+3.06,+13.831, +8.349,+1.037
1680245340,+3.06,+13.831, +8.352,+1.037
1680245400,+3.06,+13.857, +8.342,+1.037
1680245460,+3.06,+13.875, +8.342,+1.037
1680245520,+3.06,+13.901, +8.336,+1.037
1680245580,+3.06,+13.901, +8.337,+1.037
1680245640,+3.06,+13.901, +8.340,+1.037
1680245700,+3.06,+13.892, +8.335,+1.036
1680245760,+3.06,+13.909, +8.342,+1.037
1680245820,+3.06,+13.935, +8.327,+1.037
1680245880,+3.06,+13.944, +8.331,+1.037
1680245940,+3.06,+13.953, +8.327,+1.037
1680246000,+3.06,+13.962, +8.325,+1.037
1680246060,+3.06,+13.962, +8.324,+1.037
1680246120,+3.06,+13.979, +8.318,+1.037
1680246180,+3.06,+13.988, +8.319,+1.037
1680246240,+3.06,+13.996, +8.312,+1.037
1680246300,+3.06,+14.005, +8.314,+1.037
1680246360,+3.06,+13.996, +8.320,+1.037
1680246420,+3.06,+14.014, +8.320,+1.037
1680246480,+3.06,+14.022, +8.313,+1.037
1680246540,+3.06,+14.031, +8.312,+1.037
1680246600,+3.06,+14.031, +8.311,+1.037
1680246660,+3.06,+14.066, +8.298,+1.036
1680246720,+3.06,+14.057, +8.309,+1.037
1680246780,+3.06,+14.092, +8.299,+1.037
1680246840,+3.06,+14.083, +8.302,+1.037
1680246900,+3.06,+14.100, +8.295,+1.037
1680246960,+3.06,+14.126, +8.290,+1.037
1680247020,+3.06,+14.126, +8.302,+1.037
1680247080,+3.06,+14.135, +8.298,+1.037
1680247140,+3.06,+14.126, +8.294,+1.037
1680247200,+3.06,+14.152, +8.293,+1.037
1680247260,+3.06,+14.196, +8.287,+1.037
1680247320,+3.06,+14.170, +8.282,+1.036
1680247380,+3.06,+14.178, +8.286,+1.037
1680247440,+3.06,+14.187, +8.287,+1.037
1680247500,+3.06,+14.187, +8.290,+1.037
1680247560,+3.06,+14.204, +8.284,+1.037
1680247620,+3.06,+14.222, +8.277,+1.037
1680247680,+3.06,+14.222, +8.280,+1.037
1680247740,+3.06,+14.248, +8.270,+1.037
1680247800,+3.06,+14.248, +8.271,+1.037
1680247860,+3.06,+14.248, +8.268,+1.037
1680247920,+3.06,+14.273, +8.267,+1.037
1680247980,+3.06,+14.273, +8.264,+1.037
1680248040,+3.06,+14.273, +8.272,+1.037
1680248100,+3.06,+14.291, +8.255,+1.036
1680248160,+3.06,+14.299, +8.260,+1.037
1680248220,+3.06,+14.325, +8.255,+1.037
1680248280,+3.06,+14.317, +8.259,+1.037
1680248340,+3.06,+14.343, +8.248,+1.037
1680248400,+3.06,+14.343, +8.257,+1.037
1680248460,+3.06,+14.351, +8.258,+1.037
1680248520,+3.06,+14.351, +8.249,+1.037
1680248580,+3.06,+14.360, +8.257,+1.037
1680248640,+3.06,+14.377, +8.246,+1.037
1680248700,+3.06,+14.395, +8.242,+1.037
1680248760,+3.06,+14.395, +8.244,+1.037
1680248820,+3.06,+14.412, +8.247,+1.037
1680248880,+3.06,+14.420, +8.244,+1.037
1680248940,+3.06,+14.420, +8.241,+1.037
1680249000,+3.06,+14.438, +8.238,+1.037
1680249060,+3.06,+14.446, +8.240,+1.037
1680249120,+3.06,+14.472, +8.235,+1.037
1680249180,+3.06,+14.472, +8.231,+1.037
1680249240,+3.06,+14.481, +8.232,+1.037
1680249300,+3.06,+14.490, +8.227,+1.037
1680249360,+3.06,+14.498, +8.230,+1.037
1680249420,+3.06,+14.515, +8.222,+1.037
1680249480,+3.06,+14.515, +8.215,+1.037
1680249540,+3.06,+14.515, +8.222,+1.037
1680249600,+3.06,+14.541, +8.220,+1.037
1680249660,+3.06,+14.541, +8.214,+1.037
1680249720,+3.06,+14.559, +8.220,+1.038
1680249780,+3.06,+14.550, +8.222,+1.037
1680249840,+3.06,+14.559, +8.213,+1.037
1680249900,+3.06,+14.584, +8.209,+1.037
1680249960,+3.06,+14.602, +8.203,+1.037
1680250020,+3.06,+14.610, +8.202,+1.037
1680250080,+3.06,+14.593, +8.208,+1.037
1680250140,+3.06,+14.602, +8.207,+1.037
1680250200,+3.06,+14.602, +8.208,+1.037
1680250260,+3.06,+14.628, +8.198,+1.037
1680250320,+3.06,+14.628, +8.203,+1.037
1680250380,+3.06,+14.645, +8.199,+1.037
1680250440,+3.06,+14.662, +8.200,+1.037
1680250500,+3.06,+14.653, +8.206,+1.037
1680250560,+3.06,+14.662, +8.199,+1.037
1680250620,+3.06,+14.679, +8.193,+1.037
1680250680,+3.06,+14.679, +8.199,+1.037
1680250740,+3.06,+14.714, +8.187,+1.037
1680250800,+3.06,+14.705, +8.193,+1.037
1680250860,+3.06,+14.722, +8.189,+1.037
1680250920,+3.06,+14.731, +8.188,+1.037
1680250980,+3.06,+14.748, +8.180,+1.037
1680251040,+3.06,+14.757, +8.181,+1.037
1680251100,+3.06,+14.757, +8.185,+1.037
1680251160,+3.06,+14.765, +8.179,+1.037
1680251220,+3.06,+14.774, +8.177,+1.037
1680251280,+3.06,+14.791, +8.175,+1.037
1680251340,+3.06,+14.809, +8.165,+1.037
1680251400,+3.06,+14.800, +8.176,+1.037
1680251460,+3.06,+14.791, +8.184,+1.038
1680251520,+3.06,+14.800, +8.182,+1.038
1680251580,+3.06,+14.834, +8.161,+1.037
1680251640,+3.06,+14.843, +8.161,+1.037
1680251700,+3.06,+14.834, +8.169,+1.037
1680251760,+3.06,+14.834, +8.166,+1.037
1680251820,+3.06,+14.869, +8.159,+1.037
1680251880,+3.06,+14.886, +8.159,+1.037
1680251940,+3.06,+14.877, +8.155,+1.037
1680252000,+3.06,+14.895, +8.150,+1.037
1680252060,+3.06,+14.895, +8.160,+1.037
1680252120,+3.06,+14.895, +8.158,+1.037
1680252180,+3.06,+14.929, +8.148,+1.037
1680252240,+3.06,+14.920, +8.157,+1.037
1680252300,+3.06,+14.938, +8.149,+1.037
1680252360,+3.06,+14.946, +8.149,+1.037
1680252420,+3.06,+14.972, +8.138,+1.037
1680252480,+3.06,+14.963, +8.150,+1.037
1680252540,+3.06,+14.989, +8.143,+1.037
1680252600,+3.06,+14.989, +8.147,+1.037
1680252660,+3.06,+15.023, +8.129,+1.037
1680252720,+3.06,+15.006, +8.145,+1.037
1680252780,+3.06,+15.023, +8.135,+1.037
1680252840,+3.06,+15.032, +8.133,+1.037
1680252900,+3.06,+15.041, +8.130,+1.037
1680252960,+3.06,+15.032, +8.137,+1.037
1680253020,+3.06,+15.049, +8.128,+1.037
1680253080,+3.06,+15.049, +8.132,+1.037
1680253140,+3.06,+15.066, +8.128,+1.037
1680253200,+3.06,+15.075, +8.121,+1.037
1680253260,+3.06,+15.084, +8.120,+1.037
1680253320,+3.06,+15.092, +8.126,+1.037
1680253380,+3.06,+15.101, +8.119,+1.037
1680253440,+3.06,+15.101, +8.118,+1.037
1680253500,+3.06,+15.092, +8.124,+1.037
1680253560,+3.06,+15.101, +8.118,+1.037
1680253620,+3.06,+15.135, +8.112,+1.037
1680253680,+3.06,+15.135, +8.108,+1.037
1680253740,+3.06,+15.144, +8.110,+1.037
1680253800,+3.06,+15.135, +8.113,+1.037
1680253860,+3.06,+15.135, +8.117,+1.038
1680253920,+3.06,+15.152, +8.110,+1.037
1680253980,+3.06,+15.161, +8.107,+1.037
1680254040,+3.06,+15.187, +8.097,+1.037
1680254100,+3.06,+15.195, +8.103,+1.037
1680254160,+3.06,+15.187, +8.102,+1.037
1680254220,+3.06,+15.212, +8.100,+1.037
1680254280,+3.06,+15.221, +8.096,+1.037
1680254340,+3.06,+15.229, +8.096,+1.037
1680254400,+3.06,+15.229, +8.095,+1.037
1680254460,+3.06,+15.229, +8.101,+1.037
1680254520,+3.06,+15.264, +8.091,+1.037
1680254580,+3.06,+15.255, +8.089,+1.037
1680254640,+3.06,+15.272, +8.085,+1.037
1680254700,+3.06,+15.290, +8.087,+1.037
1680254760,+3.06,+15.281, +8.096,+1.038
1680254820,+3.06,+15.290, +8.093,+1.037
1680254880,+3.06,+15.315, +8.084,+1.037
1680254940,+3.06,+15.307, +8.087,+1.037
1680255000,+3.06,+15.324, +8.083,+1.037
1680255060,+3.06,+15.332, +8.082,+1.037
1680255120,+3.06,+15.358, +8.077,+1.037
1680255180,+3.06,+15.350, +8.080,+1.038
1680255240,+3.06,+15.358, +8.080,+1.037
1680255300,+3.06,+15.358, +8.068,+1.037
1680255360,+3.06,+15.367, +8.076,+1.037
1680255420,+3.06,+15.384, +8.067,+1.037
1680255480,+3.06,+15.367, +8.076,+1.037
1680255540,+3.06,+15.392, +8.068,+1.037
1680255600,+3.06,+15.401, +8.067,+1.037
1680255660,+3.06,+15.418, +8.063,+1.037
1680255720,+3.06,+15.427, +8.060,+1.037
1680255780,+3.06,+15.444, +8.062,+1.038
1680255840,+3.06,+15.427, +8.062,+1.037
1680255900,+3.06,+15.435, +8.068,+1.038
1680255960,+3.06,+15.452, +8.051,+1.037
1680256020,+3.06,+15.469, +8.048,+1.037
1680256080,+3.06,+15.444, +8.063,+1.037
1680256140,+3.06,+15.478, +8.054,+1.038
1680256200,+3.06,+15.469, +8.053,+1.037
1680256260,+3.06,+15.478, +8.049,+1.037
1680256320,+3.06,+15.512, +8.043,+1.037
1680256380,+3.06,+15.504, +8.045,+1.037
1680256440,+3.06,+15.504, +8.045,+1.037
1680256500,+3.06,+15.504, +8.050,+1.037
1680256560,+3.06,+15.512, +8.054,+1.038
1680256620,+3.06,+15.529, +8.041,+1.037
1680256680,+3.06,+15.555, +8.033,+1.037
1680256740,+3.06,+15.563, +8.040,+1.037
1680256800,+3.06,+15.555, +8.033,+1.037
1680256860,+3.06,+15.546, +8.046,+1.038
1680256920,+3.06,+15.572, +8.039,+1.038
1680256980,+3.06,+15.589, +8.037,+1.038
1680257040,+3.06,+15.606, +8.032,+1.037
1680257100,+3.06,+15.598, +8.032,+1.037
1680257160,+3.06,+15.615, +8.030,+1.037
1680257220,+3.06,+15.615, +8.037,+1.038
1680257280,+3.06,+15.623, +8.029,+1.037
1680257340,+3.06,+15.623, +8.033,+1.038
1680257400,+3.06,+15.658, +8.023,+1.037
1680257460,+3.06,+15.658, +8.023,+1.037
1680257520,+3.06,+15.666, +8.028,+1.037
1680257580,+3.06,+15.658, +8.027,+1.037
1680257640,+3.06,+15.675, +8.020,+1.037
1680257700,+3.06,+15.666, +8.020,+1.037
1680257760,+3.06,+15.675, +8.019,+1.037
1680257820,+3.06,+15.683, +8.022,+1.038
1680257880,+3.06,+15.692, +8.020,+1.038
1680257940,+3.06,+15.709, +8.013,+1.037
1680258000,+3.06,+15.709, +8.015,+1.037
1680258060,+3.06,+15.726, +8.012,+1.038
1680258120,+3.06,+15.743, +8.005,+1.037
1680258180,+3.06,+15.743, +8.006,+1.037
1680258240,+3.06,+15.734, +8.016,+1.038
1680258300,+3.06,+15.752, +8.006,+1.037
1680258360,+3.06,+15.752, +8.012,+1.037
1680258420,+3.06,+15.769, +8.006,+1.037
1680258480,+3.06,+15.769, +8.007,+1.038
1680258540,+3.06,+15.786, +8.008,+1.038
1680258600,+3.06,+15.794, +7.999,+1.037
1680258660,+3.06,+15.811, +8.003,+1.038
1680258720,+3.06,+15.811, +8.010,+1.038
1680258780,+3.06,+15.837, +7.992,+1.037
1680258840,+3.06,+15.828, +7.997,+1.038
1680258900,+3.06,+15.854, +7.990,+1.037
1680258960,+3.06,+15.837, +7.992,+1.037
1680259020,+3.06,+15.854, +7.996,+1.038
1680259080,+3.06,+15.862, +7.983,+1.037
1680259140,+3.06,+15.880, +7.988,+1.038
1680259200,+3.06,+15.880, +7.990,+1.038
1680259260,+3.06,+15.871, +7.990,+1.037
1680259320,+3.06,+15.880, +7.988,+1.038
1680259380,+3.06,+15.897, +7.980,+1.037
1680259440,+3.06,+15.897, +7.982,+1.037
1680259500,+3.06,+15.905, +7.984,+1.038
1680259560,+3.06,+15.914, +7.986,+1.038
1680259620,+3.06,+15.922, +7.984,+1.038
1680259680,+3.06,+15.922, +7.984,+1.038
1680259740,+3.06,+15.931, +7.976,+1.037
1680259800,+3.06,+15.931, +7.977,+1.037
1680259860,+3.06,+15.939, +7.985,+1.038
1680259920,+3.06,+15.965, +7.976,+1.038
1680259980,+3.06,+15.965, +7.973,+1.038
1680260040,+3.06,+15.982, +7.965,+1.037
1680260100,+3.06,+15.965, +7.981,+1.038
1680260160,+3.06,+15.982, +7.981,+1.038
1680260220,+3.06,+15.990, +7.969,+1.038
1680260280,+3.06,+16.016, +7.966,+1.038
1680260340,+3.06,+16.016, +7.963,+1.037
1680260400,+3.06,+16.016, +7.969,+1.038
1680260460,+3.06,+16.042, +7.955,+1.037
1680260520,+3.06,+16.042, +7.956,+1.037
1680260580,+3.06,+16.042, +7.965,+1.038
1680260640,+3.06,+16.059, +7.955,+1.037
1680260700,+3.06,+16.076, +7.955,+1.038
1680260760,+3.06,+16.076, +7.955,+1.038
1680260820,+3.06,+16.093, +7.946,+1.037
1680260880,+3.06,+16.101, +7.949,+1.037
1680260940,+3.06,+16.093, +7.959,+1.038
1680261000,+3.06,+16.101, +7.946,+1.037
1680261060,+3.06,+16.110, +7.948,+1.038
1680261120,+3.06,+16.110, +7.947,+1.038
1680261180,+3.06,+16.127, +7.938,+1.037
1680261240,+3.06,+16.118, +7.945,+1.037
1680261300,+3.06,+16.135, +7.943,+1.038
1680261360,+3.06,+16.144, +7.943,+1.038
1680261420,+3.06,+16.144, +7.938,+1.037
1680261480,+3.06,+16.144, +7.935,+1.037
1680261540,+3.06,+16.152, +7.942,+1.038
1680261600,+3.06,+16.152, +7.940,+1.038
1680261660,+3.06,+16.161, +7.942,+1.038
1680261720,+3.06,+16.169, +7.937,+1.038
1680261780,+3.06,+16.195, +7.932,+1.038
1680261840,+3.06,+16.195, +7.928,+1.037
1680261900,+3.06,+16.203, +7.921,+1.037
1680261960,+3.06,+16.186, +7.934,+1.038
1680262020,+3.06,+16.195, +7.925,+1.037
1680262080,+3.06,+16.203, +7.931,+1.037
1680262140,+3.06,+16.212, +7.926,+1.038
1680262200,+3.06,+16.229, +7.922,+1.037
1680262260,+3.06,+16.229, +7.924,+1.038
1680262320,+3.06,+16.220, +7.929,+1.038
1680262380,+3.06,+16.229, +7.926,+1.038
1680262440,+3.06,+16.254, +7.922,+1.038
1680262500,+3.06,+16.254, +7.925,+1.038
1680262560,+3.06,+16.263, +7.923,+1.038
1680262620,+3.06,+16.288, +7.918,+1.038
1680262680,+3.06,+16.271, +7.920,+1.037
1680262740,+3.06,+16.297, +7.915,+1.037
1680262800,+3.06,+16.297, +7.914,+1.038
1680262860,+3.06,+16.305, +7.912,+1.038
1680262920,+3.06,+16.305, +7.920,+1.038
1680262980,+3.06,+16.322, +7.906,+1.037
1680263040,+3.06,+16.339, +7.913,+1.038
1680263100,+3.06,+16.339, +7.906,+1.038
1680263160,+3.06,+16.331, +7.903,+1.037
1680263220,+3.06,+16.348, +7.911,+1.038
1680263280,+3.06,+16.348, +7.904,+1.037
1680263340,+3.06,+16.339, +7.905,+1.038
1680263400,+3.06,+16.365, +7.900,+1.038
1680263460,+3.06,+16.365, +7.907,+1.038
1680263520,+3.06,+16.365, +7.907,+1.038
1680263580,+3.06,+16.390, +7.900,+1.038
1680263640,+3.06,+16.407, +7.893,+1.038
1680263700,+3.06,+16.390, +7.900,+1.038
1680263760,+3.06,+16.416, +7.891,+1.038
1680263820,+3.06,+16.407, +7.900,+1.038
1680263880,+3.06,+16.433, +7.891,+1.038
1680263940,+3.06,+16.424, +7.902,+1.038
1680264000,+3.06,+16.416, +7.904,+1.038
1680264060,+3.06,+16.424, +7.897,+1.038
1680264120,+3.06,+16.441, +7.895,+1.038
1680264180,+3.06,+16.458, +7.886,+1.037
1680264240,+3.06,+16.450, +7.894,+1.038
1680264300,+3.06,+16.475, +7.891,+1.038
1680264360,+3.06,+16.475, +7.888,+1.038
1680264420,+3.06,+16.492, +7.882,+1.037
1680264480,+3.06,+16.492, +7.886,+1.038
1680264540,+3.06,+16.509, +7.878,+1.038
1680264600,+3.06,+16.501, +7.879,+1.037
1680264660,+3.06,+16.518, +7.877,+1.037
1680264720,+3.06,+16.518, +7.881,+1.038
1680264780,+3.06,+16.535, +7.874,+1.038
1680264840,+3.06,+16.509, +7.886,+1.038
1680264900,+3.06,+16.535, +7.875,+1.038
1680264960,+3.06,+16.543, +7.879,+1.038
1680265020,+3.06,+16.535, +7.873,+1.038
1680265080,+3.06,+16.560, +7.870,+1.038
1680265140,+3.06,+16.552, +7.865,+1.037
1680265200,+3.06,+16.552, +7.875,+1.038
1680265260,+3.06,+16.560, +7.870,+1.038
1680265320,+3.06,+16.552, +7.873,+1.038
1680265380,+3.06,+16.577, +7.871,+1.038
1680265440,+3.05,+16.586, +7.870,+1.038
1680265500,+3.06,+16.594, +7.861,+1.038
1680265560,+3.05,+16.586, +7.869,+1.038
1680265620,+3.05,+16.611, +7.864,+1.038
1680265680,+3.05,+16.611, +7.872,+1.038
1680265740,+3.05,+16.603, +7.868,+1.038
1680265800,+3.05,+16.620, +7.864,+1.038
1680265860,+3.05,+16.637, +7.861,+1.038
1680265920,+3.05,+16.637, +7.859,+1.038
1680265980,+3.06,+16.645, +7.856,+1.037
1680266040,+3.05,+16.679, +7.843,+1.037
1680266100,+3.06,+16.662, +7.859,+1.038
1680266160,+3.05,+16.671, +7.855,+1.038
1680266220,+3.05,+16.671, +7.858,+1.038
1680266280,+3.05,+16.696, +7.856,+1.038
1680266340,+3.05,+16.688, +7.853,+1.038
1680266400,+3.05,+16.696, +7.854,+1.038
1680266460,+3.05,+16.696, +7.857,+1.038
1680266520,+3.05,+16.705, +7.848,+1.038
1680266580,+3.05,+16.705, +7.847,+1.038
1680266640,+3.05,+16.722, +7.845,+1.038
1680266700,+3.05,+16.739, +7.842,+1.038
1680266760,+3.05,+16.722, +7.843,+1.038
1680266820,+3.05,+16.747, +7.839,+1.038
1680266880,+3.05,+16.739, +7.846,+1.038
1680266940,+3.05,+16.747, +7.842,+1.038
1680267000,+3.05,+16.747, +7.841,+1.038
1680267060,+3.05,+16.764, +7.838,+1.038
1680267120,+3.05,+16.764, +7.842,+1.038
1680267180,+3.06,+16.772, +7.841,+1.038
1680267240,+3.06,+16.772, +7.841,+1.038
1680267300,+3.06,+16.789, +7.837,+1.038
1680267360,+3.06,+16.789, +7.831,+1.037
1680267420,+3.06,+16.789, +7.839,+1.038
1680267480,+3.06,+16.798, +7.831,+1.038
1680267540,+3.06,+16.823, +7.830,+1.038
1680267600,+3.06,+16.815, +7.835,+1.038
1680267660,+3.06,+16.823, +7.839,+1.038
1680267720,+3.06,+16.823, +7.830,+1.038
1680267780,+3.06,+16.823, +7.835,+1.038
1680267840,+3.06,+16.866, +7.818,+1.037
1680267900,+3.06,+16.857, +7.822,+1.038
1680267960,+3.06,+16.866, +7.822,+1.038
1680268020,+3.06,+16.874, +7.823,+1.038
1680268080,+3.06,+16.874, +7.828,+1.038
1680268140,+3.06,+16.857, +7.832,+1.038
1680268200,+3.06,+16.891, +7.820,+1.038
1680268260,+3.06,+16.883, +7.824,+1.038
1680268320,+3.06,+16.900, +7.820,+1.038
1680268380,+3.06,+16.908, +7.820,+1.038
1680268440,+3.06,+16.917, +7.810,+1.037
1680268500,+3.06,+16.925, +7.807,+1.037
1680268560,+3.06,+16.933, +7.808,+1.038
1680268620,+3.06,+16.925, +7.816,+1.038
1680268680,+3.06,+16.925, +7.817,+1.038
1680268740,+3.06,+16.917, +7.822,+1.038
1680268800,+3.06,+16.933, +7.811,+1.038
1680268860,+3.06,+16.950, +7.809,+1.038
1680268920,+3.06,+16.950, +7.815,+1.038
1680268980,+3.06,+16.950, +7.813,+1.038
1680269040,+3.06,+16.976, +7.808,+1.038
1680269100,+3.06,+16.942, +7.813,+1.038
1680269160,+3.06,+16.959, +7.805,+1.038
1680269220,+3.06,+16.984, +7.801,+1.038
1680269280,+3.06,+16.993, +7.804,+1.038
1680269340,+3.06,+16.976, +7.806,+1.038
1680269400,+3.06,+16.993, +7.806,+1.038
1680269460,+3.06,+17.010, +7.795,+1.038
1680269520,+3.06,+16.993, +7.798,+1.038
1680269580,+3.06,+17.001, +7.803,+1.038
1680269640,+3.06,+17.010, +7.800,+1.038
1680269700,+3.06,+17.027, +7.796,+1.038
1680269760,+3.06,+17.010, +7.806,+1.038
1680269820,+3.06,+17.027, +7.802,+1.038
1680269880,+3.06,+17.018, +7.795,+1.037
1680269940,+3.06,+17.044, +7.796,+1.038
1680270000,+3.06,+17.027, +7.799,+1.038
1680270060,+3.06,+17.044, +7.794,+1.038
1680270120,+3.06,+17.044, +7.789,+1.037
1680270180,+3.06,+17.069, +7.794,+1.038
1680270240,+3.06,+17.069, +7.786,+1.038
1680270300,+3.06,+17.077, +7.788,+1.038
1680270360,+3.06,+17.094, +7.793,+1.038
1680270420,+3.06,+17.094, +7.794,+1.038
1680270480,+3.06,+17.094, +7.786,+1.038
1680270540,+3.06,+17.094, +7.797,+1.039
1680270600,+3.06,+17.094, +7.790,+1.038
1680270660,+3.06,+17.094, +7.785,+1.038
1680270720,+3.06,+17.103, +7.795,+1.039
1680270780,+3.06,+17.120, +7.783,+1.038
1680270840,+3.06,+17.128, +7.784,+1.038
1680270900,+3.06,+17.128, +7.784,+1.038
1680270960,+3.06,+17.120, +7.790,+1.038
1680271020,+3.06,+17.120, +7.787,+1.038
1680271080,+3.06,+17.137, +7.788,+1.039
1680271140,+3.06,+17.162, +7.774,+1.038
1680271200,+3.06,+17.145, +7.779,+1.038
1680271260,+3.06,+17.162, +7.778,+1.038
1680271320,+3.06,+17.162, +7.774,+1.038
1680271380,+3.06,+17.154, +7.784,+1.038
1680271440,+3.06,+17.179, +7.775,+1.038
1680271500,+3.06,+17.187, +7.776,+1.038
1680271560,+3.06,+17.187, +7.775,+1.038
1680271620,+3.06,+17.187, +7.773,+1.038
1680271680,+3.06,+17.179, +7.772,+1.038
1680271740,+3.06,+17.204, +7.768,+1.038
1680271800,+3.06,+17.204, +7.772,+1.038
1680271860,+3.06,+17.221, +7.770,+1.038
1680271920,+3.06,+17.213, +7.777,+1.039
1680271980,+3.06,+17.247, +7.770,+1.039
1680272040,+3.06,+17.247, +7.767,+1.038
1680272100,+3.06,+17.255, +7.760,+1.038
1680272160,+3.06,+17.247, +7.761,+1.038
1680272220,+3.06,+17.272, +7.764,+1.038
1680272280,+3.06,+17.272, +7.758,+1.038
1680272340,+3.06,+17.272, +7.765,+1.038
1680272400,+3.06,+17.280, +7.757,+1.038
1680272460,+3.06,+17.280, +7.757,+1.038
1680272520,+3.06,+17.272, +7.760,+1.038
1680272580,+3.06,+17.306, +7.759,+1.038
1680272640,+3.06,+17.297, +7.763,+1.039
1680272700,+3.06,+17.297, +7.762,+1.038
1680272760,+3.06,+17.314, +7.745,+1.038
1680272820,+3.06,+17.280, +7.761,+1.038
1680272880,+3.06,+17.314, +7.751,+1.038
1680272940,+3.06,+17.314, +7.754,+1.038
1680273000,+3.06,+17.314, +7.751,+1.038
1680273060,+3.06,+17.323, +7.750,+1.038
1680273120,+3.06,+17.323, +7.750,+1.038
1680273180,+3.06,+17.331, +7.753,+1.038
1680273240,+3.06,+17.348, +7.749,+1.038
1680273300,+3.06,+17.348, +7.745,+1.038
1680273360,+3.06,+17.340, +7.753,+1.038
1680273420,+3.06,+17.348, +7.750,+1.038
1680273480,+3.06,+17.382, +7.744,+1.038
1680273540,+3.06,+17.356, +7.749,+1.038
1680273600,+3.06,+17.373, +7.745,+1.038
1680273660,+3.06,+17.373, +7.752,+1.038
1680273720,+3.06,+17.399, +7.739,+1.038
1680273780,+3.06,+17.382, +7.749,+1.038
1680273840,+3.06,+17.382, +7.742,+1.038
1680273900,+3.06,+17.407, +7.745,+1.038
1680273960,+3.06,+17.399, +7.748,+1.039
1680274020,+3.06,+17.407, +7.737,+1.038
1680274080,+3.06,+17.424, +7.736,+1.038
1680274140,+3.06,+17.424, +7.738,+1.038
1680274200,+3.06,+17.407, +7.744,+1.038
1680274260,+3.06,+17.441, +7.738,+1.038
1680274320,+3.06,+17.433, +7.734,+1.038
1680274380,+3.06,+17.433, +7.737,+1.038
1680274440,+3.06,+17.449, +7.728,+1.038
1680274500,+3.06,+17.458, +7.733,+1.038
1680274560,+3.06,+17.458, +7.730,+1.038
1680274620,+3.06,+17.458, +7.734,+1.038
1680274680,+3.06,+17.449, +7.731,+1.038
1680274740,+3.06,+17.458, +7.732,+1.038
1680274800,+3.06,+17.449, +7.734,+1.039
1680274860,+3.06,+17.449, +7.728,+1.038
1680274920,+3.06,+17.449, +7.728,+1.038
1680274980,+3.06,+17.449, +7.730,+1.038
1680275040,+3.06,+17.458, +7.727,+1.038
1680275100,+3.06,+17.458, +7.728,+1.038
1680275160,+3.05,+17.475, +7.726,+1.039
1680275220,+3.06,+17.466, +7.719,+1.038
1680275280,+3.05,+17.475, +7.726,+1.038
1680275340,+3.05,+17.483, +7.718,+1.038
1680275400,+3.05,+17.492, +7.713,+1.038
1680275460,+3.05,+17.483, +7.721,+1.038
1680275520,+3.05,+17.492, +7.713,+1.038
1680275580,+3.05,+17.483, +7.720,+1.038
1680275640,+3.05,+17.492, +7.717,+1.038
1680275700,+3.05,+17.525, +7.705,+1.038
1680275760,+3.05,+17.492, +7.719,+1.038
1680275820,+3.05,+17.500, +7.715,+1.038
1680275880,+3.05,+17.517, +7.709,+1.038
1680275940,+3.05,+17.525, +7.714,+1.038
1680276000,+3.05,+17.525, +7.711,+1.038
1680276060,+3.05,+17.542, +7.713,+1.038
1680276120,+3.05,+17.551, +7.699,+1.038
1680276180,+3.05,+17.542, +7.704,+1.038
1680276240,+3.05,+17.542, +7.704,+1.038
1680276300,+3.05,+17.559, +7.698,+1.038
1680276360,+3.05,+17.559, +7.705,+1.039
1680276420,+3.05,+17.559, +7.706,+1.039
1680276480,+3.05,+17.551, +7.698,+1.038
1680276540,+3.05,+17.559, +7.707,+1.039
1680276600,+3.05,+17.559, +7.703,+1.038
1680276660,+3.05,+17.576, +7.705,+1.039
1680276720,+3.05,+17.559, +7.706,+1.039
1680276780,+3.05,+17.551, +7.708,+1.038
1680276840,+3.05,+17.559, +7.700,+1.038
1680276900,+3.05,+17.568, +7.700,+1.038
1680276960,+3.05,+17.559, +7.705,+1.038
1680277020,+3.05,+17.593, +7.697,+1.039
1680277080,+3.05,+17.584, +7.692,+1.038
1680277140,+3.05,+17.576, +7.697,+1.038
1680277200,+3.05,+17.559, +7.705,+1.038
1680277260,+3.05,+17.584, +7.706,+1.039
1680277320,+3.05,+17.576, +7.708,+1.039
1680277380,+3.05,+17.584, +7.707,+1.038
1680277440,+3.05,+17.568, +7.713,+1.039
1680277500,+3.05,+17.568, +7.713,+1.039
1680277560,+3.05,+17.610, +7.698,+1.038
1680277620,+3.05,+17.593, +7.708,+1.039
1680277680,+3.05,+17.576, +7.708,+1.038
1680277740,+3.05,+17.584, +7.704,+1.038
1680277800,+3.05,+17.593, +7.712,+1.039
1680277860,+3.05,+17.610, +7.696,+1.038
1680277920,+3.05,+17.593, +7.706,+1.039
1680277980,+3.05,+17.584, +7.710,+1.039
1680278040,+3.05,+17.610, +7.701,+1.038
1680278100,+3.05,+17.610, +7.703,+1.039
1680278160,+3.05,+17.610, +7.707,+1.039
1680278220,+3.05,+17.601, +7.707,+1.039
1680278280,+3.05,+17.618, +7.699,+1.038
1680278340,+3.05,+17.627, +7.696,+1.038
1680278400,+3.05,+17.618, +7.700,+1.038
1680278460,+3.05,+17.627, +7.697,+1.039
1680278520,+3.05,+17.644, +7.691,+1.039
1680278580,+3.05,+17.618, +7.691,+1.039
1680278640,+3.05,+17.610, +7.699,+1.039
1680278700,+3.05,+17.627, +7.698,+1.039
1680278760,+3.05,+17.644, +7.698,+1.039
1680278820,+3.05,+17.618, +7.707,+1.039
1680278880,+3.05,+17.635, +7.699,+1.039
1680278940,+3.05,+17.627, +7.695,+1.038
1680279000,+3.05,+17.644, +7.698,+1.039
1680279060,+3.05,+17.644, +7.698,+1.039
1680279120,+3.05,+17.644, +7.693,+1.038
1680279180,+3.05,+17.644, +7.697,+1.038
1680279240,+3.05,+17.644, +7.697,+1.039
1680279300,+3.05,+17.652, +7.702,+1.039
1680279360,+3.05,+17.660, +7.687,+1.038
1680279420,+3.05,+17.644, +7.697,+1.039
1680279480,+3.05,+17.652, +7.691,+1.038
1680279540,+3.05,+17.644, +7.698,+1.039
1680279600,+3.05,+17.660, +7.693,+1.039
1680279660,+3.05,+17.652, +7.694,+1.039
1680279720,+3.05,+17.652, +7.692,+1.039
1680279780,+3.05,+17.644, +7.692,+1.039
1680279840,+3.05,+17.669, +7.691,+1.039
1680279900,+3.05,+17.669, +7.692,+1.039
1680279960,+3.05,+17.644, +7.697,+1.039
1680280020,+3.05,+17.677, +7.685,+1.039
1680280080,+3.05,+17.677, +7.683,+1.038
1680280140,+3.05,+17.677, +7.684,+1.039
1680280200,+3.05,+17.660, +7.683,+1.039
1680280260,+3.05,+17.677, +7.674,+1.039
1680280320,+3.05,+17.669, +7.677,+1.039
1680280380,+3.05,+17.686, +7.664,+1.038
1680280440,+3.05,+17.660, +7.683,+1.039
1680280500,+3.05,+17.669, +7.680,+1.039
1680280560,+3.05,+17.686, +7.674,+1.039
1680280620,+3.05,+17.677, +7.677,+1.039
1680280680,+3.05,+17.677, +7.673,+1.039
1680280740,+3.05,+17.677, +7.675,+1.039
1680280800,+3.05,+17.686, +7.673,+1.039
1680280860,+3.05,+17.677, +7.680,+1.039
1680280920,+3.05,+17.677, +7.677,+1.039
1680280980,+3.05,+17.677, +7.680,+1.039
1680281040,+3.05,+17.677, +7.682,+1.039
1680281100,+3.05,+17.686, +7.685,+1.039
1680281160,+3.05,+17.694, +7.678,+1.039
1680281220,+3.05,+17.677, +7.681,+1.039
1680281280,+3.05,+17.686, +7.684,+1.039
1680281340,+3.05,+17.677, +7.680,+1.039
1680281400,+3.05,+17.703, +7.670,+1.038
1680281460,+3.05,+17.703, +7.683,+1.039
1680281520,+3.05,+17.694, +7.677,+1.038
1680281580,+3.05,+17.703, +7.676,+1.039
1680281640,+3.05,+17.703, +7.680,+1.039
1680281700,+3.05,+17.719, +7.674,+1.039
1680281760,+3.05,+17.711, +7.674,+1.039
1680281820,+3.05,+17.711, +7.668,+1.039
1680281880,+3.05,+17.711, +7.667,+1.038
1680281940,+3.05,+17.694, +7.673,+1.039
1680282000,+3.05,+17.703, +7.681,+1.039
1680282060,+3.05,+17.711, +7.663,+1.039
1680282120,+3.05,+17.694, +7.660,+1.038
1680282180,+3.05,+17.694, +7.666,+1.039
1680282240,+3.05,+17.703, +7.667,+1.039
1680282300,+3.05,+17.694, +7.668,+1.039
1680282360,+3.05,+17.703, +7.661,+1.039
1680282420,+3.05,+17.694, +7.669,+1.039
1680282480,+3.05,+17.694, +7.666,+1.039
1680282540,+3.05,+17.703, +7.665,+1.039
1680282600,+3.05,+17.686, +7.671,+1.039
1680282660,+3.05,+17.694, +7.667,+1.039
1680282720,+3.05,+17.694, +7.675,+1.039
1680282780,+3.05,+17.677, +7.673,+1.039
1680282840,+3.05,+17.686, +7.676,+1.039
1680282900,+3.05,+17.686, +7.669,+1.039
1680282960,+3.05,+17.669, +7.671,+1.038
1680283020,+3.05,+17.719, +7.661,+1.039
1680283080,+3.05,+17.703, +7.670,+1.039
1680283140,+3.05,+17.711, +7.667,+1.039
1680283200,+3.05,+17.669, +7.680,+1.039
1680283260,+3.05,+17.694, +7.670,+1.039
1680283320,+3.05,+17.694, +7.675,+1.039
1680283380,+3.05,+17.703, +7.667,+1.039
1680283440,+3.05,+17.703, +7.672,+1.039
1680283500,+3.05,+17.694, +7.672,+1.039
1680283560,+3.05,+17.711, +7.670,+1.039
1680283620,+3.05,+17.703, +7.681,+1.040
1680283680,+3.05,+17.694, +7.670,+1.039
1680283740,+3.05,+17.711, +7.665,+1.039
1680283800,+3.05,+17.719, +7.662,+1.039
1680283860,+3.05,+17.719, +7.667,+1.039
1680283920,+3.05,+17.711, +7.665,+1.039
1680283980,+3.05,+17.711, +7.671,+1.039
1680284040,+3.05,+17.703, +7.677,+1.040
1680284100,+3.05,+17.711, +7.672,+1.039
1680284160,+3.05,+17.711, +7.663,+1.039
1680284220,+3.05,+17.694, +7.671,+1.039
1680284280,+3.05,+17.703, +7.664,+1.039
1680284340,+3.05,+17.703, +7.666,+1.039
1680284400,+3.05,+17.694, +7.671,+1.039
1680284460,+3.05,+17.719, +7.653,+1.039
1680284520,+3.05,+17.694, +7.665,+1.039
1680284580,+3.05,+17.703, +7.665,+1.039
1680284640,+3.05,+17.703, +7.661,+1.039
1680284700,+3.05,+17.711, +7.660,+1.039
1680284760,+3.05,+17.686, +7.669,+1.039
1680284820,+3.05,+17.694, +7.672,+1.039
1680284880,+3.05,+17.694, +7.667,+1.039
1680284940,+3.05,+17.686, +7.673,+1.039
1680285000,+3.05,+17.703, +7.668,+1.039
1680285060,+3.05,+17.703, +7.665,+1.039
1680285120,+3.05,+17.686, +7.672,+1.039
1680285180,+3.05,+17.703, +7.666,+1.039
1680285240,+3.05,+17.719, +7.666,+1.039
1680285300,+3.05,+17.703, +7.672,+1.039
1680285360,+3.05,+17.719, +7.667,+1.039
1680285420,+3.05,+17.719, +7.662,+1.039
1680285480,+3.05,+17.736, +7.652,+1.039
1680285540,+3.05,+17.728, +7.661,+1.040
1680285600,+3.05,+17.728, +7.654,+1.039
1680285660,+3.05,+17.728, +7.650,+1.039
1680285720,+3.05,+17.736, +7.641,+1.039
1680285780,+3.05,+17.728, +7.646,+1.039
1680285840,+3.05,+17.719, +7.644,+1.039
1680285900,+3.05,+17.719, +7.646,+1.039
1680285960,+3.05,+17.703, +7.650,+1.039
1680286020,+3.05,+17.703, +7.646,+1.039
1680286080,+3.05,+17.728, +7.635,+1.039
1680286140,+3.05,+17.686, +7.659,+1.039
1680286200,+3.05,+17.694, +7.653,+1.039
1680286260,+3.05,+17.686, +7.663,+1.039
1680286320,+3.05,+17.686, +7.669,+1.039
1680286380,+3.05,+17.703, +7.661,+1.039
1680286440,+3.05,+17.694, +7.671,+1.039
1680286500,+3.05,+17.677, +7.678,+1.039
1680286560,+3.05,+17.686, +7.679,+1.040
1680286620,+3.05,+17.711, +7.666,+1.039
1680286680,+3.05,+17.694, +7.671,+1.039
1680286740,+3.05,+17.694, +7.671,+1.039
1680286800,+3.05,+17.694, +7.677,+1.040
1680286860,+3.05,+17.703, +7.662,+1.039
1680286920,+3.05,+17.694, +7.670,+1.039
1680286980,+3.05,+17.711, +7.670,+1.040
1680287040,+3.05,+17.711, +7.665,+1.039
1680287100,+3.05,+17.694, +7.671,+1.039
1680287160,+3.05,+17.719, +7.658,+1.039
1680287220,+3.05,+17.719, +7.655,+1.039
1680287280,+3.05,+17.728, +7.660,+1.039
1680287340,+3.05,+17.711, +7.660,+1.040
1680287400,+3.05,+17.703, +7.657,+1.039
1680287460,+3.05,+17.703, +7.657,+1.039
1680287520,+3.05,+17.711, +7.648,+1.039
1680287580,+3.05,+17.711, +7.655,+1.040
1680287640,+3.05,+17.728, +7.645,+1.039
1680287700,+3.05,+17.711, +7.649,+1.040
1680287760,+3.05,+17.711, +7.643,+1.039
1680287820,+3.05,+17.703, +7.651,+1.040
1680287880,+3.05,+17.719, +7.641,+1.039
1680287940,+3.05,+17.694, +7.654,+1.040
1680288000,+3.05,+17.703, +7.642,+1.039
1680288060,+3.05,+17.711, +7.646,+1.039
1680288120,+3.05,+17.711, +7.641,+1.039
1680288180,+3.05,+17.703, +7.648,+1.039
1680288240,+3.05,+17.711, +7.647,+1.040
1680288300,+3.05,+17.711, +7.648,+1.040
1680288360,+3.05,+17.719, +7.640,+1.039
1680288420,+3.05,+17.711, +7.641,+1.039
1680288480,+3.05,+17.703, +7.649,+1.040
1680288540,+3.05,+17.711, +7.650,+1.040
1680288600,+3.05,+17.703, +7.643,+1.039
1680288660,+3.05,+17.736, +7.636,+1.039
1680288720,+3.05,+17.711, +7.644,+1.039
1680288780,+3.05,+17.711, +7.644,+1.039
1680288840,+3.05,+17.719, +7.646,+1.040
1680288900,+3.05,+17.719, +7.635,+1.039
1680288960,+3.05,+17.736, +7.626,+1.039
1680289020,+3.05,+17.736, +7.631,+1.039
1680289080,+3.05,+17.728, +7.633,+1.039
1680289140,+3.05,+17.736, +7.630,+1.039
1680289200,+3.05,+17.719, +7.631,+1.039
1680289260,+3.05,+17.711, +7.638,+1.040
1680289320,+3.05,+17.719, +7.628,+1.039
1680289380,+3.05,+17.694, +7.632,+1.039
1680289440,+3.05,+17.703, +7.640,+1.040
1680289500,+3.05,+17.686, +7.637,+1.040
1680289560,+3.05,+17.694, +7.639,+1.040
1680289620,+3.05,+17.677, +7.632,+1.039
1680289680,+3.05,+17.686, +7.631,+1.039
1680289740,+3.05,+17.694, +7.630,+1.040
1680289800,+3.05,+17.686, +7.635,+1.040
1680289860,+3.05,+17.677, +7.634,+1.039
1680289920,+3.05,+17.694, +7.633,+1.039
1680289980,+3.05,+17.677, +7.641,+1.040
1680290040,+3.05,+17.669, +7.639,+1.040
1680290100,+3.05,+17.677, +7.632,+1.039
1680290160,+3.05,+17.669, +7.638,+1.039
1680290220,+3.05,+17.677, +7.637,+1.040
1680290280,+3.05,+17.677, +7.635,+1.039
1680290340,+3.05,+17.669, +7.642,+1.040
1680290400,+3.05,+17.660, +7.644,+1.040
1680290460,+3.05,+17.686, +7.639,+1.040
1680290520,+3.05,+17.677, +7.641,+1.040
1680290580,+3.05,+17.686, +7.632,+1.039
1680290640,+3.05,+17.694, +7.631,+1.039
1680290700,+3.05,+17.686, +7.637,+1.040
1680290760,+3.05,+17.686, +7.635,+1.039
1680290820,+3.05,+17.686, +7.641,+1.040
1680290880,+3.05,+17.711, +7.630,+1.040
1680290940,+3.05,+17.711, +7.632,+1.040
1680291000,+3.05,+17.686, +7.632,+1.039
1680291060,+3.05,+17.686, +7.626,+1.039
1680291120,+3.05,+17.694, +7.620,+1.040
1680291180,+3.05,+17.686, +7.616,+1.040
1680291240,+3.05,+17.686, +7.619,+1.040
1680291300,+3.05,+17.677, +7.605,+1.039
1680291360,+3.05,+17.660, +7.608,+1.040
1680291420,+3.05,+17.677, +7.601,+1.039
1680291480,+3.05,+17.652, +7.613,+1.040
1680291540,+3.05,+17.635, +7.616,+1.040
1680291600,+3.05,+17.635, +7.612,+1.040
1680291660,+3.05,+17.652, +7.599,+1.039
1680291720,+3.05,+17.635, +7.605,+1.039
1680291780,+3.05,+17.635, +7.607,+1.039
1680291840,+3.05,+17.635, +7.611,+1.040
1680291900,+3.05,+17.627, +7.606,+1.039
1680291960,+3.05,+17.618, +7.613,+1.040
1680292020,+3.05,+17.635, +7.606,+1.039
1680292080,+3.05,+17.635, +7.616,+1.040
1680292140,+3.05,+17.644, +7.605,+1.039
1680292200,+3.05,+17.635, +7.614,+1.040
1680292260,+3.05,+17.635, +7.612,+1.040
1680292320,+3.05,+17.618, +7.615,+1.040
1680292380,+3.05,+17.627, +7.612,+1.040
1680292440,+3.05,+17.627, +7.607,+1.039
1680292500,+3.05,+17.644, +7.610,+1.040
1680292560,+3.05,+17.610, +7.613,+1.040
1680292620,+3.05,+17.627, +7.608,+1.040
1680292680,+3.05,+17.644, +7.604,+1.040
1680292740,+3.05,+17.652, +7.606,+1.040
1680292800,+3.05,+17.669, +7.602,+1.040
1680292860,+3.05,+17.652, +7.611,+1.040
1680292920,+3.05,+17.635, +7.613,+1.040
1680292980,+3.05,+17.635, +7.609,+1.040
1680293040,+3.05,+17.644, +7.606,+1.040
1680293100,+3.05,+17.644, +7.597,+1.039
1680293160,+3.05,+17.635, +7.606,+1.040
1680293220,+3.05,+17.644, +7.596,+1.039
1680293280,+3.05,+17.627, +7.603,+1.039
1680293340,+3.05,+17.610, +7.610,+1.040
1680293400,+3.05,+17.601, +7.602,+1.039
1680293460,+3.05,+17.584, +7.603,+1.039
1680293520,+3.05,+17.584, +7.603,+1.039
1680293580,+3.05,+17.584, +7.609,+1.040
1680293640,+3.05,+17.568, +7.616,+1.040
1680293700,+3.05,+17.584, +7.609,+1.040
1680293760,+3.05,+17.593, +7.606,+1.039
1680293820,+3.05,+17.593, +7.612,+1.040
1680293880,+3.05,+17.584, +7.611,+1.039
1680293940,+3.05,+17.584, +7.610,+1.040
1680294000,+3.05,+17.576, +7.616,+1.040
1680294060,+3.05,+17.584, +7.614,+1.040
1680294120,+3.05,+17.568, +7.619,+1.040
1680294180,+3.05,+17.576, +7.614,+1.039
1680294240,+3.05,+17.568, +7.621,+1.040
1680294300,+3.05,+17.584, +7.610,+1.039
1680294360,+3.05,+17.559, +7.615,+1.039
1680294420,+3.05,+17.593, +7.612,+1.040
1680294480,+3.05,+17.593, +7.614,+1.040
1680294540,+3.05,+17.593, +7.610,+1.040
1680294600,+3.05,+17.584, +7.613,+1.040
1680294660,+3.05,+17.584, +7.616,+1.040
1680294720,+3.05,+17.584, +7.619,+1.040
1680294780,+3.05,+17.601, +7.614,+1.040
1680294840,+3.05,+17.601, +7.607,+1.039
1680294900,+3.05,+17.601, +7.609,+1.039
1680294960,+3.05,+17.610, +7.614,+1.040
1680295020,+3.05,+17.627, +7.604,+1.040
1680295080,+3.05,+17.601, +7.612,+1.040
1680295140,+3.05,+17.627, +7.604,+1.040
1680295200,+3.05,+17.610, +7.600,+1.040
1680295260,+3.05,+17.618, +7.590,+1.040
1680295320,+3.05,+17.610, +7.581,+1.039
1680295380,+3.05,+17.618, +7.575,+1.040
1680295440,+3.05,+17.593, +7.581,+1.040
1680295500,+3.05,+17.584, +7.579,+1.039
1680295560,+3.05,+17.576, +7.587,+1.039
1680295620,+3.05,+17.576, +7.594,+1.040
1680295680,+3.05,+17.568, +7.601,+1.040
1680295740,+3.05,+17.559, +7.601,+1.040
1680295800,+3.05,+17.559, +7.602,+1.040
1680295860,+3.05,+17.559, +7.600,+1.039
1680295920,+3.05,+17.559, +7.605,+1.040
1680295980,+3.05,+17.534, +7.610,+1.040
1680296040,+3.05,+17.542, +7.613,+1.040
1680296100,+3.05,+17.559, +7.604,+1.040
1680296160,+3.05,+17.551, +7.605,+1.040
1680296220,+3.05,+17.525, +7.619,+1.040
1680296280,+3.05,+17.542, +7.606,+1.040
1680296340,+3.05,+17.542, +7.602,+1.039
1680296400,+3.05,+17.551, +7.606,+1.040
1680296460,+3.05,+17.559, +7.597,+1.040
1680296520,+3.05,+17.525, +7.613,+1.040
1680296580,+3.05,+17.542, +7.603,+1.040
1680296640,+3.05,+17.551, +7.599,+1.039
1680296700,+3.05,+17.551, +7.605,+1.040
1680296760,+3.05,+17.551, +7.604,+1.040
1680296820,+3.05,+17.542, +7.606,+1.040
1680296880,+3.05,+17.559, +7.599,+1.040
1680296940,+3.05,+17.568, +7.596,+1.040
1680297000,+3.05,+17.568, +7.595,+1.040
1680297060,+3.05,+17.568, +7.599,+1.040
1680297120,+3.05,+17.568, +7.590,+1.039
1680297180,+3.05,+17.576, +7.593,+1.040
1680297240,+3.05,+17.584, +7.588,+1.040
1680297300,+3.05,+17.576, +7.584,+1.040
1680297360,+3.05,+17.576, +7.593,+1.041
1680297420,+3.05,+17.559, +7.583,+1.040
1680297480,+3.05,+17.568, +7.575,+1.040
1680297540,+3.05,+17.568, +7.571,+1.040
1680297600,+3.05,+17.551, +7.578,+1.040
1680297660,+3.05,+17.542, +7.579,+1.040
1680297720,+3.05,+17.551, +7.577,+1.040
1680297780,+3.05,+17.551, +7.572,+1.039
1680297840,+3.05,+17.525, +7.582,+1.040
1680297900,+3.05,+17.525, +7.587,+1.040
1680297960,+3.05,+17.517, +7.590,+1.040
1680298020,+3.05,+17.525, +7.590,+1.040
1680298080,+3.05,+17.517, +7.588,+1.040
1680298140,+3.05,+17.509, +7.591,+1.040
1680298200,+3.05,+17.500, +7.598,+1.040
1680298260,+3.05,+17.517, +7.591,+1.040
1680298320,+3.05,+17.534, +7.582,+1.040
1680298380,+3.05,+17.509, +7.592,+1.040
1680298440,+3.05,+17.509, +7.597,+1.040
1680298500,+3.05,+17.525, +7.590,+1.040
1680298560,+3.05,+17.525, +7.579,+1.039
1680298620,+3.05,+17.517, +7.582,+1.040
1680298680,+3.05,+17.534, +7.582,+1.040
1680298740,+3.05,+17.517, +7.589,+1.040
1680298800,+3.05,+17.525, +7.583,+1.040
1680298860,+3.05,+17.534, +7.580,+1.040
1680298920,+3.05,+17.534, +7.576,+1.040
1680298980,+3.05,+17.525, +7.580,+1.040
1680299040,+3.05,+17.542, +7.573,+1.039
1680299100,+3.05,+17.551, +7.573,+1.040
1680299160,+3.05,+17.534, +7.580,+1.040
1680299220,+3.05,+17.542, +7.574,+1.040
1680299280,+3.05,+17.551, +7.570,+1.039
1680299340,+3.05,+17.551, +7.577,+1.040
1680299400,+3.05,+17.551, +7.562,+1.039
1680299460,+3.05,+17.559, +7.558,+1.039
1680299520,+3.05,+17.559, +7.562,+1.040
1680299580,+3.05,+17.534, +7.565,+1.040
1680299640,+3.05,+17.551, +7.560,+1.040
1680299700,+3.05,+17.551, +7.548,+1.039
1680299760,+3.05,+17.525, +7.551,+1.039
1680299820,+3.05,+17.525, +7.554,+1.040
1680299880,+3.05,+17.509, +7.553,+1.040
1680299940,+3.05,+17.500, +7.552,+1.039
1680300000,+3.05,+17.534, +7.548,+1.040
1680300060,+3.05,+17.492, +7.558,+1.040
1680300120,+3.05,+17.509, +7.549,+1.040
1680300180,+3.05,+17.500, +7.552,+1.040
1680300240,+3.05,+17.500, +7.557,+1.040
1680300300,+3.05,+17.492, +7.554,+1.040
1680300360,+3.05,+17.483, +7.556,+1.040
1680300420,+3.05,+17.492, +7.552,+1.040
1680300480,+3.05,+17.483, +7.556,+1.040
1680300540,+3.05,+17.500, +7.548,+1.039
1680300600,+3.05,+17.492, +7.552,+1.039
1680300660,+3.05,+17.483, +7.559,+1.040
1680300720,+3.05,+17.509, +7.554,+1.040
1680300780,+3.05,+17.500, +7.558,+1.040
1680300840,+3.05,+17.483, +7.557,+1.039
1680300900,+3.05,+17.492, +7.558,+1.040
1680300960,+3.05,+17.509, +7.549,+1.040
1680301020,+3.05,+17.509, +7.553,+1.040
1680301080,+3.05,+17.500, +7.561,+1.040
1680301140,+3.05,+17.525, +7.549,+1.040
1680301200,+3.05,+17.525, +7.546,+1.039
1680301260,+3.05,+17.517, +7.551,+1.040
1680301320,+3.05,+17.517, +7.554,+1.040
1680301380,+3.05,+17.534, +7.546,+1.040
1680301440,+3.05,+17.517, +7.550,+1.040
1680301500,+3.05,+17.525, +7.552,+1.040
1680301560,+3.05,+17.534, +7.546,+1.040
1680301620,+3.05,+17.542, +7.534,+1.039
1680301680,+3.05,+17.534, +7.531,+1.040
1680301740,+3.05,+17.509, +7.537,+1.040
1680301800,+3.05,+17.525, +7.523,+1.040
1680301860,+3.05,+17.509, +7.523,+1.040
1680301920,+3.05,+17.525, +7.523,+1.040
1680301980,+3.05,+17.509, +7.523,+1.040
1680302040,+3.05,+17.475, +7.531,+1.039
1680302100,+3.05,+17.492, +7.531,+1.040
1680302160,+3.05,+17.483, +7.531,+1.039
1680302220,+3.05,+17.475, +7.536,+1.040
1680302280,+3.05,+17.483, +7.538,+1.040
1680302340,+3.05,+17.483, +7.534,+1.040
1680302400,+3.05,+17.492, +7.542,+1.040
1680302460,+3.05,+17.483, +7.535,+1.040
1680302520,+3.05,+17.466, +7.539,+1.040
1680302580,+3.05,+17.475, +7.535,+1.039
1680302640,+3.05,+17.475, +7.541,+1.040
1680302700,+3.05,+17.466, +7.528,+1.039
1680302760,+3.05,+17.483, +7.540,+1.040
1680302820,+3.05,+17.458, +7.545,+1.040
1680302880,+3.05,+17.475, +7.539,+1.040
1680302940,+3.05,+17.466, +7.537,+1.039
1680303000,+3.05,+17.483, +7.536,+1.040
1680303060,+3.05,+17.492, +7.532,+1.040
1680303120,+3.05,+17.475, +7.536,+1.040
1680303180,+3.05,+17.483, +7.534,+1.040
1680303240,+3.05,+17.492, +7.536,+1.040
1680303300,+3.05,+17.483, +7.537,+1.040
1680303360,+3.05,+17.500, +7.527,+1.040
1680303420,+3.05,+17.500, +7.532,+1.040
1680303480,+3.05,+17.500, +7.533,+1.040
1680303540,+3.05,+17.525, +7.523,+1.040
1680303600,+3.05,+17.500, +7.521,+1.040
1680303660,+3.05,+17.500, +7.525,+1.040
1680303720,+3.05,+17.517, +7.517,+1.040
1680303780,+3.05,+17.517, +7.513,+1.040
1680303840,+3.05,+17.500, +7.506,+1.039
1680303900,+3.05,+17.509, +7.504,+1.040
1680303960,+3.05,+17.475, +7.509,+1.040
1680304020,+3.05,+17.475, +7.506,+1.039
1680304080,+3.05,+17.466, +7.506,+1.040
1680304140,+3.05,+17.466, +7.512,+1.040
1680304200,+3.05,+17.466, +7.518,+1.040
1680304260,+3.05,+17.466, +7.513,+1.039
1680304320,+3.05,+17.433, +7.537,+1.040
1680304380,+3.05,+17.458, +7.527,+1.040
1680304440,+3.05,+17.475, +7.531,+1.040
1680304500,+3.05,+17.458, +7.526,+1.040
1680304560,+3.05,+17.441, +7.534,+1.040
1680304620,+3.05,+17.458, +7.528,+1.040
1680304680,+3.05,+17.475, +7.529,+1.040
1680304740,+3.05,+17.475, +7.528,+1.040
1680304800,+3.05,+17.475, +7.526,+1.040
1680304860,+3.05,+17.458, +7.535,+1.040
1680304920,+3.05,+17.458, +7.532,+1.040
1680304980,+3.05,+17.466, +7.527,+1.040
1680305040,+3.05,+17.449, +7.536,+1.040
1680305100,+3.05,+17.475, +7.529,+1.040
1680305160,+3.05,+17.466, +7.528,+1.040
1680305220,+3.05,+17.475, +7.527,+1.040
1680305280,+3.05,+17.475, +7.530,+1.040
1680305340,+3.05,+17.483, +7.523,+1.040
1680305400,+3.05,+17.483, +7.530,+1.040
1680305460,+3.05,+17.475, +7.523,+1.040
1680305520,+3.05,+17.500, +7.522,+1.040
1680305580,+3.05,+17.509, +7.524,+1.040
1680305640,+3.05,+17.517, +7.509,+1.040
1680305700,+3.05,+17.509, +7.514,+1.040
1680305760,+3.05,+17.500, +7.506,+1.040
1680305820,+3.05,+17.492, +7.517,+1.041
1680305880,+3.05,+17.492, +7.501,+1.040
1680305940,+3.05,+17.509, +7.504,+1.040
1680306000,+3.05,+17.492, +7.499,+1.040
1680306060,+3.05,+17.500, +7.486,+1.040
1680306120,+3.05,+17.509, +7.481,+1.040
1680306180,+3.05,+17.483, +7.490,+1.040
1680306240,+3.05,+17.492, +7.492,+1.040
1680306300,+3.05,+17.475, +7.493,+1.040
1680306360,+3.05,+17.466, +7.503,+1.040
1680306420,+3.05,+17.458, +7.499,+1.039
1680306480,+3.05,+17.449, +7.509,+1.040
1680306540,+3.05,+17.466, +7.498,+1.040
1680306600,+3.05,+17.441, +7.497,+1.039
1680306660,+3.05,+17.458, +7.497,+1.040
1680306720,+3.05,+17.449, +7.499,+1.040
1680306780,+3.05,+17.466, +7.496,+1.040
1680306840,+3.05,+17.458, +7.499,+1.040
1680306900,+3.05,+17.458, +7.496,+1.039
1680306960,+3.05,+17.458, +7.499,+1.040
1680307020,+3.05,+17.483, +7.490,+1.040
1680307080,+3.05,+17.483, +7.496,+1.040
1680307140,+3.05,+17.466, +7.497,+1.040
1680307200,+3.05,+17.475, +7.487,+1.039
1680307260,+3.05,+17.475, +7.497,+1.040
1680307320,+3.05,+17.492, +7.490,+1.040
1680307380,+3.05,+17.466, +7.498,+1.040
1680307440,+3.05,+17.492, +7.494,+1.040
1680307500,+3.05,+17.500, +7.490,+1.040
1680307560,+3.05,+17.509, +7.493,+1.040
1680307620,+3.05,+17.509, +7.488,+1.040
1680307680,+3.05,+17.509, +7.485,+1.040
1680307740,+3.05,+17.509, +7.479,+1.039
1680307800,+3.05,+17.509, +7.477,+1.040
1680307860,+3.05,+17.509, +7.467,+1.039
1680307920,+3.05,+17.500, +7.475,+1.040
1680307980,+3.05,+17.500, +7.467,+1.040
1680308040,+3.05,+17.500, +7.455,+1.040
1680308100,+3.05,+17.492, +7.461,+1.040
1680308160,+3.05,+17.475, +7.471,+1.040
1680308220,+3.05,+17.500, +7.465,+1.040
1680308280,+3.05,+17.483, +7.474,+1.040
1680308340,+3.05,+17.475, +7.480,+1.040
1680308400,+3.05,+17.466, +7.488,+1.040
1680308460,+3.05,+17.458, +7.495,+1.040
1680308520,+3.05,+17.466, +7.490,+1.040
1680308580,+3.05,+17.466, +7.496,+1.040
1680308640,+3.05,+17.458, +7.499,+1.040
1680308700,+3.05,+17.475, +7.493,+1.040
1680308760,+3.05,+17.475, +7.496,+1.040
1680308820,+3.05,+17.466, +7.495,+1.040
1680308880,+3.05,+17.466, +7.489,+1.039
1680308940,+3.05,+17.466, +7.491,+1.039
1680309000,+3.05,+17.475, +7.493,+1.040
1680309060,+3.05,+17.483, +7.492,+1.040
1680309120,+3.05,+17.483, +7.486,+1.040
1680309180,+3.05,+17.483, +7.488,+1.040
1680309240,+3.05,+17.492, +7.487,+1.040
1680309300,+3.05,+17.492, +7.478,+1.039
1680309360,+3.05,+17.483, +7.485,+1.039
1680309420,+3.05,+17.500, +7.480,+1.040
1680309480,+3.05,+17.500, +7.487,+1.040
1680309540,+3.05,+17.500, +7.485,+1.040
1680309600,+3.05,+17.500, +7.477,+1.039
1680309660,+3.05,+17.509, +7.475,+1.040
1680309720,+3.05,+17.525, +7.470,+1.040
1680309780,+3.05,+17.525, +7.465,+1.040
1680309840,+3.05,+17.534, +7.456,+1.040
